start_time,end_time,low_freq,high_freq,class,class_prob,det_prob,individual,event,input_file,Recover Folder,SD Card,Site name
11.3685,11.3826,25468.0,29702.0,Nyctalus leisleri,0.461,0.628,-1,Echolocation,/mnt/ubna_data_02/recover-20220901/UBNA_004/20220901_060000.WAV,recover-20220901,UBNA_004,Central Pond
12.6755,12.6886,24609.0,30288.0,Nyctalus leisleri,0.302,0.633,-1,Echolocation,/mnt/ubna_data_02/recover-20220901/UBNA_004/20220901_060000.WAV,recover-20220901,UBNA_004,Central Pond
13.3445,13.3572,25468.0,30416.0,Nyctalus leisleri,0.409,0.652,-1,Echolocation,/mnt/ubna_data_02/recover-20220901/UBNA_004/20220901_060000.WAV,recover-20220901,UBNA_004,Central Pond
15.4765,15.4897,25468.0,30214.0,Nyctalus leisleri,0.378,0.539,-1,Echolocation,/mnt/ubna_data_02/recover-20220901/UBNA_004/20220901_060000.WAV,recover-20220901,UBNA_004,Central Pond
23.2145,23.2284,26328.0,31410.0,Nyctalus leisleri,0.325,0.595,-1,Echolocation,/mnt/ubna_data_02/recover-20220901/UBNA_004/20220901_060000.WAV,recover-20220901,UBNA_004,Central Pond
25.0265,25.0396,25468.0,29593.0,Nyctalus leisleri,0.57,0.68,-1,Echolocation,/mnt/ubna_data_02/recover-20220901/UBNA_004/20220901_060000.WAV,recover-20220901,UBNA_004,Central Pond
26.3395,26.354,23750.0,29476.0,Nyctalus leisleri,0.283,0.508,-1,Echolocation,/mnt/ubna_data_02/recover-20220901/UBNA_004/20220901_060000.WAV,recover-20220901,UBNA_004,Central Pond
27.6085,27.6232,23750.0,29310.0,Nyctalus leisleri,0.277,0.547,-1,Echolocation,/mnt/ubna_data_02/recover-20220901/UBNA_004/20220901_060000.WAV,recover-20220901,UBNA_004,Central Pond
34.2275,34.2414,25468.0,32207.0,Nyctalus leisleri,0.283,0.578,-1,Echolocation,/mnt/ubna_data_02/recover-20220901/UBNA_004/20220901_060000.WAV,recover-20220901,UBNA_004,Central Pond
34.9515,34.965,25468.0,31488.0,Nyctalus leisleri,0.366,0.642,-1,Echolocation,/mnt/ubna_data_02/recover-20220901/UBNA_004/20220901_060000.WAV,recover-20220901,UBNA_004,Central Pond
35.2645,35.2818,25468.0,30360.0,Nyctalus leisleri,0.387,0.573,-1,Echolocation,/mnt/ubna_data_02/recover-20220901/UBNA_004/20220901_060000.WAV,recover-20220901,UBNA_004,Central Pond
36.4955,36.51,26328.0,31318.0,Nyctalus leisleri,0.29,0.604,-1,Echolocation,/mnt/ubna_data_02/recover-20220901/UBNA_004/20220901_060000.WAV,recover-20220901,UBNA_004,Central Pond
42.4275,42.4405,25468.0,31315.0,Nyctalus leisleri,0.315,0.633,-1,Echolocation,/mnt/ubna_data_02/recover-20220901/UBNA_004/20220901_060000.WAV,recover-20220901,UBNA_004,Central Pond
53.167500000000004,53.1806,25468.0,32678.0,Eptesicus serotinus,0.309,0.573,-1,Echolocation,/mnt/ubna_data_02/recover-20220901/UBNA_004/20220901_060000.WAV,recover-20220901,UBNA_004,Central Pond
57.4805,57.4942,24609.0,29200.0,Nyctalus leisleri,0.426,0.571,-1,Echolocation,/mnt/ubna_data_02/recover-20220901/UBNA_004/20220901_060000.WAV,recover-20220901,UBNA_004,Central Pond
63.7205,63.7332,25468.0,30807.0,Nyctalus leisleri,0.296,0.561,-1,Echolocation,/mnt/ubna_data_02/recover-20220901/UBNA_004/20220901_060000.WAV,recover-20220901,UBNA_004,Central Pond
66.4145,66.4292,27187.0,30804.0,Nyctalus leisleri,0.44,0.562,-1,Echolocation,/mnt/ubna_data_02/recover-20220901/UBNA_004/20220901_060000.WAV,recover-20220901,UBNA_004,Central Pond
66.5765,66.5892,26328.0,34692.0,Eptesicus serotinus,0.301,0.575,-1,Echolocation,/mnt/ubna_data_02/recover-20220901/UBNA_004/20220901_060000.WAV,recover-20220901,UBNA_004,Central Pond
69.0235,69.0375,26328.0,31294.0,Nyctalus leisleri,0.331,0.554,-1,Echolocation,/mnt/ubna_data_02/recover-20220901/UBNA_004/20220901_060000.WAV,recover-20220901,UBNA_004,Central Pond
123.4325,123.446,26328.0,30518.0,Nyctalus leisleri,0.314,0.542,-1,Echolocation,/mnt/ubna_data_02/recover-20220901/UBNA_004/20220901_060000.WAV,recover-20220901,UBNA_004,Central Pond
124.2335,124.2472,26328.0,31032.0,Nyctalus leisleri,0.362,0.579,-1,Echolocation,/mnt/ubna_data_02/recover-20220901/UBNA_004/20220901_060000.WAV,recover-20220901,UBNA_004,Central Pond
124.9255,124.9388,26328.0,31951.0,Nyctalus leisleri,0.345,0.526,-1,Echolocation,/mnt/ubna_data_02/recover-20220901/UBNA_004/20220901_060000.WAV,recover-20220901,UBNA_004,Central Pond
147.0735,147.0853,24609.0,29496.0,Nyctalus leisleri,0.28,0.546,-1,Echolocation,/mnt/ubna_data_02/recover-20220901/UBNA_004/20220901_060000.WAV,recover-20220901,UBNA_004,Central Pond
153.8725,153.8861,25468.0,28888.0,Nyctalus leisleri,0.394,0.52,-1,Echolocation,/mnt/ubna_data_02/recover-20220901/UBNA_004/20220901_060000.WAV,recover-20220901,UBNA_004,Central Pond
187.7605,187.7744,24609.0,28809.0,Nyctalus leisleri,0.356,0.534,-1,Echolocation,/mnt/ubna_data_02/recover-20220901/UBNA_004/20220901_060000.WAV,recover-20220901,UBNA_004,Central Pond
191.5315,191.5435,24609.0,30274.0,Nyctalus leisleri,0.357,0.608,-1,Echolocation,/mnt/ubna_data_02/recover-20220901/UBNA_004/20220901_060000.WAV,recover-20220901,UBNA_004,Central Pond
195.0695,195.0827,24609.0,29964.0,Nyctalus leisleri,0.293,0.59,-1,Echolocation,/mnt/ubna_data_02/recover-20220901/UBNA_004/20220901_060000.WAV,recover-20220901,UBNA_004,Central Pond
195.1035,195.1158,24609.0,30181.0,Nyctalus leisleri,0.429,0.613,-1,Echolocation,/mnt/ubna_data_02/recover-20220901/UBNA_004/20220901_060000.WAV,recover-20220901,UBNA_004,Central Pond
195.4355,195.4477,24609.0,31061.0,Nyctalus leisleri,0.27,0.628,-1,Echolocation,/mnt/ubna_data_02/recover-20220901/UBNA_004/20220901_060000.WAV,recover-20220901,UBNA_004,Central Pond
195.5055,195.5195,24609.0,29532.0,Nyctalus leisleri,0.297,0.516,-1,Echolocation,/mnt/ubna_data_02/recover-20220901/UBNA_004/20220901_060000.WAV,recover-20220901,UBNA_004,Central Pond
196.3665,196.3794,24609.0,31092.0,Nyctalus leisleri,0.333,0.63,-1,Echolocation,/mnt/ubna_data_02/recover-20220901/UBNA_004/20220901_060000.WAV,recover-20220901,UBNA_004,Central Pond
197.0775,197.0913,25468.0,30003.0,Nyctalus leisleri,0.333,0.514,-1,Echolocation,/mnt/ubna_data_02/recover-20220901/UBNA_004/20220901_060000.WAV,recover-20220901,UBNA_004,Central Pond
199.7385,199.7503,25468.0,30700.0,Nyctalus leisleri,0.306,0.521,-1,Echolocation,/mnt/ubna_data_02/recover-20220901/UBNA_004/20220901_060000.WAV,recover-20220901,UBNA_004,Central Pond
200.0685,200.0825,24609.0,29515.0,Nyctalus leisleri,0.289,0.51,-1,Echolocation,/mnt/ubna_data_02/recover-20220901/UBNA_004/20220901_060000.WAV,recover-20220901,UBNA_004,Central Pond
200.5155,200.5286,24609.0,31349.0,Nyctalus leisleri,0.434,0.631,-1,Echolocation,/mnt/ubna_data_02/recover-20220901/UBNA_004/20220901_060000.WAV,recover-20220901,UBNA_004,Central Pond
200.6805,200.6975,24609.0,28077.0,Nyctalus leisleri,0.426,0.526,-1,Echolocation,/mnt/ubna_data_02/recover-20220901/UBNA_004/20220901_060000.WAV,recover-20220901,UBNA_004,Central Pond
200.9845,201.0008,24609.0,29033.0,Nyctalus leisleri,0.412,0.597,-1,Echolocation,/mnt/ubna_data_02/recover-20220901/UBNA_004/20220901_060000.WAV,recover-20220901,UBNA_004,Central Pond
201.2805,201.2965,24609.0,30209.0,Nyctalus leisleri,0.435,0.585,-1,Echolocation,/mnt/ubna_data_02/recover-20220901/UBNA_004/20220901_060000.WAV,recover-20220901,UBNA_004,Central Pond
201.3965,201.4069,25468.0,32579.0,Nyctalus leisleri,0.308,0.609,-1,Echolocation,/mnt/ubna_data_02/recover-20220901/UBNA_004/20220901_060000.WAV,recover-20220901,UBNA_004,Central Pond
202.2175,202.2309,26328.0,31091.0,Nyctalus leisleri,0.382,0.522,-1,Echolocation,/mnt/ubna_data_02/recover-20220901/UBNA_004/20220901_060000.WAV,recover-20220901,UBNA_004,Central Pond
202.3545,202.3666,23750.0,29963.0,Nyctalus leisleri,0.442,0.628,-1,Echolocation,/mnt/ubna_data_02/recover-20220901/UBNA_004/20220901_060000.WAV,recover-20220901,UBNA_004,Central Pond
202.7655,202.7791,25468.0,32755.0,Nyctalus leisleri,0.339,0.6,-1,Echolocation,/mnt/ubna_data_02/recover-20220901/UBNA_004/20220901_060000.WAV,recover-20220901,UBNA_004,Central Pond
208.1355,208.15109999999999,24609.0,31186.0,Nyctalus leisleri,0.29,0.548,-1,Echolocation,/mnt/ubna_data_02/recover-20220901/UBNA_004/20220901_060000.WAV,recover-20220901,UBNA_004,Central Pond
214.0605,214.0741,25468.0,32504.0,Eptesicus serotinus,0.267,0.563,-1,Echolocation,/mnt/ubna_data_02/recover-20220901/UBNA_004/20220901_060000.WAV,recover-20220901,UBNA_004,Central Pond
219.80349999999999,219.8168,25468.0,29996.0,Nyctalus leisleri,0.329,0.513,-1,Echolocation,/mnt/ubna_data_02/recover-20220901/UBNA_004/20220901_060000.WAV,recover-20220901,UBNA_004,Central Pond
221.2455,221.2592,25468.0,29904.0,Nyctalus leisleri,0.406,0.549,-1,Echolocation,/mnt/ubna_data_02/recover-20220901/UBNA_004/20220901_060000.WAV,recover-20220901,UBNA_004,Central Pond
222.0155,222.0302,26328.0,31185.0,Nyctalus leisleri,0.334,0.566,-1,Echolocation,/mnt/ubna_data_02/recover-20220901/UBNA_004/20220901_060000.WAV,recover-20220901,UBNA_004,Central Pond
227.1015,227.1142,26328.0,36032.0,Eptesicus serotinus,0.355,0.581,-1,Echolocation,/mnt/ubna_data_02/recover-20220901/UBNA_004/20220901_060000.WAV,recover-20220901,UBNA_004,Central Pond
231.9005,231.9148,24609.0,28127.0,Nyctalus leisleri,0.448,0.635,-1,Echolocation,/mnt/ubna_data_02/recover-20220901/UBNA_004/20220901_060000.WAV,recover-20220901,UBNA_004,Central Pond
233.2985,233.3137,24609.0,30085.0,Nyctalus leisleri,0.213,0.529,-1,Echolocation,/mnt/ubna_data_02/recover-20220901/UBNA_004/20220901_060000.WAV,recover-20220901,UBNA_004,Central Pond
234.4905,234.5044,24609.0,31005.0,Nyctalus leisleri,0.298,0.579,-1,Echolocation,/mnt/ubna_data_02/recover-20220901/UBNA_004/20220901_060000.WAV,recover-20220901,UBNA_004,Central Pond
234.6395,234.652,25468.0,33075.0,Eptesicus serotinus,0.279,0.581,-1,Echolocation,/mnt/ubna_data_02/recover-20220901/UBNA_004/20220901_060000.WAV,recover-20220901,UBNA_004,Central Pond
242.1915,242.1983,40937.0,51744.0,Pipistrellus nathusii,0.478,0.504,-1,Echolocation,/mnt/ubna_data_02/recover-20220901/UBNA_004/20220901_060000.WAV,recover-20220901,UBNA_004,Central Pond
242.6805,242.689,41796.0,50547.0,Pipistrellus nathusii,0.428,0.517,-1,Echolocation,/mnt/ubna_data_02/recover-20220901/UBNA_004/20220901_060000.WAV,recover-20220901,UBNA_004,Central Pond
242.9575,242.9657,40937.0,53891.0,Pipistrellus nathusii,0.595,0.65,-1,Echolocation,/mnt/ubna_data_02/recover-20220901/UBNA_004/20220901_060000.WAV,recover-20220901,UBNA_004,Central Pond
243.1405,243.1479,40078.0,53848.0,Pipistrellus nathusii,0.44,0.507,-1,Echolocation,/mnt/ubna_data_02/recover-20220901/UBNA_004/20220901_060000.WAV,recover-20220901,UBNA_004,Central Pond
243.3065,243.3156,39218.0,55790.0,Pipistrellus nathusii,0.545,0.591,-1,Echolocation,/mnt/ubna_data_02/recover-20220901/UBNA_004/20220901_060000.WAV,recover-20220901,UBNA_004,Central Pond
243.4925,243.5008,39218.0,53962.0,Pipistrellus nathusii,0.478,0.594,-1,Echolocation,/mnt/ubna_data_02/recover-20220901/UBNA_004/20220901_060000.WAV,recover-20220901,UBNA_004,Central Pond
243.5865,243.5966,40078.0,60622.0,Pipistrellus nathusii,0.534,0.59,-1,Echolocation,/mnt/ubna_data_02/recover-20220901/UBNA_004/20220901_060000.WAV,recover-20220901,UBNA_004,Central Pond
243.8585,243.868,40078.0,58268.0,Pipistrellus nathusii,0.512,0.555,-1,Echolocation,/mnt/ubna_data_02/recover-20220901/UBNA_004/20220901_060000.WAV,recover-20220901,UBNA_004,Central Pond
243.9525,243.9629,40078.0,61937.0,Pipistrellus nathusii,0.532,0.607,-1,Echolocation,/mnt/ubna_data_02/recover-20220901/UBNA_004/20220901_060000.WAV,recover-20220901,UBNA_004,Central Pond
244.0545,244.0641,39218.0,64309.0,Pipistrellus nathusii,0.656,0.709,-1,Echolocation,/mnt/ubna_data_02/recover-20220901/UBNA_004/20220901_060000.WAV,recover-20220901,UBNA_004,Central Pond
244.1515,244.1608,39218.0,60763.0,Pipistrellus nathusii,0.641,0.664,-1,Echolocation,/mnt/ubna_data_02/recover-20220901/UBNA_004/20220901_060000.WAV,recover-20220901,UBNA_004,Central Pond
244.2385,244.2475,40078.0,65189.0,Pipistrellus nathusii,0.637,0.695,-1,Echolocation,/mnt/ubna_data_02/recover-20220901/UBNA_004/20220901_060000.WAV,recover-20220901,UBNA_004,Central Pond
244.3565,244.3661,39218.0,59799.0,Pipistrellus nathusii,0.619,0.648,-1,Echolocation,/mnt/ubna_data_02/recover-20220901/UBNA_004/20220901_060000.WAV,recover-20220901,UBNA_004,Central Pond
244.5055,244.5156,39218.0,60224.0,Pipistrellus nathusii,0.599,0.653,-1,Echolocation,/mnt/ubna_data_02/recover-20220901/UBNA_004/20220901_060000.WAV,recover-20220901,UBNA_004,Central Pond
244.5965,244.6071,38359.0,63579.0,Pipistrellus nathusii,0.596,0.654,-1,Echolocation,/mnt/ubna_data_02/recover-20220901/UBNA_004/20220901_060000.WAV,recover-20220901,UBNA_004,Central Pond
244.7665,244.7767,38359.0,65859.0,Pipistrellus nathusii,0.578,0.6,-1,Echolocation,/mnt/ubna_data_02/recover-20220901/UBNA_004/20220901_060000.WAV,recover-20220901,UBNA_004,Central Pond
244.8625,244.8704,40078.0,66164.0,Pipistrellus nathusii,0.656,0.686,-1,Echolocation,/mnt/ubna_data_02/recover-20220901/UBNA_004/20220901_060000.WAV,recover-20220901,UBNA_004,Central Pond
244.9505,244.9598,39218.0,67494.0,Pipistrellus nathusii,0.598,0.628,-1,Echolocation,/mnt/ubna_data_02/recover-20220901/UBNA_004/20220901_060000.WAV,recover-20220901,UBNA_004,Central Pond
245.0325,245.0393,40937.0,67399.0,Pipistrellus nathusii,0.536,0.572,-1,Echolocation,/mnt/ubna_data_02/recover-20220901/UBNA_004/20220901_060000.WAV,recover-20220901,UBNA_004,Central Pond
245.1225,245.1313,40078.0,65086.0,Pipistrellus nathusii,0.493,0.519,-1,Echolocation,/mnt/ubna_data_02/recover-20220901/UBNA_004/20220901_060000.WAV,recover-20220901,UBNA_004,Central Pond
245.2135,245.2224,37500.0,64821.0,Pipistrellus nathusii,0.641,0.669,-1,Echolocation,/mnt/ubna_data_02/recover-20220901/UBNA_004/20220901_060000.WAV,recover-20220901,UBNA_004,Central Pond
245.3045,245.3136,38359.0,63792.0,Pipistrellus nathusii,0.64,0.655,-1,Echolocation,/mnt/ubna_data_02/recover-20220901/UBNA_004/20220901_060000.WAV,recover-20220901,UBNA_004,Central Pond
245.3915,245.3991,39218.0,70354.0,Pipistrellus nathusii,0.493,0.552,-1,Echolocation,/mnt/ubna_data_02/recover-20220901/UBNA_004/20220901_060000.WAV,recover-20220901,UBNA_004,Central Pond
245.4855,245.494,39218.0,60009.0,Pipistrellus nathusii,0.626,0.651,-1,Echolocation,/mnt/ubna_data_02/recover-20220901/UBNA_004/20220901_060000.WAV,recover-20220901,UBNA_004,Central Pond
245.5815,245.5897,38359.0,65897.0,Pipistrellus nathusii,0.603,0.643,-1,Echolocation,/mnt/ubna_data_02/recover-20220901/UBNA_004/20220901_060000.WAV,recover-20220901,UBNA_004,Central Pond
245.6705,245.6776,40078.0,68126.0,Pipistrellus nathusii,0.585,0.609,-1,Echolocation,/mnt/ubna_data_02/recover-20220901/UBNA_004/20220901_060000.WAV,recover-20220901,UBNA_004,Central Pond
245.7655,245.7745,39218.0,65677.0,Pipistrellus nathusii,0.503,0.593,-1,Echolocation,/mnt/ubna_data_02/recover-20220901/UBNA_004/20220901_060000.WAV,recover-20220901,UBNA_004,Central Pond
245.8605,245.8697,38359.0,61299.0,Pipistrellus nathusii,0.521,0.572,-1,Echolocation,/mnt/ubna_data_02/recover-20220901/UBNA_004/20220901_060000.WAV,recover-20220901,UBNA_004,Central Pond
246.1595,246.1682,40937.0,60718.0,Pipistrellus nathusii,0.501,0.53,-1,Echolocation,/mnt/ubna_data_02/recover-20220901/UBNA_004/20220901_060000.WAV,recover-20220901,UBNA_004,Central Pond
246.3185,246.3284,40078.0,59324.0,Pipistrellus nathusii,0.428,0.534,-1,Echolocation,/mnt/ubna_data_02/recover-20220901/UBNA_004/20220901_060000.WAV,recover-20220901,UBNA_004,Central Pond
246.7585,246.7698,40078.0,58107.0,Pipistrellus nathusii,0.494,0.552,-1,Echolocation,/mnt/ubna_data_02/recover-20220901/UBNA_004/20220901_060000.WAV,recover-20220901,UBNA_004,Central Pond
246.9495,246.9568,40078.0,50684.0,Pipistrellus nathusii,0.488,0.522,-1,Echolocation,/mnt/ubna_data_02/recover-20220901/UBNA_004/20220901_060000.WAV,recover-20220901,UBNA_004,Central Pond
247.3045,247.3143,38359.0,46385.0,Pipistrellus nathusii,0.507,0.595,-1,Echolocation,/mnt/ubna_data_02/recover-20220901/UBNA_004/20220901_060000.WAV,recover-20220901,UBNA_004,Central Pond
247.5055,247.5147,38359.0,50460.0,Pipistrellus nathusii,0.542,0.603,-1,Echolocation,/mnt/ubna_data_02/recover-20220901/UBNA_004/20220901_060000.WAV,recover-20220901,UBNA_004,Central Pond
247.6075,247.6161,39218.0,53424.0,Pipistrellus nathusii,0.564,0.589,-1,Echolocation,/mnt/ubna_data_02/recover-20220901/UBNA_004/20220901_060000.WAV,recover-20220901,UBNA_004,Central Pond
248.0525,248.0623,38359.0,45405.0,Pipistrellus nathusii,0.51,0.543,-1,Echolocation,/mnt/ubna_data_02/recover-20220901/UBNA_004/20220901_060000.WAV,recover-20220901,UBNA_004,Central Pond
248.3305,248.3387,38359.0,45063.0,Pipistrellus nathusii,0.464,0.521,-1,Echolocation,/mnt/ubna_data_02/recover-20220901/UBNA_004/20220901_060000.WAV,recover-20220901,UBNA_004,Central Pond
251.3855,251.40370000000001,22890.0,26928.0,Nyctalus leisleri,0.432,0.514,-1,Echolocation,/mnt/ubna_data_02/recover-20220901/UBNA_004/20220901_060000.WAV,recover-20220901,UBNA_004,Central Pond
252.1305,252.1444,23750.0,29587.0,Nyctalus leisleri,0.441,0.642,-1,Echolocation,/mnt/ubna_data_02/recover-20220901/UBNA_004/20220901_060000.WAV,recover-20220901,UBNA_004,Central Pond
253.0095,253.0242,24609.0,29581.0,Nyctalus leisleri,0.418,0.591,-1,Echolocation,/mnt/ubna_data_02/recover-20220901/UBNA_004/20220901_060000.WAV,recover-20220901,UBNA_004,Central Pond
253.44650000000001,253.4629,23750.0,29540.0,Nyctalus leisleri,0.275,0.596,-1,Echolocation,/mnt/ubna_data_02/recover-20220901/UBNA_004/20220901_060000.WAV,recover-20220901,UBNA_004,Central Pond
253.7565,253.7725,23750.0,27219.0,Nyctalus leisleri,0.539,0.606,-1,Echolocation,/mnt/ubna_data_02/recover-20220901/UBNA_004/20220901_060000.WAV,recover-20220901,UBNA_004,Central Pond
254.4215,254.4356,25468.0,31421.0,Nyctalus leisleri,0.282,0.51,-1,Echolocation,/mnt/ubna_data_02/recover-20220901/UBNA_004/20220901_060000.WAV,recover-20220901,UBNA_004,Central Pond
255.6825,255.6996,24609.0,28239.0,Nyctalus leisleri,0.403,0.569,-1,Echolocation,/mnt/ubna_data_02/recover-20220901/UBNA_004/20220901_060000.WAV,recover-20220901,UBNA_004,Central Pond
255.7795,255.7961,24609.0,27808.0,Nyctalus leisleri,0.362,0.502,-1,Echolocation,/mnt/ubna_data_02/recover-20220901/UBNA_004/20220901_060000.WAV,recover-20220901,UBNA_004,Central Pond
255.8815,255.8974,23750.0,27314.0,Nyctalus leisleri,0.482,0.584,-1,Echolocation,/mnt/ubna_data_02/recover-20220901/UBNA_004/20220901_060000.WAV,recover-20220901,UBNA_004,Central Pond
257.6255,257.6432,22890.0,26357.0,Nyctalus leisleri,0.582,0.62,-1,Echolocation,/mnt/ubna_data_02/recover-20220901/UBNA_004/20220901_060000.WAV,recover-20220901,UBNA_004,Central Pond
257.9345,257.9483,23750.0,30830.0,Nyctalus leisleri,0.285,0.616,-1,Echolocation,/mnt/ubna_data_02/recover-20220901/UBNA_004/20220901_060000.WAV,recover-20220901,UBNA_004,Central Pond
258.1675,258.1861,24609.0,27847.0,Nyctalus leisleri,0.363,0.502,-1,Echolocation,/mnt/ubna_data_02/recover-20220901/UBNA_004/20220901_060000.WAV,recover-20220901,UBNA_004,Central Pond
258.6095,258.6272,22890.0,27460.0,Nyctalus leisleri,0.468,0.553,-1,Echolocation,/mnt/ubna_data_02/recover-20220901/UBNA_004/20220901_060000.WAV,recover-20220901,UBNA_004,Central Pond
259.3215,259.3367,22890.0,28888.0,Nyctalus leisleri,0.324,0.542,-1,Echolocation,/mnt/ubna_data_02/recover-20220901/UBNA_004/20220901_060000.WAV,recover-20220901,UBNA_004,Central Pond
261.0895,261.103,24609.0,30049.0,Nyctalus leisleri,0.306,0.536,-1,Echolocation,/mnt/ubna_data_02/recover-20220901/UBNA_004/20220901_060000.WAV,recover-20220901,UBNA_004,Central Pond
264.7775,264.7924,23750.0,28756.0,Nyctalus leisleri,0.344,0.53,-1,Echolocation,/mnt/ubna_data_02/recover-20220901/UBNA_004/20220901_060000.WAV,recover-20220901,UBNA_004,Central Pond
272.6975,272.7128,23750.0,29247.0,Nyctalus leisleri,0.309,0.529,-1,Echolocation,/mnt/ubna_data_02/recover-20220901/UBNA_004/20220901_060000.WAV,recover-20220901,UBNA_004,Central Pond
275.4845,275.5005,22890.0,27470.0,Nyctalus leisleri,0.535,0.633,-1,Echolocation,/mnt/ubna_data_02/recover-20220901/UBNA_004/20220901_060000.WAV,recover-20220901,UBNA_004,Central Pond
276.6965,276.7027,45234.0,55034.0,Pipistrellus pipistrellus,0.574,0.629,-1,Echolocation,/mnt/ubna_data_02/recover-20220901/UBNA_004/20220901_060000.WAV,recover-20220901,UBNA_004,Central Pond
278.7545,278.7694,23750.0,28805.0,Nyctalus leisleri,0.333,0.532,-1,Echolocation,/mnt/ubna_data_02/recover-20220901/UBNA_004/20220901_060000.WAV,recover-20220901,UBNA_004,Central Pond
280.2115,280.224,22890.0,27850.0,Nyctalus leisleri,0.378,0.505,-1,Echolocation,/mnt/ubna_data_02/recover-20220901/UBNA_004/20220901_060000.WAV,recover-20220901,UBNA_004,Central Pond
281.7395,281.7538,23750.0,28886.0,Nyctalus leisleri,0.369,0.57,-1,Echolocation,/mnt/ubna_data_02/recover-20220901/UBNA_004/20220901_060000.WAV,recover-20220901,UBNA_004,Central Pond
284.2565,284.271,23750.0,29785.0,Nyctalus leisleri,0.257,0.506,-1,Echolocation,/mnt/ubna_data_02/recover-20220901/UBNA_004/20220901_060000.WAV,recover-20220901,UBNA_004,Central Pond
285.1905,285.2051,23750.0,29477.0,Nyctalus leisleri,0.411,0.596,-1,Echolocation,/mnt/ubna_data_02/recover-20220901/UBNA_004/20220901_060000.WAV,recover-20220901,UBNA_004,Central Pond
287.0645,287.0786,23750.0,29023.0,Nyctalus leisleri,0.376,0.564,-1,Echolocation,/mnt/ubna_data_02/recover-20220901/UBNA_004/20220901_060000.WAV,recover-20220901,UBNA_004,Central Pond
294.2105,294.2278,23750.0,29164.0,Nyctalus leisleri,0.355,0.543,-1,Echolocation,/mnt/ubna_data_02/recover-20220901/UBNA_004/20220901_060000.WAV,recover-20220901,UBNA_004,Central Pond
299.0465,299.0621,22890.0,29664.0,Nyctalus leisleri,0.295,0.548,-1,Echolocation,/mnt/ubna_data_02/recover-20220901/UBNA_004/20220901_060000.WAV,recover-20220901,UBNA_004,Central Pond
301.5635,301.5788,22890.0,26885.0,Nyctalus leisleri,0.468,0.545,-1,Echolocation,/mnt/ubna_data_02/recover-20220901/UBNA_004/20220901_060000.WAV,recover-20220901,UBNA_004,Central Pond
305.0215,305.035,24609.0,28312.0,Nyctalus leisleri,0.319,0.504,-1,Echolocation,/mnt/ubna_data_02/recover-20220901/UBNA_004/20220901_060000.WAV,recover-20220901,UBNA_004,Central Pond
305.6145,305.627,24609.0,29032.0,Nyctalus leisleri,0.324,0.519,-1,Echolocation,/mnt/ubna_data_02/recover-20220901/UBNA_004/20220901_060000.WAV,recover-20220901,UBNA_004,Central Pond
306.8535,306.8667,24609.0,28707.0,Nyctalus leisleri,0.424,0.573,-1,Echolocation,/mnt/ubna_data_02/recover-20220901/UBNA_004/20220901_060000.WAV,recover-20220901,UBNA_004,Central Pond
308.7005,308.7137,24609.0,29839.0,Nyctalus leisleri,0.381,0.641,-1,Echolocation,/mnt/ubna_data_02/recover-20220901/UBNA_004/20220901_060000.WAV,recover-20220901,UBNA_004,Central Pond
327.0555,327.0699,23750.0,29505.0,Nyctalus leisleri,0.35,0.572,-1,Echolocation,/mnt/ubna_data_02/recover-20220901/UBNA_004/20220901_060000.WAV,recover-20220901,UBNA_004,Central Pond
342.1545,342.1685,24609.0,29055.0,Nyctalus leisleri,0.344,0.558,-1,Echolocation,/mnt/ubna_data_02/recover-20220901/UBNA_004/20220901_060000.WAV,recover-20220901,UBNA_004,Central Pond
344.1275,344.1432,24609.0,29092.0,Nyctalus leisleri,0.423,0.516,-1,Echolocation,/mnt/ubna_data_02/recover-20220901/UBNA_004/20220901_060000.WAV,recover-20220901,UBNA_004,Central Pond
344.6665,344.6799,27187.0,35324.0,Eptesicus serotinus,0.29,0.585,-1,Echolocation,/mnt/ubna_data_02/recover-20220901/UBNA_004/20220901_060000.WAV,recover-20220901,UBNA_004,Central Pond
344.8215,344.8334,27187.0,36132.0,Eptesicus serotinus,0.366,0.615,-1,Echolocation,/mnt/ubna_data_02/recover-20220901/UBNA_004/20220901_060000.WAV,recover-20220901,UBNA_004,Central Pond
344.9665,344.981,27187.0,34053.0,Eptesicus serotinus,0.215,0.504,-1,Echolocation,/mnt/ubna_data_02/recover-20220901/UBNA_004/20220901_060000.WAV,recover-20220901,UBNA_004,Central Pond
346.0895,346.0996,27187.0,35178.0,Nyctalus leisleri,0.28,0.581,-1,Echolocation,/mnt/ubna_data_02/recover-20220901/UBNA_004/20220901_060000.WAV,recover-20220901,UBNA_004,Central Pond
346.2385,346.2532,25468.0,31176.0,Nyctalus leisleri,0.27,0.597,-1,Echolocation,/mnt/ubna_data_02/recover-20220901/UBNA_004/20220901_060000.WAV,recover-20220901,UBNA_004,Central Pond
347.1635,347.1786,26328.0,33042.0,Eptesicus serotinus,0.207,0.525,-1,Echolocation,/mnt/ubna_data_02/recover-20220901/UBNA_004/20220901_060000.WAV,recover-20220901,UBNA_004,Central Pond
347.5605,347.5762,26328.0,34892.0,Eptesicus serotinus,0.285,0.52,-1,Echolocation,/mnt/ubna_data_02/recover-20220901/UBNA_004/20220901_060000.WAV,recover-20220901,UBNA_004,Central Pond
347.7985,347.8135,26328.0,31280.0,Nyctalus leisleri,0.266,0.551,-1,Echolocation,/mnt/ubna_data_02/recover-20220901/UBNA_004/20220901_060000.WAV,recover-20220901,UBNA_004,Central Pond
348.4145,348.429,25468.0,30435.0,Nyctalus leisleri,0.323,0.557,-1,Echolocation,/mnt/ubna_data_02/recover-20220901/UBNA_004/20220901_060000.WAV,recover-20220901,UBNA_004,Central Pond
348.5825,348.594,24609.0,29373.0,Nyctalus leisleri,0.382,0.531,-1,Echolocation,/mnt/ubna_data_02/recover-20220901/UBNA_004/20220901_060000.WAV,recover-20220901,UBNA_004,Central Pond
348.8075,348.8202,26328.0,35958.0,Eptesicus serotinus,0.413,0.637,-1,Echolocation,/mnt/ubna_data_02/recover-20220901/UBNA_004/20220901_060000.WAV,recover-20220901,UBNA_004,Central Pond
349.1035,349.1175,26328.0,36731.0,Eptesicus serotinus,0.399,0.617,-1,Echolocation,/mnt/ubna_data_02/recover-20220901/UBNA_004/20220901_060000.WAV,recover-20220901,UBNA_004,Central Pond
350.2645,350.279,26328.0,35241.0,Eptesicus serotinus,0.361,0.566,-1,Echolocation,/mnt/ubna_data_02/recover-20220901/UBNA_004/20220901_060000.WAV,recover-20220901,UBNA_004,Central Pond
350.7855,350.7994,23750.0,27224.0,Nyctalus leisleri,0.55,0.639,-1,Echolocation,/mnt/ubna_data_02/recover-20220901/UBNA_004/20220901_060000.WAV,recover-20220901,UBNA_004,Central Pond
350.8385,350.8537,26328.0,36064.0,Eptesicus serotinus,0.391,0.571,-1,Echolocation,/mnt/ubna_data_02/recover-20220901/UBNA_004/20220901_060000.WAV,recover-20220901,UBNA_004,Central Pond
351.1215,351.1345,27187.0,36062.0,Eptesicus serotinus,0.302,0.571,-1,Echolocation,/mnt/ubna_data_02/recover-20220901/UBNA_004/20220901_060000.WAV,recover-20220901,UBNA_004,Central Pond
351.6995,351.7158,26328.0,34578.0,Eptesicus serotinus,0.353,0.57,-1,Echolocation,/mnt/ubna_data_02/recover-20220901/UBNA_004/20220901_060000.WAV,recover-20220901,UBNA_004,Central Pond
352.3055,352.3205,26328.0,32030.0,Nyctalus leisleri,0.284,0.525,-1,Echolocation,/mnt/ubna_data_02/recover-20220901/UBNA_004/20220901_060000.WAV,recover-20220901,UBNA_004,Central Pond
354.7305,354.7458,25468.0,30295.0,Nyctalus leisleri,0.53,0.646,-1,Echolocation,/mnt/ubna_data_02/recover-20220901/UBNA_004/20220901_060000.WAV,recover-20220901,UBNA_004,Central Pond
368.9495,368.9653,25468.0,31913.0,Nyctalus leisleri,0.274,0.539,-1,Echolocation,/mnt/ubna_data_02/recover-20220901/UBNA_004/20220901_060000.WAV,recover-20220901,UBNA_004,Central Pond
370.2675,370.2797,27187.0,33569.0,Nyctalus leisleri,0.325,0.606,-1,Echolocation,/mnt/ubna_data_02/recover-20220901/UBNA_004/20220901_060000.WAV,recover-20220901,UBNA_004,Central Pond
371.3765,371.3902,25468.0,29614.0,Nyctalus leisleri,0.454,0.616,-1,Echolocation,/mnt/ubna_data_02/recover-20220901/UBNA_004/20220901_060000.WAV,recover-20220901,UBNA_004,Central Pond
372.2615,372.276,25468.0,31361.0,Nyctalus leisleri,0.288,0.544,-1,Echolocation,/mnt/ubna_data_02/recover-20220901/UBNA_004/20220901_060000.WAV,recover-20220901,UBNA_004,Central Pond
372.8445,372.8578,26328.0,34657.0,Eptesicus serotinus,0.327,0.553,-1,Echolocation,/mnt/ubna_data_02/recover-20220901/UBNA_004/20220901_060000.WAV,recover-20220901,UBNA_004,Central Pond
373.1315,373.14300000000003,25468.0,29520.0,Nyctalus leisleri,0.471,0.586,-1,Echolocation,/mnt/ubna_data_02/recover-20220901/UBNA_004/20220901_060000.WAV,recover-20220901,UBNA_004,Central Pond
373.1945,373.2067,25468.0,31823.0,Nyctalus leisleri,0.33,0.61,-1,Echolocation,/mnt/ubna_data_02/recover-20220901/UBNA_004/20220901_060000.WAV,recover-20220901,UBNA_004,Central Pond
373.5555,373.5696,24609.0,30290.0,Nyctalus leisleri,0.272,0.553,-1,Echolocation,/mnt/ubna_data_02/recover-20220901/UBNA_004/20220901_060000.WAV,recover-20220901,UBNA_004,Central Pond
373.7225,373.738,26328.0,31843.0,Nyctalus leisleri,0.323,0.566,-1,Echolocation,/mnt/ubna_data_02/recover-20220901/UBNA_004/20220901_060000.WAV,recover-20220901,UBNA_004,Central Pond
373.8825,373.8965,24609.0,29121.0,Nyctalus leisleri,0.488,0.625,-1,Echolocation,/mnt/ubna_data_02/recover-20220901/UBNA_004/20220901_060000.WAV,recover-20220901,UBNA_004,Central Pond
374.0505,374.0627,27187.0,32346.0,Nyctalus leisleri,0.421,0.572,-1,Echolocation,/mnt/ubna_data_02/recover-20220901/UBNA_004/20220901_060000.WAV,recover-20220901,UBNA_004,Central Pond
374.6315,374.6466,26328.0,32278.0,Nyctalus leisleri,0.244,0.505,-1,Echolocation,/mnt/ubna_data_02/recover-20220901/UBNA_004/20220901_060000.WAV,recover-20220901,UBNA_004,Central Pond
374.9215,374.9378,25468.0,30460.0,Nyctalus leisleri,0.28,0.518,-1,Echolocation,/mnt/ubna_data_02/recover-20220901/UBNA_004/20220901_060000.WAV,recover-20220901,UBNA_004,Central Pond
375.0665,375.0783,27187.0,33352.0,Nyctalus leisleri,0.306,0.526,-1,Echolocation,/mnt/ubna_data_02/recover-20220901/UBNA_004/20220901_060000.WAV,recover-20220901,UBNA_004,Central Pond
375.2295,375.2446,26328.0,34944.0,Eptesicus serotinus,0.263,0.504,-1,Echolocation,/mnt/ubna_data_02/recover-20220901/UBNA_004/20220901_060000.WAV,recover-20220901,UBNA_004,Central Pond
375.5065,375.5249,25468.0,29839.0,Nyctalus leisleri,0.336,0.501,-1,Echolocation,/mnt/ubna_data_02/recover-20220901/UBNA_004/20220901_060000.WAV,recover-20220901,UBNA_004,Central Pond
375.8115,375.8272,25468.0,31297.0,Nyctalus leisleri,0.38,0.617,-1,Echolocation,/mnt/ubna_data_02/recover-20220901/UBNA_004/20220901_060000.WAV,recover-20220901,UBNA_004,Central Pond
376.0885,376.1043,25468.0,33029.0,Nyctalus leisleri,0.25,0.52,-1,Echolocation,/mnt/ubna_data_02/recover-20220901/UBNA_004/20220901_060000.WAV,recover-20220901,UBNA_004,Central Pond
376.5755,376.5899,26328.0,35409.0,Eptesicus serotinus,0.352,0.565,-1,Echolocation,/mnt/ubna_data_02/recover-20220901/UBNA_004/20220901_060000.WAV,recover-20220901,UBNA_004,Central Pond
378.0385,378.0549,25468.0,32723.0,Nyctalus leisleri,0.292,0.524,-1,Echolocation,/mnt/ubna_data_02/recover-20220901/UBNA_004/20220901_060000.WAV,recover-20220901,UBNA_004,Central Pond
378.6335,378.644,28046.0,36827.0,Eptesicus serotinus,0.296,0.54,-1,Echolocation,/mnt/ubna_data_02/recover-20220901/UBNA_004/20220901_060000.WAV,recover-20220901,UBNA_004,Central Pond
379.1015,379.1182,25468.0,33772.0,Eptesicus serotinus,0.291,0.549,-1,Echolocation,/mnt/ubna_data_02/recover-20220901/UBNA_004/20220901_060000.WAV,recover-20220901,UBNA_004,Central Pond
379.8255,379.8405,25468.0,33573.0,Nyctalus leisleri,0.304,0.586,-1,Echolocation,/mnt/ubna_data_02/recover-20220901/UBNA_004/20220901_060000.WAV,recover-20220901,UBNA_004,Central Pond
380.1305,380.1462,24609.0,28943.0,Nyctalus leisleri,0.367,0.52,-1,Echolocation,/mnt/ubna_data_02/recover-20220901/UBNA_004/20220901_060000.WAV,recover-20220901,UBNA_004,Central Pond
380.8495,380.8642,25468.0,32014.0,Eptesicus serotinus,0.247,0.608,-1,Echolocation,/mnt/ubna_data_02/recover-20220901/UBNA_004/20220901_060000.WAV,recover-20220901,UBNA_004,Central Pond
381.5695,381.5851,24609.0,28881.0,Nyctalus leisleri,0.368,0.527,-1,Echolocation,/mnt/ubna_data_02/recover-20220901/UBNA_004/20220901_060000.WAV,recover-20220901,UBNA_004,Central Pond
383.5285,383.5408,25468.0,30535.0,Nyctalus leisleri,0.341,0.529,-1,Echolocation,/mnt/ubna_data_02/recover-20220901/UBNA_004/20220901_060000.WAV,recover-20220901,UBNA_004,Central Pond
391.9435,391.961,23750.0,27376.0,Nyctalus leisleri,0.409,0.519,-1,Echolocation,/mnt/ubna_data_02/recover-20220901/UBNA_004/20220901_060000.WAV,recover-20220901,UBNA_004,Central Pond
393.3125,393.3255,24609.0,28744.0,Nyctalus leisleri,0.425,0.58,-1,Echolocation,/mnt/ubna_data_02/recover-20220901/UBNA_004/20220901_060000.WAV,recover-20220901,UBNA_004,Central Pond
396.6085,396.6262,23750.0,28243.0,Nyctalus leisleri,0.432,0.584,-1,Echolocation,/mnt/ubna_data_02/recover-20220901/UBNA_004/20220901_060000.WAV,recover-20220901,UBNA_004,Central Pond
399.2285,399.2424,25468.0,30176.0,Nyctalus leisleri,0.443,0.585,-1,Echolocation,/mnt/ubna_data_02/recover-20220901/UBNA_004/20220901_060000.WAV,recover-20220901,UBNA_004,Central Pond
417.3595,417.3742,26328.0,29853.0,Nyctalus leisleri,0.369,0.523,-1,Echolocation,/mnt/ubna_data_02/recover-20220901/UBNA_004/20220901_060000.WAV,recover-20220901,UBNA_004,Central Pond
446.6925,446.7066,24609.0,29378.0,Nyctalus leisleri,0.298,0.504,-1,Echolocation,/mnt/ubna_data_02/recover-20220901/UBNA_004/20220901_060000.WAV,recover-20220901,UBNA_004,Central Pond
458.9005,458.917,24609.0,29711.0,Nyctalus leisleri,0.315,0.512,-1,Echolocation,/mnt/ubna_data_02/recover-20220901/UBNA_004/20220901_060000.WAV,recover-20220901,UBNA_004,Central Pond
481.3275,481.3421,24609.0,29763.0,Nyctalus leisleri,0.346,0.528,-1,Echolocation,/mnt/ubna_data_02/recover-20220901/UBNA_004/20220901_060000.WAV,recover-20220901,UBNA_004,Central Pond
482.0985,482.1146,24609.0,28196.0,Nyctalus leisleri,0.434,0.528,-1,Echolocation,/mnt/ubna_data_02/recover-20220901/UBNA_004/20220901_060000.WAV,recover-20220901,UBNA_004,Central Pond
499.7405,499.7539,24609.0,28546.0,Nyctalus leisleri,0.388,0.557,-1,Echolocation,/mnt/ubna_data_02/recover-20220901/UBNA_004/20220901_060000.WAV,recover-20220901,UBNA_004,Central Pond
509.2075,509.2215,23750.0,27253.0,Nyctalus leisleri,0.511,0.61,-1,Echolocation,/mnt/ubna_data_02/recover-20220901/UBNA_004/20220901_060000.WAV,recover-20220901,UBNA_004,Central Pond
516.7355,516.7495,22890.0,28298.0,Nyctalus leisleri,0.211,0.579,-1,Echolocation,/mnt/ubna_data_02/recover-20220901/UBNA_004/20220901_060000.WAV,recover-20220901,UBNA_004,Central Pond
528.6555,528.6696,22890.0,28742.0,Nyctalus leisleri,0.341,0.588,-1,Echolocation,/mnt/ubna_data_02/recover-20220901/UBNA_004/20220901_060000.WAV,recover-20220901,UBNA_004,Central Pond
561.2515,561.2702,22890.0,27775.0,Nyctalus leisleri,0.367,0.504,-1,Echolocation,/mnt/ubna_data_02/recover-20220901/UBNA_004/20220901_060000.WAV,recover-20220901,UBNA_004,Central Pond
566.3875,566.4051,22890.0,27794.0,Nyctalus leisleri,0.293,0.503,-1,Echolocation,/mnt/ubna_data_02/recover-20220901/UBNA_004/20220901_060000.WAV,recover-20220901,UBNA_004,Central Pond
566.5455,566.5624,22890.0,29045.0,Nyctalus leisleri,0.281,0.525,-1,Echolocation,/mnt/ubna_data_02/recover-20220901/UBNA_004/20220901_060000.WAV,recover-20220901,UBNA_004,Central Pond
568.3485000000001,568.3624,23750.0,28815.0,Nyctalus leisleri,0.334,0.537,-1,Echolocation,/mnt/ubna_data_02/recover-20220901/UBNA_004/20220901_060000.WAV,recover-20220901,UBNA_004,Central Pond
572.0215,572.0364,23750.0,28358.0,Nyctalus leisleri,0.45,0.589,-1,Echolocation,/mnt/ubna_data_02/recover-20220901/UBNA_004/20220901_060000.WAV,recover-20220901,UBNA_004,Central Pond
575.3675,575.3829,24609.0,28694.0,Nyctalus leisleri,0.454,0.585,-1,Echolocation,/mnt/ubna_data_02/recover-20220901/UBNA_004/20220901_060000.WAV,recover-20220901,UBNA_004,Central Pond
577.6095,577.6265,23750.0,29830.0,Nyctalus leisleri,0.269,0.528,-1,Echolocation,/mnt/ubna_data_02/recover-20220901/UBNA_004/20220901_060000.WAV,recover-20220901,UBNA_004,Central Pond
582.5925,582.6092,23750.0,28309.0,Nyctalus leisleri,0.496,0.6,-1,Echolocation,/mnt/ubna_data_02/recover-20220901/UBNA_004/20220901_060000.WAV,recover-20220901,UBNA_004,Central Pond
584.2945,584.3139,23750.0,27338.0,Nyctalus leisleri,0.413,0.508,-1,Echolocation,/mnt/ubna_data_02/recover-20220901/UBNA_004/20220901_060000.WAV,recover-20220901,UBNA_004,Central Pond
584.6225,584.6388,23750.0,29493.0,Nyctalus leisleri,0.349,0.567,-1,Echolocation,/mnt/ubna_data_02/recover-20220901/UBNA_004/20220901_060000.WAV,recover-20220901,UBNA_004,Central Pond
586.0125,586.0264,23750.0,29004.0,Nyctalus leisleri,0.288,0.518,-1,Echolocation,/mnt/ubna_data_02/recover-20220901/UBNA_004/20220901_060000.WAV,recover-20220901,UBNA_004,Central Pond
586.8725,586.8882,24609.0,29445.0,Nyctalus leisleri,0.39,0.6,-1,Echolocation,/mnt/ubna_data_02/recover-20220901/UBNA_004/20220901_060000.WAV,recover-20220901,UBNA_004,Central Pond
587.7665,587.7807,23750.0,29907.0,Eptesicus serotinus,0.243,0.547,-1,Echolocation,/mnt/ubna_data_02/recover-20220901/UBNA_004/20220901_060000.WAV,recover-20220901,UBNA_004,Central Pond
587.8785,587.8956000000001,22890.0,28317.0,Nyctalus leisleri,0.192,0.509,-1,Echolocation,/mnt/ubna_data_02/recover-20220901/UBNA_004/20220901_060000.WAV,recover-20220901,UBNA_004,Central Pond
589.0995,589.1158,22890.0,28322.0,Nyctalus leisleri,0.24,0.553,-1,Echolocation,/mnt/ubna_data_02/recover-20220901/UBNA_004/20220901_060000.WAV,recover-20220901,UBNA_004,Central Pond
590.1475,590.1601,24609.0,30540.0,Nyctalus leisleri,0.241,0.542,-1,Echolocation,/mnt/ubna_data_02/recover-20220901/UBNA_004/20220901_060000.WAV,recover-20220901,UBNA_004,Central Pond
590.7355,590.7547,22031.0,29815.0,Eptesicus serotinus,0.212,0.515,-1,Echolocation,/mnt/ubna_data_02/recover-20220901/UBNA_004/20220901_060000.WAV,recover-20220901,UBNA_004,Central Pond
597.2755,597.2894,23750.0,28963.0,Nyctalus leisleri,0.396,0.554,-1,Echolocation,/mnt/ubna_data_02/recover-20220901/UBNA_004/20220901_060000.WAV,recover-20220901,UBNA_004,Central Pond
599.7375,599.7518,23750.0,29432.0,Nyctalus leisleri,0.305,0.599,-1,Echolocation,/mnt/ubna_data_02/recover-20220901/UBNA_004/20220901_060000.WAV,recover-20220901,UBNA_004,Central Pond
600.0375,600.0507,23750.0,30293.0,Nyctalus leisleri,0.256,0.539,-1,Echolocation,/mnt/ubna_data_02/recover-20220901/UBNA_004/20220901_060000.WAV,recover-20220901,UBNA_004,Central Pond
600.6515,600.6656,24609.0,31021.0,Nyctalus leisleri,0.304,0.556,-1,Echolocation,/mnt/ubna_data_02/recover-20220901/UBNA_004/20220901_060000.WAV,recover-20220901,UBNA_004,Central Pond
600.8535,600.8719,24609.0,28720.0,Nyctalus leisleri,0.38,0.512,-1,Echolocation,/mnt/ubna_data_02/recover-20220901/UBNA_004/20220901_060000.WAV,recover-20220901,UBNA_004,Central Pond
601.7155,601.732,24609.0,29304.0,Nyctalus leisleri,0.42,0.574,-1,Echolocation,/mnt/ubna_data_02/recover-20220901/UBNA_004/20220901_060000.WAV,recover-20220901,UBNA_004,Central Pond
603.0765,603.0923,24609.0,29958.0,Nyctalus leisleri,0.414,0.521,-1,Echolocation,/mnt/ubna_data_02/recover-20220901/UBNA_004/20220901_060000.WAV,recover-20220901,UBNA_004,Central Pond
604.4545,604.4653,25468.0,32015.0,Nyctalus leisleri,0.356,0.646,-1,Echolocation,/mnt/ubna_data_02/recover-20220901/UBNA_004/20220901_060000.WAV,recover-20220901,UBNA_004,Central Pond
605.5225,605.5361,22890.0,29776.0,Nyctalus leisleri,0.233,0.52,-1,Echolocation,/mnt/ubna_data_02/recover-20220901/UBNA_004/20220901_060000.WAV,recover-20220901,UBNA_004,Central Pond
606.5305,606.5468,23750.0,32083.0,Eptesicus serotinus,0.272,0.549,-1,Echolocation,/mnt/ubna_data_02/recover-20220901/UBNA_004/20220901_060000.WAV,recover-20220901,UBNA_004,Central Pond
614.0835,614.0985,24609.0,30819.0,Nyctalus leisleri,0.238,0.519,-1,Echolocation,/mnt/ubna_data_02/recover-20220901/UBNA_004/20220901_060000.WAV,recover-20220901,UBNA_004,Central Pond
614.9375,614.9528,23750.0,30972.0,Eptesicus serotinus,0.221,0.52,-1,Echolocation,/mnt/ubna_data_02/recover-20220901/UBNA_004/20220901_060000.WAV,recover-20220901,UBNA_004,Central Pond
622.1715,622.186,23750.0,31838.0,Eptesicus serotinus,0.297,0.606,-1,Echolocation,/mnt/ubna_data_02/recover-20220901/UBNA_004/20220901_060000.WAV,recover-20220901,UBNA_004,Central Pond
623.1655,623.1784,24609.0,31417.0,Nyctalus leisleri,0.26,0.522,-1,Echolocation,/mnt/ubna_data_02/recover-20220901/UBNA_004/20220901_060000.WAV,recover-20220901,UBNA_004,Central Pond
627.3625,627.3778,23750.0,29255.0,Nyctalus leisleri,0.306,0.533,-1,Echolocation,/mnt/ubna_data_02/recover-20220901/UBNA_004/20220901_060000.WAV,recover-20220901,UBNA_004,Central Pond
628.4905,628.5027,42656.0,47738.0,Pipistrellus pipistrellus,0.279,0.501,-1,Echolocation,/mnt/ubna_data_02/recover-20220901/UBNA_004/20220901_060000.WAV,recover-20220901,UBNA_004,Central Pond
628.5825,628.594,42656.0,60700.0,Pipistrellus pipistrellus,0.367,0.531,-1,Echolocation,/mnt/ubna_data_02/recover-20220901/UBNA_004/20220901_060000.WAV,recover-20220901,UBNA_004,Central Pond
628.6655,628.6751,43515.0,52206.0,Pipistrellus pipistrellus,0.398,0.523,-1,Echolocation,/mnt/ubna_data_02/recover-20220901/UBNA_004/20220901_060000.WAV,recover-20220901,UBNA_004,Central Pond
628.8375,628.849,43515.0,60492.0,Pipistrellus pipistrellus,0.408,0.58,-1,Echolocation,/mnt/ubna_data_02/recover-20220901/UBNA_004/20220901_060000.WAV,recover-20220901,UBNA_004,Central Pond
629.2485,629.2596,43515.0,56080.0,Pipistrellus pipistrellus,0.273,0.516,-1,Echolocation,/mnt/ubna_data_02/recover-20220901/UBNA_004/20220901_060000.WAV,recover-20220901,UBNA_004,Central Pond
629.3545,629.364,42656.0,57761.0,Pipistrellus nathusii,0.294,0.512,-1,Echolocation,/mnt/ubna_data_02/recover-20220901/UBNA_004/20220901_060000.WAV,recover-20220901,UBNA_004,Central Pond
629.8365,629.846,42656.0,51419.0,Pipistrellus pipistrellus,0.402,0.6,-1,Echolocation,/mnt/ubna_data_02/recover-20220901/UBNA_004/20220901_060000.WAV,recover-20220901,UBNA_004,Central Pond
630.3135,630.3221,43515.0,49704.0,Pipistrellus pipistrellus,0.43,0.538,-1,Echolocation,/mnt/ubna_data_02/recover-20220901/UBNA_004/20220901_060000.WAV,recover-20220901,UBNA_004,Central Pond
632.4235,632.4317,43515.0,54494.0,Pipistrellus pipistrellus,0.53,0.588,-1,Echolocation,/mnt/ubna_data_02/recover-20220901/UBNA_004/20220901_060000.WAV,recover-20220901,UBNA_004,Central Pond
632.5125,632.5238,43515.0,62176.0,Pipistrellus pipistrellus,0.494,0.631,-1,Echolocation,/mnt/ubna_data_02/recover-20220901/UBNA_004/20220901_060000.WAV,recover-20220901,UBNA_004,Central Pond
633.7855,633.7961,43515.0,58736.0,Pipistrellus pipistrellus,0.483,0.575,-1,Echolocation,/mnt/ubna_data_02/recover-20220901/UBNA_004/20220901_060000.WAV,recover-20220901,UBNA_004,Central Pond
633.8695,633.8802,42656.0,63866.0,Pipistrellus pipistrellus,0.53,0.653,-1,Echolocation,/mnt/ubna_data_02/recover-20220901/UBNA_004/20220901_060000.WAV,recover-20220901,UBNA_004,Central Pond
633.9635,633.9725,42656.0,60653.0,Pipistrellus pipistrellus,0.413,0.612,-1,Echolocation,/mnt/ubna_data_02/recover-20220901/UBNA_004/20220901_060000.WAV,recover-20220901,UBNA_004,Central Pond
634.0535,634.0627,42656.0,62387.0,Pipistrellus pipistrellus,0.461,0.663,-1,Echolocation,/mnt/ubna_data_02/recover-20220901/UBNA_004/20220901_060000.WAV,recover-20220901,UBNA_004,Central Pond
634.1555,634.165,42656.0,58837.0,Pipistrellus pipistrellus,0.419,0.646,-1,Echolocation,/mnt/ubna_data_02/recover-20220901/UBNA_004/20220901_060000.WAV,recover-20220901,UBNA_004,Central Pond
634.3485,634.3593,42656.0,60269.0,Pipistrellus pipistrellus,0.448,0.583,-1,Echolocation,/mnt/ubna_data_02/recover-20220901/UBNA_004/20220901_060000.WAV,recover-20220901,UBNA_004,Central Pond
634.5885,634.5981,41796.0,58795.0,Pipistrellus pipistrellus,0.358,0.517,-1,Echolocation,/mnt/ubna_data_02/recover-20220901/UBNA_004/20220901_060000.WAV,recover-20220901,UBNA_004,Central Pond
634.6945,634.704,42656.0,55031.0,Pipistrellus pipistrellus,0.499,0.572,-1,Echolocation,/mnt/ubna_data_02/recover-20220901/UBNA_004/20220901_060000.WAV,recover-20220901,UBNA_004,Central Pond
634.8925,634.9018,41796.0,57808.0,Pipistrellus pipistrellus,0.461,0.632,-1,Echolocation,/mnt/ubna_data_02/recover-20220901/UBNA_004/20220901_060000.WAV,recover-20220901,UBNA_004,Central Pond
634.9925,635.0031,42656.0,55016.0,Pipistrellus pipistrellus,0.305,0.528,-1,Echolocation,/mnt/ubna_data_02/recover-20220901/UBNA_004/20220901_060000.WAV,recover-20220901,UBNA_004,Central Pond
635.0955,635.1037,42656.0,62496.0,Pipistrellus pipistrellus,0.409,0.635,-1,Echolocation,/mnt/ubna_data_02/recover-20220901/UBNA_004/20220901_060000.WAV,recover-20220901,UBNA_004,Central Pond
635.1795,635.191,42656.0,61976.0,Pipistrellus pipistrellus,0.426,0.56,-1,Echolocation,/mnt/ubna_data_02/recover-20220901/UBNA_004/20220901_060000.WAV,recover-20220901,UBNA_004,Central Pond
635.2575,635.2677,42656.0,63940.0,Pipistrellus pipistrellus,0.445,0.594,-1,Echolocation,/mnt/ubna_data_02/recover-20220901/UBNA_004/20220901_060000.WAV,recover-20220901,UBNA_004,Central Pond
635.3425,635.3507,41796.0,63950.0,Pipistrellus pipistrellus,0.487,0.662,-1,Echolocation,/mnt/ubna_data_02/recover-20220901/UBNA_004/20220901_060000.WAV,recover-20220901,UBNA_004,Central Pond
635.4405,635.449,41796.0,64622.0,Pipistrellus pipistrellus,0.456,0.623,-1,Echolocation,/mnt/ubna_data_02/recover-20220901/UBNA_004/20220901_060000.WAV,recover-20220901,UBNA_004,Central Pond
635.6125,635.6228,42656.0,59956.0,Pipistrellus pipistrellus,0.504,0.684,-1,Echolocation,/mnt/ubna_data_02/recover-20220901/UBNA_004/20220901_060000.WAV,recover-20220901,UBNA_004,Central Pond
635.6915,635.6995,42656.0,64137.0,Pipistrellus pipistrellus,0.548,0.648,-1,Echolocation,/mnt/ubna_data_02/recover-20220901/UBNA_004/20220901_060000.WAV,recover-20220901,UBNA_004,Central Pond
635.7725,635.7809,41796.0,58588.0,Pipistrellus pipistrellus,0.535,0.677,-1,Echolocation,/mnt/ubna_data_02/recover-20220901/UBNA_004/20220901_060000.WAV,recover-20220901,UBNA_004,Central Pond
635.8615,635.8681,42656.0,63225.0,Pipistrellus pipistrellus,0.5,0.63,-1,Echolocation,/mnt/ubna_data_02/recover-20220901/UBNA_004/20220901_060000.WAV,recover-20220901,UBNA_004,Central Pond
635.9555,635.9628,42656.0,63009.0,Pipistrellus pipistrellus,0.457,0.672,-1,Echolocation,/mnt/ubna_data_02/recover-20220901/UBNA_004/20220901_060000.WAV,recover-20220901,UBNA_004,Central Pond
636.1155,636.1212,43515.0,70249.0,Pipistrellus pipistrellus,0.552,0.651,-1,Echolocation,/mnt/ubna_data_02/recover-20220901/UBNA_004/20220901_060000.WAV,recover-20220901,UBNA_004,Central Pond
636.1925,636.1989,41796.0,67946.0,Pipistrellus pipistrellus,0.32,0.565,-1,Echolocation,/mnt/ubna_data_02/recover-20220901/UBNA_004/20220901_060000.WAV,recover-20220901,UBNA_004,Central Pond
636.2565,636.2627,41796.0,71819.0,Pipistrellus pipistrellus,0.488,0.599,-1,Echolocation,/mnt/ubna_data_02/recover-20220901/UBNA_004/20220901_060000.WAV,recover-20220901,UBNA_004,Central Pond
636.3055,636.311,43515.0,69850.0,Pipistrellus pipistrellus,0.561,0.661,-1,Echolocation,/mnt/ubna_data_02/recover-20220901/UBNA_004/20220901_060000.WAV,recover-20220901,UBNA_004,Central Pond
636.3655,636.3717,42656.0,74875.0,Pipistrellus pipistrellus,0.54,0.591,-1,Echolocation,/mnt/ubna_data_02/recover-20220901/UBNA_004/20220901_060000.WAV,recover-20220901,UBNA_004,Central Pond
636.4375,636.4442,41796.0,69920.0,Pipistrellus pipistrellus,0.467,0.627,-1,Echolocation,/mnt/ubna_data_02/recover-20220901/UBNA_004/20220901_060000.WAV,recover-20220901,UBNA_004,Central Pond
636.5155,636.5215,42656.0,69059.0,Pipistrellus pipistrellus,0.365,0.537,-1,Echolocation,/mnt/ubna_data_02/recover-20220901/UBNA_004/20220901_060000.WAV,recover-20220901,UBNA_004,Central Pond
636.6555,636.6612,43515.0,63476.0,Pipistrellus pipistrellus,0.525,0.597,-1,Echolocation,/mnt/ubna_data_02/recover-20220901/UBNA_004/20220901_060000.WAV,recover-20220901,UBNA_004,Central Pond
636.7245,636.73,42656.0,62644.0,Pipistrellus pipistrellus,0.575,0.624,-1,Echolocation,/mnt/ubna_data_02/recover-20220901/UBNA_004/20220901_060000.WAV,recover-20220901,UBNA_004,Central Pond
636.8555,636.8626,43515.0,58789.0,Pipistrellus pipistrellus,0.43,0.572,-1,Echolocation,/mnt/ubna_data_02/recover-20220901/UBNA_004/20220901_060000.WAV,recover-20220901,UBNA_004,Central Pond
637.1205,637.13,44375.0,56378.0,Pipistrellus pipistrellus,0.431,0.563,-1,Echolocation,/mnt/ubna_data_02/recover-20220901/UBNA_004/20220901_060000.WAV,recover-20220901,UBNA_004,Central Pond
637.2005,637.2096,42656.0,57086.0,Pipistrellus pipistrellus,0.366,0.512,-1,Echolocation,/mnt/ubna_data_02/recover-20220901/UBNA_004/20220901_060000.WAV,recover-20220901,UBNA_004,Central Pond
637.2825,637.2899,44375.0,53593.0,Pipistrellus pipistrellus,0.458,0.512,-1,Echolocation,/mnt/ubna_data_02/recover-20220901/UBNA_004/20220901_060000.WAV,recover-20220901,UBNA_004,Central Pond
637.3795,637.3857,43515.0,50537.0,Pipistrellus pipistrellus,0.495,0.522,-1,Echolocation,/mnt/ubna_data_02/recover-20220901/UBNA_004/20220901_060000.WAV,recover-20220901,UBNA_004,Central Pond
637.4525,637.4586,42656.0,61840.0,Pipistrellus pipistrellus,0.477,0.622,-1,Echolocation,/mnt/ubna_data_02/recover-20220901/UBNA_004/20220901_060000.WAV,recover-20220901,UBNA_004,Central Pond
637.5095,637.5165,43515.0,52185.0,Pipistrellus pipistrellus,0.48,0.556,-1,Echolocation,/mnt/ubna_data_02/recover-20220901/UBNA_004/20220901_060000.WAV,recover-20220901,UBNA_004,Central Pond
648.3375,648.354,23750.0,27964.0,Nyctalus leisleri,0.44,0.513,-1,Echolocation,/mnt/ubna_data_02/recover-20220901/UBNA_004/20220901_060000.WAV,recover-20220901,UBNA_004,Central Pond
651.4055,651.4203,24609.0,30454.0,Nyctalus leisleri,0.33,0.61,-1,Echolocation,/mnt/ubna_data_02/recover-20220901/UBNA_004/20220901_060000.WAV,recover-20220901,UBNA_004,Central Pond
651.8595,651.8788,23750.0,32909.0,Eptesicus serotinus,0.277,0.526,-1,Echolocation,/mnt/ubna_data_02/recover-20220901/UBNA_004/20220901_060000.WAV,recover-20220901,UBNA_004,Central Pond
653.9505,653.9669,23750.0,29112.0,Nyctalus leisleri,0.342,0.547,-1,Echolocation,/mnt/ubna_data_02/recover-20220901/UBNA_004/20220901_060000.WAV,recover-20220901,UBNA_004,Central Pond
658.9515,658.9682,22890.0,29074.0,Nyctalus leisleri,0.294,0.575,-1,Echolocation,/mnt/ubna_data_02/recover-20220901/UBNA_004/20220901_060000.WAV,recover-20220901,UBNA_004,Central Pond
659.6005,659.6172,22890.0,29783.0,Nyctalus leisleri,0.286,0.578,-1,Echolocation,/mnt/ubna_data_02/recover-20220901/UBNA_004/20220901_060000.WAV,recover-20220901,UBNA_004,Central Pond
661.0515,661.0675,22890.0,29438.0,Nyctalus noctula,0.26,0.575,-1,Echolocation,/mnt/ubna_data_02/recover-20220901/UBNA_004/20220901_060000.WAV,recover-20220901,UBNA_004,Central Pond
662.8195,662.835,22890.0,27157.0,Nyctalus leisleri,0.442,0.586,-1,Echolocation,/mnt/ubna_data_02/recover-20220901/UBNA_004/20220901_060000.WAV,recover-20220901,UBNA_004,Central Pond
684.3455,684.3606,23750.0,28438.0,Nyctalus leisleri,0.463,0.592,-1,Echolocation,/mnt/ubna_data_02/recover-20220901/UBNA_004/20220901_060000.WAV,recover-20220901,UBNA_004,Central Pond
783.2415,783.2585,23750.0,28700.0,Nyctalus leisleri,0.368,0.5,-1,Echolocation,/mnt/ubna_data_02/recover-20220901/UBNA_004/20220901_060000.WAV,recover-20220901,UBNA_004,Central Pond
784.6115,784.6254,23750.0,28156.0,Nyctalus leisleri,0.461,0.613,-1,Echolocation,/mnt/ubna_data_02/recover-20220901/UBNA_004/20220901_060000.WAV,recover-20220901,UBNA_004,Central Pond
785.0515,785.0683,23750.0,28210.0,Nyctalus leisleri,0.419,0.54,-1,Echolocation,/mnt/ubna_data_02/recover-20220901/UBNA_004/20220901_060000.WAV,recover-20220901,UBNA_004,Central Pond
785.8275,785.8418,23750.0,27991.0,Nyctalus leisleri,0.483,0.592,-1,Echolocation,/mnt/ubna_data_02/recover-20220901/UBNA_004/20220901_060000.WAV,recover-20220901,UBNA_004,Central Pond
788.4375,788.4522,23750.0,29578.0,Nyctalus leisleri,0.502,0.642,-1,Echolocation,/mnt/ubna_data_02/recover-20220901/UBNA_004/20220901_060000.WAV,recover-20220901,UBNA_004,Central Pond
789.3205,789.3358,23750.0,27782.0,Nyctalus leisleri,0.436,0.562,-1,Echolocation,/mnt/ubna_data_02/recover-20220901/UBNA_004/20220901_060000.WAV,recover-20220901,UBNA_004,Central Pond
828.3375,828.3504,24609.0,29420.0,Nyctalus leisleri,0.434,0.643,-1,Echolocation,/mnt/ubna_data_02/recover-20220901/UBNA_004/20220901_060000.WAV,recover-20220901,UBNA_004,Central Pond
833.3015,833.3146,24609.0,28987.0,Nyctalus leisleri,0.418,0.553,-1,Echolocation,/mnt/ubna_data_02/recover-20220901/UBNA_004/20220901_060000.WAV,recover-20220901,UBNA_004,Central Pond
895.3025,895.3203,22890.0,26507.0,Nyctalus leisleri,0.39,0.508,-1,Echolocation,/mnt/ubna_data_02/recover-20220901/UBNA_004/20220901_060000.WAV,recover-20220901,UBNA_004,Central Pond
905.5575,905.5736,22890.0,27773.0,Nyctalus leisleri,0.355,0.537,-1,Echolocation,/mnt/ubna_data_02/recover-20220901/UBNA_004/20220901_060000.WAV,recover-20220901,UBNA_004,Central Pond
906.3085,906.3231,23750.0,31087.0,Eptesicus serotinus,0.336,0.52,-1,Echolocation,/mnt/ubna_data_02/recover-20220901/UBNA_004/20220901_060000.WAV,recover-20220901,UBNA_004,Central Pond
906.5155,906.5293,22890.0,27442.0,Nyctalus leisleri,0.391,0.572,-1,Echolocation,/mnt/ubna_data_02/recover-20220901/UBNA_004/20220901_060000.WAV,recover-20220901,UBNA_004,Central Pond
907.1735,907.1905,22031.0,26813.0,Nyctalus leisleri,0.439,0.584,-1,Echolocation,/mnt/ubna_data_02/recover-20220901/UBNA_004/20220901_060000.WAV,recover-20220901,UBNA_004,Central Pond
915.8425,915.853,23750.0,29811.0,Nyctalus leisleri,0.243,0.545,-1,Echolocation,/mnt/ubna_data_02/recover-20220901/UBNA_004/20220901_060000.WAV,recover-20220901,UBNA_004,Central Pond
916.7555,916.7693,23750.0,28944.0,Nyctalus leisleri,0.434,0.627,-1,Echolocation,/mnt/ubna_data_02/recover-20220901/UBNA_004/20220901_060000.WAV,recover-20220901,UBNA_004,Central Pond
922.7764999999999,922.7914,23750.0,27888.0,Nyctalus leisleri,0.452,0.575,-1,Echolocation,/mnt/ubna_data_02/recover-20220901/UBNA_004/20220901_060000.WAV,recover-20220901,UBNA_004,Central Pond
923.4795,923.4955,22890.0,27748.0,Nyctalus leisleri,0.382,0.544,-1,Echolocation,/mnt/ubna_data_02/recover-20220901/UBNA_004/20220901_060000.WAV,recover-20220901,UBNA_004,Central Pond
940.5685,940.5843,22890.0,27448.0,Nyctalus leisleri,0.439,0.595,-1,Echolocation,/mnt/ubna_data_02/recover-20220901/UBNA_004/20220901_060000.WAV,recover-20220901,UBNA_004,Central Pond
943.3005,943.3123,24609.0,30759.0,Nyctalus leisleri,0.358,0.579,-1,Echolocation,/mnt/ubna_data_02/recover-20220901/UBNA_004/20220901_060000.WAV,recover-20220901,UBNA_004,Central Pond
944.1645,944.1791,24609.0,29150.0,Nyctalus leisleri,0.364,0.533,-1,Echolocation,/mnt/ubna_data_02/recover-20220901/UBNA_004/20220901_060000.WAV,recover-20220901,UBNA_004,Central Pond
946.6235,946.6363,21171.0,25675.0,Nyctalus noctula,0.384,0.535,-1,Echolocation,/mnt/ubna_data_02/recover-20220901/UBNA_004/20220901_060000.WAV,recover-20220901,UBNA_004,Central Pond
948.6245,948.6399,23750.0,28601.0,Nyctalus leisleri,0.446,0.556,-1,Echolocation,/mnt/ubna_data_02/recover-20220901/UBNA_004/20220901_060000.WAV,recover-20220901,UBNA_004,Central Pond
949.1085,949.1244,23750.0,29576.0,Nyctalus leisleri,0.36,0.552,-1,Echolocation,/mnt/ubna_data_02/recover-20220901/UBNA_004/20220901_060000.WAV,recover-20220901,UBNA_004,Central Pond
950.8855,950.9025,23750.0,28229.0,Nyctalus leisleri,0.394,0.519,-1,Echolocation,/mnt/ubna_data_02/recover-20220901/UBNA_004/20220901_060000.WAV,recover-20220901,UBNA_004,Central Pond
956.2455,956.2601,22890.0,27784.0,Nyctalus leisleri,0.399,0.57,-1,Echolocation,/mnt/ubna_data_02/recover-20220901/UBNA_004/20220901_060000.WAV,recover-20220901,UBNA_004,Central Pond
972.7825,972.7995,25468.0,29850.0,Nyctalus leisleri,0.304,0.511,-1,Echolocation,/mnt/ubna_data_02/recover-20220901/UBNA_004/20220901_060000.WAV,recover-20220901,UBNA_004,Central Pond
1000.2645,1000.2705,46953.0,56294.0,Pipistrellus pipistrellus,0.527,0.563,-1,Echolocation,/mnt/ubna_data_02/recover-20220901/UBNA_004/20220901_060000.WAV,recover-20220901,UBNA_004,Central Pond
1002.7995,1002.8163,22890.0,28799.0,Nyctalus leisleri,0.244,0.522,-1,Echolocation,/mnt/ubna_data_02/recover-20220901/UBNA_004/20220901_060000.WAV,recover-20220901,UBNA_004,Central Pond
1078.9885,1079.0005,23750.0,30062.0,Nyctalus leisleri,0.244,0.547,-1,Echolocation,/mnt/ubna_data_02/recover-20220901/UBNA_004/20220901_060000.WAV,recover-20220901,UBNA_004,Central Pond
1083.2365,1083.2533,22890.0,27393.0,Nyctalus leisleri,0.43,0.527,-1,Echolocation,/mnt/ubna_data_02/recover-20220901/UBNA_004/20220901_060000.WAV,recover-20220901,UBNA_004,Central Pond
1083.4885,1083.5035,26328.0,31597.0,Nyctalus leisleri,0.357,0.516,-1,Echolocation,/mnt/ubna_data_02/recover-20220901/UBNA_004/20220901_060000.WAV,recover-20220901,UBNA_004,Central Pond
1086.7755,1086.7898,25468.0,30949.0,Nyctalus leisleri,0.392,0.509,-1,Echolocation,/mnt/ubna_data_02/recover-20220901/UBNA_004/20220901_060000.WAV,recover-20220901,UBNA_004,Central Pond
1089.4855,1089.5009,23750.0,28892.0,Nyctalus leisleri,0.333,0.543,-1,Echolocation,/mnt/ubna_data_02/recover-20220901/UBNA_004/20220901_060000.WAV,recover-20220901,UBNA_004,Central Pond
1092.1465,1092.1591,27187.0,34714.0,Eptesicus serotinus,0.324,0.535,-1,Echolocation,/mnt/ubna_data_02/recover-20220901/UBNA_004/20220901_060000.WAV,recover-20220901,UBNA_004,Central Pond
1094.8135,1094.8284,25468.0,29701.0,Nyctalus leisleri,0.364,0.511,-1,Echolocation,/mnt/ubna_data_02/recover-20220901/UBNA_004/20220901_060000.WAV,recover-20220901,UBNA_004,Central Pond
1095.7225,1095.7373,26328.0,31364.0,Nyctalus leisleri,0.339,0.543,-1,Echolocation,/mnt/ubna_data_02/recover-20220901/UBNA_004/20220901_060000.WAV,recover-20220901,UBNA_004,Central Pond
1098.4205,1098.4325,26328.0,31513.0,Nyctalus leisleri,0.383,0.538,-1,Echolocation,/mnt/ubna_data_02/recover-20220901/UBNA_004/20220901_060000.WAV,recover-20220901,UBNA_004,Central Pond
1099.7115,1099.7247,27187.0,35939.0,Eptesicus serotinus,0.333,0.587,-1,Echolocation,/mnt/ubna_data_02/recover-20220901/UBNA_004/20220901_060000.WAV,recover-20220901,UBNA_004,Central Pond
1101.3215,1101.3363,25468.0,31111.0,Nyctalus leisleri,0.365,0.529,-1,Echolocation,/mnt/ubna_data_02/recover-20220901/UBNA_004/20220901_060000.WAV,recover-20220901,UBNA_004,Central Pond
1107.4255,1107.4404,25468.0,31697.0,Nyctalus leisleri,0.327,0.53,-1,Echolocation,/mnt/ubna_data_02/recover-20220901/UBNA_004/20220901_060000.WAV,recover-20220901,UBNA_004,Central Pond
1128.6045,1128.62,23750.0,33025.0,Eptesicus serotinus,0.296,0.581,-1,Echolocation,/mnt/ubna_data_02/recover-20220901/UBNA_004/20220901_060000.WAV,recover-20220901,UBNA_004,Central Pond
1131.4955,1131.5141,22890.0,33277.0,Eptesicus serotinus,0.339,0.552,-1,Echolocation,/mnt/ubna_data_02/recover-20220901/UBNA_004/20220901_060000.WAV,recover-20220901,UBNA_004,Central Pond
1134.5385,1134.5549,22890.0,28034.0,Nyctalus leisleri,0.36,0.541,-1,Echolocation,/mnt/ubna_data_02/recover-20220901/UBNA_004/20220901_060000.WAV,recover-20220901,UBNA_004,Central Pond
1150.1815,1150.1984,24609.0,29834.0,Nyctalus leisleri,0.26,0.536,-1,Echolocation,/mnt/ubna_data_02/recover-20220901/UBNA_004/20220901_060000.WAV,recover-20220901,UBNA_004,Central Pond
1150.3625,1150.3801,24609.0,28755.0,Nyctalus leisleri,0.386,0.509,-1,Echolocation,/mnt/ubna_data_02/recover-20220901/UBNA_004/20220901_060000.WAV,recover-20220901,UBNA_004,Central Pond
1150.5025,1150.5141,25468.0,31336.0,Nyctalus leisleri,0.339,0.563,-1,Echolocation,/mnt/ubna_data_02/recover-20220901/UBNA_004/20220901_060000.WAV,recover-20220901,UBNA_004,Central Pond
1152.7785,1152.7956,25468.0,30581.0,Nyctalus leisleri,0.362,0.519,-1,Echolocation,/mnt/ubna_data_02/recover-20220901/UBNA_004/20220901_060000.WAV,recover-20220901,UBNA_004,Central Pond
1155.6755,1155.6929,24609.0,28815.0,Nyctalus leisleri,0.435,0.582,-1,Echolocation,/mnt/ubna_data_02/recover-20220901/UBNA_004/20220901_060000.WAV,recover-20220901,UBNA_004,Central Pond
1156.5525,1156.5704,24609.0,30686.0,Nyctalus leisleri,0.252,0.514,-1,Echolocation,/mnt/ubna_data_02/recover-20220901/UBNA_004/20220901_060000.WAV,recover-20220901,UBNA_004,Central Pond
1158.6345,1158.6508,23750.0,29886.0,Nyctalus leisleri,0.409,0.611,-1,Echolocation,/mnt/ubna_data_02/recover-20220901/UBNA_004/20220901_060000.WAV,recover-20220901,UBNA_004,Central Pond
1160.5295,1160.5402,26328.0,31416.0,Nyctalus leisleri,0.33,0.586,-1,Echolocation,/mnt/ubna_data_02/recover-20220901/UBNA_004/20220901_060000.WAV,recover-20220901,UBNA_004,Central Pond
1161.5285,1161.5438,23750.0,29885.0,Nyctalus leisleri,0.294,0.512,-1,Echolocation,/mnt/ubna_data_02/recover-20220901/UBNA_004/20220901_060000.WAV,recover-20220901,UBNA_004,Central Pond
1161.8315,1161.8468,23750.0,30876.0,Nyctalus leisleri,0.237,0.532,-1,Echolocation,/mnt/ubna_data_02/recover-20220901/UBNA_004/20220901_060000.WAV,recover-20220901,UBNA_004,Central Pond
1161.9355,1161.9515,23750.0,30312.0,Nyctalus leisleri,0.316,0.562,-1,Echolocation,/mnt/ubna_data_02/recover-20220901/UBNA_004/20220901_060000.WAV,recover-20220901,UBNA_004,Central Pond
1162.3275,1162.3406,23750.0,30014.0,Nyctalus leisleri,0.246,0.573,-1,Echolocation,/mnt/ubna_data_02/recover-20220901/UBNA_004/20220901_060000.WAV,recover-20220901,UBNA_004,Central Pond
1163.1565,1163.1684,26328.0,31517.0,Nyctalus leisleri,0.308,0.502,-1,Echolocation,/mnt/ubna_data_02/recover-20220901/UBNA_004/20220901_060000.WAV,recover-20220901,UBNA_004,Central Pond
1163.4195,1163.4353,23750.0,29943.0,Nyctalus leisleri,0.306,0.594,-1,Echolocation,/mnt/ubna_data_02/recover-20220901/UBNA_004/20220901_060000.WAV,recover-20220901,UBNA_004,Central Pond
1163.4695,1163.4848,24609.0,29560.0,Nyctalus leisleri,0.293,0.529,-1,Echolocation,/mnt/ubna_data_02/recover-20220901/UBNA_004/20220901_060000.WAV,recover-20220901,UBNA_004,Central Pond
1163.8435,1163.8597,24609.0,29747.0,Nyctalus leisleri,0.383,0.543,-1,Echolocation,/mnt/ubna_data_02/recover-20220901/UBNA_004/20220901_060000.WAV,recover-20220901,UBNA_004,Central Pond
1164.1465,1164.1624,23750.0,30154.0,Nyctalus leisleri,0.301,0.541,-1,Echolocation,/mnt/ubna_data_02/recover-20220901/UBNA_004/20220901_060000.WAV,recover-20220901,UBNA_004,Central Pond
1165.3605,1165.3749,24609.0,30321.0,Nyctalus leisleri,0.431,0.593,-1,Echolocation,/mnt/ubna_data_02/recover-20220901/UBNA_004/20220901_060000.WAV,recover-20220901,UBNA_004,Central Pond
1165.6405,1165.6572,23750.0,28941.0,Nyctalus leisleri,0.383,0.598,-1,Echolocation,/mnt/ubna_data_02/recover-20220901/UBNA_004/20220901_060000.WAV,recover-20220901,UBNA_004,Central Pond
1166.0325,1166.0482,23750.0,30494.0,Nyctalus leisleri,0.321,0.57,-1,Echolocation,/mnt/ubna_data_02/recover-20220901/UBNA_004/20220901_060000.WAV,recover-20220901,UBNA_004,Central Pond
1166.2415,1166.2557,24609.0,29879.0,Nyctalus leisleri,0.479,0.632,-1,Echolocation,/mnt/ubna_data_02/recover-20220901/UBNA_004/20220901_060000.WAV,recover-20220901,UBNA_004,Central Pond
1166.8815,1166.8949,24609.0,29620.0,Nyctalus leisleri,0.343,0.624,-1,Echolocation,/mnt/ubna_data_02/recover-20220901/UBNA_004/20220901_060000.WAV,recover-20220901,UBNA_004,Central Pond
1168.3995,1168.4152,23750.0,28245.0,Nyctalus leisleri,0.42,0.54,-1,Echolocation,/mnt/ubna_data_02/recover-20220901/UBNA_004/20220901_060000.WAV,recover-20220901,UBNA_004,Central Pond
1171.2605,1171.2729,25468.0,33329.0,Eptesicus serotinus,0.303,0.523,-1,Echolocation,/mnt/ubna_data_02/recover-20220901/UBNA_004/20220901_060000.WAV,recover-20220901,UBNA_004,Central Pond
1171.4075,1171.4205,25468.0,33918.0,Eptesicus serotinus,0.293,0.559,-1,Echolocation,/mnt/ubna_data_02/recover-20220901/UBNA_004/20220901_060000.WAV,recover-20220901,UBNA_004,Central Pond
1171.8095,1171.8288,24609.0,29001.0,Nyctalus leisleri,0.258,0.516,-1,Echolocation,/mnt/ubna_data_02/recover-20220901/UBNA_004/20220901_060000.WAV,recover-20220901,UBNA_004,Central Pond
1172.5045,1172.5193,23750.0,33504.0,Eptesicus serotinus,0.327,0.524,-1,Echolocation,/mnt/ubna_data_02/recover-20220901/UBNA_004/20220901_060000.WAV,recover-20220901,UBNA_004,Central Pond
1172.9765,1172.9917,23750.0,32492.0,Eptesicus serotinus,0.299,0.549,-1,Echolocation,/mnt/ubna_data_02/recover-20220901/UBNA_004/20220901_060000.WAV,recover-20220901,UBNA_004,Central Pond
1173.2125,1173.2261,24609.0,29616.0,Nyctalus leisleri,0.44,0.65,-1,Echolocation,/mnt/ubna_data_02/recover-20220901/UBNA_004/20220901_060000.WAV,recover-20220901,UBNA_004,Central Pond
1173.8955,1173.9114,24609.0,28711.0,Nyctalus leisleri,0.385,0.541,-1,Echolocation,/mnt/ubna_data_02/recover-20220901/UBNA_004/20220901_060000.WAV,recover-20220901,UBNA_004,Central Pond
1174.6165,1174.6318,24609.0,29950.0,Nyctalus leisleri,0.39,0.557,-1,Echolocation,/mnt/ubna_data_02/recover-20220901/UBNA_004/20220901_060000.WAV,recover-20220901,UBNA_004,Central Pond
1174.6915,1174.7038,23750.0,32342.0,Eptesicus serotinus,0.292,0.603,-1,Echolocation,/mnt/ubna_data_02/recover-20220901/UBNA_004/20220901_060000.WAV,recover-20220901,UBNA_004,Central Pond
1175.3285,1175.3423,23750.0,31648.0,Eptesicus serotinus,0.231,0.574,-1,Echolocation,/mnt/ubna_data_02/recover-20220901/UBNA_004/20220901_060000.WAV,recover-20220901,UBNA_004,Central Pond
1177.8465,1177.8647,24609.0,27832.0,Nyctalus leisleri,0.411,0.537,-1,Echolocation,/mnt/ubna_data_02/recover-20220901/UBNA_004/20220901_060000.WAV,recover-20220901,UBNA_004,Central Pond
1178.3125,1178.3313,24609.0,29319.0,Nyctalus leisleri,0.364,0.543,-1,Echolocation,/mnt/ubna_data_02/recover-20220901/UBNA_004/20220901_060000.WAV,recover-20220901,UBNA_004,Central Pond
1178.6475,1178.6654,25468.0,30836.0,Nyctalus leisleri,0.21,0.501,-1,Echolocation,/mnt/ubna_data_02/recover-20220901/UBNA_004/20220901_060000.WAV,recover-20220901,UBNA_004,Central Pond
1178.9925,1179.0096,24609.0,29149.0,Nyctalus leisleri,0.404,0.513,-1,Echolocation,/mnt/ubna_data_02/recover-20220901/UBNA_004/20220901_060000.WAV,recover-20220901,UBNA_004,Central Pond
1179.7135,1179.7301,24609.0,28817.0,Nyctalus leisleri,0.458,0.553,-1,Echolocation,/mnt/ubna_data_02/recover-20220901/UBNA_004/20220901_060000.WAV,recover-20220901,UBNA_004,Central Pond
1180.2295,1180.2461,25468.0,29151.0,Nyctalus leisleri,0.425,0.504,-1,Echolocation,/mnt/ubna_data_02/recover-20220901/UBNA_004/20220901_060000.WAV,recover-20220901,UBNA_004,Central Pond
1180.8575,1180.8741,24609.0,28674.0,Nyctalus leisleri,0.428,0.563,-1,Echolocation,/mnt/ubna_data_02/recover-20220901/UBNA_004/20220901_060000.WAV,recover-20220901,UBNA_004,Central Pond
1181.5305,1181.5465,24609.0,28018.0,Nyctalus leisleri,0.507,0.616,-1,Echolocation,/mnt/ubna_data_02/recover-20220901/UBNA_004/20220901_060000.WAV,recover-20220901,UBNA_004,Central Pond
1182.7785,1182.7944,22890.0,29094.0,Nyctalus noctula,0.226,0.508,-1,Echolocation,/mnt/ubna_data_02/recover-20220901/UBNA_004/20220901_060000.WAV,recover-20220901,UBNA_004,Central Pond
1184.5195,1184.5386,23750.0,30652.0,Nyctalus leisleri,0.223,0.509,-1,Echolocation,/mnt/ubna_data_02/recover-20220901/UBNA_004/20220901_060000.WAV,recover-20220901,UBNA_004,Central Pond
1185.7935,1185.8094,22890.0,29178.0,Nyctalus leisleri,0.207,0.549,-1,Echolocation,/mnt/ubna_data_02/recover-20220901/UBNA_004/20220901_060000.WAV,recover-20220901,UBNA_004,Central Pond
1185.9045,1185.9236,23750.0,28287.0,Nyctalus leisleri,0.349,0.513,-1,Echolocation,/mnt/ubna_data_02/recover-20220901/UBNA_004/20220901_060000.WAV,recover-20220901,UBNA_004,Central Pond
1186.4255,1186.4437,22890.0,28159.0,Nyctalus leisleri,0.244,0.507,-1,Echolocation,/mnt/ubna_data_02/recover-20220901/UBNA_004/20220901_060000.WAV,recover-20220901,UBNA_004,Central Pond
1187.2135,1187.2271,22890.0,27381.0,Nyctalus leisleri,0.294,0.538,-1,Echolocation,/mnt/ubna_data_02/recover-20220901/UBNA_004/20220901_060000.WAV,recover-20220901,UBNA_004,Central Pond
1189.8405,1189.859,22890.0,28538.0,Nyctalus leisleri,0.253,0.508,-1,Echolocation,/mnt/ubna_data_02/recover-20220901/UBNA_004/20220901_060000.WAV,recover-20220901,UBNA_004,Central Pond
1190.4715,1190.4874,24609.0,29199.0,Nyctalus leisleri,0.369,0.567,-1,Echolocation,/mnt/ubna_data_02/recover-20220901/UBNA_004/20220901_060000.WAV,recover-20220901,UBNA_004,Central Pond
1191.0575,1191.0736,22890.0,29974.0,Nyctalus leisleri,0.229,0.535,-1,Echolocation,/mnt/ubna_data_02/recover-20220901/UBNA_004/20220901_060000.WAV,recover-20220901,UBNA_004,Central Pond
1193.0195,1193.033,24609.0,29746.0,Nyctalus leisleri,0.431,0.616,-1,Echolocation,/mnt/ubna_data_02/recover-20220901/UBNA_004/20220901_060000.WAV,recover-20220901,UBNA_004,Central Pond
1193.6185,1193.6347,22890.0,30342.0,Nyctalus leisleri,0.19,0.53,-1,Echolocation,/mnt/ubna_data_02/recover-20220901/UBNA_004/20220901_060000.WAV,recover-20220901,UBNA_004,Central Pond
1194.9995,1195.0156,23750.0,29495.0,Nyctalus leisleri,0.253,0.527,-1,Echolocation,/mnt/ubna_data_02/recover-20220901/UBNA_004/20220901_060000.WAV,recover-20220901,UBNA_004,Central Pond
1195.7085,1195.7267,22890.0,27644.0,Nyctalus leisleri,0.248,0.508,-1,Echolocation,/mnt/ubna_data_02/recover-20220901/UBNA_004/20220901_060000.WAV,recover-20220901,UBNA_004,Central Pond
1196.0105,1196.0247,23750.0,28848.0,Nyctalus leisleri,0.274,0.535,-1,Echolocation,/mnt/ubna_data_02/recover-20220901/UBNA_004/20220901_060000.WAV,recover-20220901,UBNA_004,Central Pond
1235.2785,1235.2857,46953.0,56833.0,Pipistrellus pipistrellus,0.546,0.617,-1,Echolocation,/mnt/ubna_data_02/recover-20220901/UBNA_004/20220901_060000.WAV,recover-20220901,UBNA_004,Central Pond
1235.3725,1235.3794,46953.0,57935.0,Pipistrellus pipistrellus,0.541,0.649,-1,Echolocation,/mnt/ubna_data_02/recover-20220901/UBNA_004/20220901_060000.WAV,recover-20220901,UBNA_004,Central Pond
1235.4655,1235.4728,46953.0,57927.0,Pipistrellus pipistrellus,0.505,0.64,-1,Echolocation,/mnt/ubna_data_02/recover-20220901/UBNA_004/20220901_060000.WAV,recover-20220901,UBNA_004,Central Pond
1235.5925,1235.5973,47812.0,60036.0,Pipistrellus pipistrellus,0.575,0.599,-1,Echolocation,/mnt/ubna_data_02/recover-20220901/UBNA_004/20220901_060000.WAV,recover-20220901,UBNA_004,Central Pond
1236.0685,1236.074,46953.0,61519.0,Pipistrellus pipistrellus,0.469,0.627,-1,Echolocation,/mnt/ubna_data_02/recover-20220901/UBNA_004/20220901_060000.WAV,recover-20220901,UBNA_004,Central Pond
1236.1345,1236.1418,46953.0,66194.0,Pipistrellus pipistrellus,0.389,0.543,-1,Echolocation,/mnt/ubna_data_02/recover-20220901/UBNA_004/20220901_060000.WAV,recover-20220901,UBNA_004,Central Pond
1236.1875,1236.1924,46953.0,62601.0,Pipistrellus pipistrellus,0.465,0.545,-1,Echolocation,/mnt/ubna_data_02/recover-20220901/UBNA_004/20220901_060000.WAV,recover-20220901,UBNA_004,Central Pond
1236.2295,1236.2358,46953.0,61732.0,Pipistrellus pipistrellus,0.453,0.509,-1,Echolocation,/mnt/ubna_data_02/recover-20220901/UBNA_004/20220901_060000.WAV,recover-20220901,UBNA_004,Central Pond
1238.1705,1238.1854,24609.0,30467.0,Nyctalus leisleri,0.309,0.503,-1,Echolocation,/mnt/ubna_data_02/recover-20220901/UBNA_004/20220901_060000.WAV,recover-20220901,UBNA_004,Central Pond
1240.2085,1240.2249,24609.0,31041.0,Nyctalus leisleri,0.304,0.533,-1,Echolocation,/mnt/ubna_data_02/recover-20220901/UBNA_004/20220901_060000.WAV,recover-20220901,UBNA_004,Central Pond
1242.7145,1242.7279,23750.0,29623.0,Nyctalus leisleri,0.245,0.546,-1,Echolocation,/mnt/ubna_data_02/recover-20220901/UBNA_004/20220901_060000.WAV,recover-20220901,UBNA_004,Central Pond
1270.1225,1270.1292,47812.0,55765.0,Pipistrellus pipistrellus,0.487,0.545,-1,Echolocation,/mnt/ubna_data_02/recover-20220901/UBNA_004/20220901_060000.WAV,recover-20220901,UBNA_004,Central Pond
1299.2315,1299.2392,50390.0,69174.0,Pipistrellus pipistrellus,0.368,0.574,-1,Echolocation,/mnt/ubna_data_02/recover-20220901/UBNA_004/20220901_060000.WAV,recover-20220901,UBNA_004,Central Pond
1299.3355,1299.3405,47812.0,64325.0,Pipistrellus pipistrellus,0.372,0.503,-1,Echolocation,/mnt/ubna_data_02/recover-20220901/UBNA_004/20220901_060000.WAV,recover-20220901,UBNA_004,Central Pond
1299.4805,1299.4867,50390.0,60022.0,Pipistrellus pipistrellus,0.392,0.524,-1,Echolocation,/mnt/ubna_data_02/recover-20220901/UBNA_004/20220901_060000.WAV,recover-20220901,UBNA_004,Central Pond
1299.6155,1299.6201,50390.0,62732.0,Pipistrellus pipistrellus,0.467,0.589,-1,Echolocation,/mnt/ubna_data_02/recover-20220901/UBNA_004/20220901_060000.WAV,recover-20220901,UBNA_004,Central Pond
1299.7885,1299.7964,47812.0,63982.0,Pipistrellus pipistrellus,0.304,0.544,-1,Echolocation,/mnt/ubna_data_02/recover-20220901/UBNA_004/20220901_060000.WAV,recover-20220901,UBNA_004,Central Pond
1305.0535,1305.0704,22890.0,25551.0,Nyctalus leisleri,0.5,0.541,-1,Echolocation,/mnt/ubna_data_02/recover-20220901/UBNA_004/20220901_060000.WAV,recover-20220901,UBNA_004,Central Pond
1331.9185,1331.9251,48671.0,55667.0,Pipistrellus pipistrellus,0.473,0.541,-1,Echolocation,/mnt/ubna_data_02/recover-20220901/UBNA_004/20220901_060000.WAV,recover-20220901,UBNA_004,Central Pond
1332.5365,1332.5426,47812.0,60465.0,Pipistrellus pipistrellus,0.529,0.613,-1,Echolocation,/mnt/ubna_data_02/recover-20220901/UBNA_004/20220901_060000.WAV,recover-20220901,UBNA_004,Central Pond
1332.9095,1332.9185,46953.0,57206.0,Pipistrellus pipistrellus,0.438,0.589,-1,Echolocation,/mnt/ubna_data_02/recover-20220901/UBNA_004/20220901_060000.WAV,recover-20220901,UBNA_004,Central Pond
1370.0895,1370.1042,23750.0,29827.0,Nyctalus leisleri,0.31,0.537,-1,Echolocation,/mnt/ubna_data_02/recover-20220901/UBNA_004/20220901_060000.WAV,recover-20220901,UBNA_004,Central Pond
1370.3325,1370.3399,41796.0,51838.0,Pipistrellus nathusii,0.318,0.505,-1,Echolocation,/mnt/ubna_data_02/recover-20220901/UBNA_004/20220901_060000.WAV,recover-20220901,UBNA_004,Central Pond
1375.0155,1375.0262,46953.0,60775.0,Pipistrellus pipistrellus,0.427,0.622,-1,Echolocation,/mnt/ubna_data_02/recover-20220901/UBNA_004/20220901_060000.WAV,recover-20220901,UBNA_004,Central Pond
1375.3285,1375.3391,46093.0,60080.0,Pipistrellus pipistrellus,0.384,0.555,-1,Echolocation,/mnt/ubna_data_02/recover-20220901/UBNA_004/20220901_060000.WAV,recover-20220901,UBNA_004,Central Pond
1376.5425,1376.5583,23750.0,29730.0,Eptesicus serotinus,0.192,0.535,-1,Echolocation,/mnt/ubna_data_02/recover-20220901/UBNA_004/20220901_060000.WAV,recover-20220901,UBNA_004,Central Pond
1377.8805,1377.8965,23750.0,30336.0,Nyctalus leisleri,0.313,0.554,-1,Echolocation,/mnt/ubna_data_02/recover-20220901/UBNA_004/20220901_060000.WAV,recover-20220901,UBNA_004,Central Pond
1380.7315,1380.7485,23750.0,30551.0,Nyctalus leisleri,0.214,0.501,-1,Echolocation,/mnt/ubna_data_02/recover-20220901/UBNA_004/20220901_060000.WAV,recover-20220901,UBNA_004,Central Pond
1382.6065,1382.6222,23750.0,30617.0,Nyctalus leisleri,0.194,0.502,-1,Echolocation,/mnt/ubna_data_02/recover-20220901/UBNA_004/20220901_060000.WAV,recover-20220901,UBNA_004,Central Pond
1383.2505,1383.2644,22890.0,29885.0,Nyctalus leisleri,0.273,0.552,-1,Echolocation,/mnt/ubna_data_02/recover-20220901/UBNA_004/20220901_060000.WAV,recover-20220901,UBNA_004,Central Pond
1391.6135,1391.6308,22890.0,28979.0,Eptesicus serotinus,0.183,0.528,-1,Echolocation,/mnt/ubna_data_02/recover-20220901/UBNA_004/20220901_060000.WAV,recover-20220901,UBNA_004,Central Pond
1391.9255,1391.9409,22890.0,27771.0,Nyctalus leisleri,0.36,0.538,-1,Echolocation,/mnt/ubna_data_02/recover-20220901/UBNA_004/20220901_060000.WAV,recover-20220901,UBNA_004,Central Pond
1396.3545,1396.3644,42656.0,51377.0,Pipistrellus nathusii,0.433,0.517,-1,Echolocation,/mnt/ubna_data_02/recover-20220901/UBNA_004/20220901_060000.WAV,recover-20220901,UBNA_004,Central Pond
1398.5365,1398.5454,40937.0,47212.0,Pipistrellus nathusii,0.467,0.569,-1,Echolocation,/mnt/ubna_data_02/recover-20220901/UBNA_004/20220901_060000.WAV,recover-20220901,UBNA_004,Central Pond
1400.6735,1400.6862,23750.0,30956.0,Eptesicus serotinus,0.242,0.561,-1,Echolocation,/mnt/ubna_data_02/recover-20220901/UBNA_004/20220901_060000.WAV,recover-20220901,UBNA_004,Central Pond
1402.9185,1402.9319,23750.0,28295.0,Nyctalus leisleri,0.401,0.56,-1,Echolocation,/mnt/ubna_data_02/recover-20220901/UBNA_004/20220901_060000.WAV,recover-20220901,UBNA_004,Central Pond
1404.6065,1404.6143,42656.0,56239.0,Pipistrellus nathusii,0.426,0.519,-1,Echolocation,/mnt/ubna_data_02/recover-20220901/UBNA_004/20220901_060000.WAV,recover-20220901,UBNA_004,Central Pond
1404.7965,1404.8033,43515.0,56493.0,Pipistrellus nathusii,0.312,0.558,-1,Echolocation,/mnt/ubna_data_02/recover-20220901/UBNA_004/20220901_060000.WAV,recover-20220901,UBNA_004,Central Pond
1404.8855,1404.8924,41796.0,51273.0,Pipistrellus nathusii,0.454,0.527,-1,Echolocation,/mnt/ubna_data_02/recover-20220901/UBNA_004/20220901_060000.WAV,recover-20220901,UBNA_004,Central Pond
1405.4695,1405.4765,40937.0,53984.0,Pipistrellus nathusii,0.406,0.518,-1,Echolocation,/mnt/ubna_data_02/recover-20220901/UBNA_004/20220901_060000.WAV,recover-20220901,UBNA_004,Central Pond
1405.7625,1405.7714,41796.0,61486.0,Pipistrellus nathusii,0.361,0.523,-1,Echolocation,/mnt/ubna_data_02/recover-20220901/UBNA_004/20220901_060000.WAV,recover-20220901,UBNA_004,Central Pond
1405.8715,1405.8806,41796.0,61039.0,Pipistrellus nathusii,0.449,0.534,-1,Echolocation,/mnt/ubna_data_02/recover-20220901/UBNA_004/20220901_060000.WAV,recover-20220901,UBNA_004,Central Pond
1405.9165,1405.9297,23750.0,29628.0,Nyctalus leisleri,0.281,0.535,-1,Echolocation,/mnt/ubna_data_02/recover-20220901/UBNA_004/20220901_060000.WAV,recover-20220901,UBNA_004,Central Pond
1405.9675,1405.9751,40937.0,62789.0,Pipistrellus nathusii,0.428,0.528,-1,Echolocation,/mnt/ubna_data_02/recover-20220901/UBNA_004/20220901_060000.WAV,recover-20220901,UBNA_004,Central Pond
1406.0685,1406.0767,40078.0,61246.0,Pipistrellus nathusii,0.393,0.55,-1,Echolocation,/mnt/ubna_data_02/recover-20220901/UBNA_004/20220901_060000.WAV,recover-20220901,UBNA_004,Central Pond
1406.3755,1406.3815,40937.0,66120.0,Pipistrellus nathusii,0.47,0.529,-1,Echolocation,/mnt/ubna_data_02/recover-20220901/UBNA_004/20220901_060000.WAV,recover-20220901,UBNA_004,Central Pond
1415.8145,1415.8291,23750.0,30367.0,Nyctalus leisleri,0.259,0.528,-1,Echolocation,/mnt/ubna_data_02/recover-20220901/UBNA_004/20220901_060000.WAV,recover-20220901,UBNA_004,Central Pond
1424.4735,1424.4884,23750.0,31241.0,Eptesicus serotinus,0.274,0.536,-1,Echolocation,/mnt/ubna_data_02/recover-20220901/UBNA_004/20220901_060000.WAV,recover-20220901,UBNA_004,Central Pond
1425.8895,1425.9047,22890.0,31575.0,Eptesicus serotinus,0.286,0.569,-1,Echolocation,/mnt/ubna_data_02/recover-20220901/UBNA_004/20220901_060000.WAV,recover-20220901,UBNA_004,Central Pond
1439.7865,1439.8004,23750.0,31011.0,Nyctalus leisleri,0.257,0.582,-1,Echolocation,/mnt/ubna_data_02/recover-20220901/UBNA_004/20220901_060000.WAV,recover-20220901,UBNA_004,Central Pond
1440.3685,1440.3751,42656.0,56152.0,Pipistrellus nathusii,0.468,0.514,-1,Echolocation,/mnt/ubna_data_02/recover-20220901/UBNA_004/20220901_060000.WAV,recover-20220901,UBNA_004,Central Pond
1441.5785,1441.5856,41796.0,51300.0,Pipistrellus nathusii,0.475,0.512,-1,Echolocation,/mnt/ubna_data_02/recover-20220901/UBNA_004/20220901_060000.WAV,recover-20220901,UBNA_004,Central Pond
1442.1675,1442.1839,23750.0,28597.0,Nyctalus leisleri,0.445,0.596,-1,Echolocation,/mnt/ubna_data_02/recover-20220901/UBNA_004/20220901_060000.WAV,recover-20220901,UBNA_004,Central Pond
1442.7185,1442.7276,40078.0,51307.0,Pipistrellus nathusii,0.341,0.514,-1,Echolocation,/mnt/ubna_data_02/recover-20220901/UBNA_004/20220901_060000.WAV,recover-20220901,UBNA_004,Central Pond
1443.2685,1443.277,40078.0,50796.0,Pipistrellus nathusii,0.423,0.527,-1,Echolocation,/mnt/ubna_data_02/recover-20220901/UBNA_004/20220901_060000.WAV,recover-20220901,UBNA_004,Central Pond
1444.3875,1444.4017,23750.0,29427.0,Nyctalus leisleri,0.307,0.516,-1,Echolocation,/mnt/ubna_data_02/recover-20220901/UBNA_004/20220901_060000.WAV,recover-20220901,UBNA_004,Central Pond
1446.3085,1446.3244,23750.0,30458.0,Nyctalus leisleri,0.259,0.512,-1,Echolocation,/mnt/ubna_data_02/recover-20220901/UBNA_004/20220901_060000.WAV,recover-20220901,UBNA_004,Central Pond
1447.7195,1447.729,41796.0,51240.0,Pipistrellus nathusii,0.311,0.511,-1,Echolocation,/mnt/ubna_data_02/recover-20220901/UBNA_004/20220901_060000.WAV,recover-20220901,UBNA_004,Central Pond
1448.2205,1448.2292,41796.0,51151.0,Pipistrellus nathusii,0.508,0.607,-1,Echolocation,/mnt/ubna_data_02/recover-20220901/UBNA_004/20220901_060000.WAV,recover-20220901,UBNA_004,Central Pond
1448.4715,1448.4793,40937.0,54316.0,Pipistrellus nathusii,0.445,0.519,-1,Echolocation,/mnt/ubna_data_02/recover-20220901/UBNA_004/20220901_060000.WAV,recover-20220901,UBNA_004,Central Pond
1448.5385,1448.5556,23750.0,28370.0,Nyctalus leisleri,0.398,0.539,-1,Echolocation,/mnt/ubna_data_02/recover-20220901/UBNA_004/20220901_060000.WAV,recover-20220901,UBNA_004,Central Pond
1448.7405,1448.7496,40937.0,50556.0,Pipistrellus nathusii,0.426,0.527,-1,Echolocation,/mnt/ubna_data_02/recover-20220901/UBNA_004/20220901_060000.WAV,recover-20220901,UBNA_004,Central Pond
1448.9225,1448.9306,40937.0,50377.0,Pipistrellus nathusii,0.465,0.543,-1,Echolocation,/mnt/ubna_data_02/recover-20220901/UBNA_004/20220901_060000.WAV,recover-20220901,UBNA_004,Central Pond
1449.0125,1449.0211,41796.0,53501.0,Pipistrellus nathusii,0.404,0.533,-1,Echolocation,/mnt/ubna_data_02/recover-20220901/UBNA_004/20220901_060000.WAV,recover-20220901,UBNA_004,Central Pond
1449.0875,1449.1039,23750.0,28375.0,Nyctalus leisleri,0.363,0.541,-1,Echolocation,/mnt/ubna_data_02/recover-20220901/UBNA_004/20220901_060000.WAV,recover-20220901,UBNA_004,Central Pond
1449.2835,1449.2909,40937.0,53843.0,Pipistrellus nathusii,0.49,0.549,-1,Echolocation,/mnt/ubna_data_02/recover-20220901/UBNA_004/20220901_060000.WAV,recover-20220901,UBNA_004,Central Pond
1449.3755,1449.393,23750.0,29872.0,Nyctalus leisleri,0.366,0.572,-1,Echolocation,/mnt/ubna_data_02/recover-20220901/UBNA_004/20220901_060000.WAV,recover-20220901,UBNA_004,Central Pond
1449.3805,1449.3878,40937.0,48145.0,Pipistrellus nathusii,0.513,0.547,-1,Echolocation,/mnt/ubna_data_02/recover-20220901/UBNA_004/20220901_060000.WAV,recover-20220901,UBNA_004,Central Pond
1449.4705,1449.4788,40078.0,53906.0,Pipistrellus nathusii,0.508,0.565,-1,Echolocation,/mnt/ubna_data_02/recover-20220901/UBNA_004/20220901_060000.WAV,recover-20220901,UBNA_004,Central Pond
1449.6415,1449.6494,40937.0,51428.0,Pipistrellus nathusii,0.509,0.545,-1,Echolocation,/mnt/ubna_data_02/recover-20220901/UBNA_004/20220901_060000.WAV,recover-20220901,UBNA_004,Central Pond
1449.7335,1449.7433,40937.0,55264.0,Pipistrellus nathusii,0.442,0.524,-1,Echolocation,/mnt/ubna_data_02/recover-20220901/UBNA_004/20220901_060000.WAV,recover-20220901,UBNA_004,Central Pond
1449.9115,1449.9208,40937.0,52047.0,Pipistrellus nathusii,0.49,0.532,-1,Echolocation,/mnt/ubna_data_02/recover-20220901/UBNA_004/20220901_060000.WAV,recover-20220901,UBNA_004,Central Pond
1450.0025,1450.0095,40937.0,56321.0,Pipistrellus nathusii,0.499,0.579,-1,Echolocation,/mnt/ubna_data_02/recover-20220901/UBNA_004/20220901_060000.WAV,recover-20220901,UBNA_004,Central Pond
1450.0925,1450.1019000000001,40078.0,55682.0,Pipistrellus nathusii,0.467,0.557,-1,Echolocation,/mnt/ubna_data_02/recover-20220901/UBNA_004/20220901_060000.WAV,recover-20220901,UBNA_004,Central Pond
1450.1855,1450.194,40078.0,53048.0,Pipistrellus nathusii,0.538,0.574,-1,Echolocation,/mnt/ubna_data_02/recover-20220901/UBNA_004/20220901_060000.WAV,recover-20220901,UBNA_004,Central Pond
1450.2685,1450.2763,40937.0,63318.0,Pipistrellus nathusii,0.436,0.524,-1,Echolocation,/mnt/ubna_data_02/recover-20220901/UBNA_004/20220901_060000.WAV,recover-20220901,UBNA_004,Central Pond
1450.3625,1450.3721,40078.0,60850.0,Pipistrellus nathusii,0.446,0.52,-1,Echolocation,/mnt/ubna_data_02/recover-20220901/UBNA_004/20220901_060000.WAV,recover-20220901,UBNA_004,Central Pond
1450.5445,1450.5542,40937.0,59118.0,Pipistrellus nathusii,0.394,0.567,-1,Echolocation,/mnt/ubna_data_02/recover-20220901/UBNA_004/20220901_060000.WAV,recover-20220901,UBNA_004,Central Pond
1450.6355,1450.6438,40937.0,55469.0,Pipistrellus nathusii,0.453,0.51,-1,Echolocation,/mnt/ubna_data_02/recover-20220901/UBNA_004/20220901_060000.WAV,recover-20220901,UBNA_004,Central Pond
1450.7585,1450.7656,45234.0,70165.0,Pipistrellus pipistrellus,0.28,0.514,-1,Echolocation,/mnt/ubna_data_02/recover-20220901/UBNA_004/20220901_060000.WAV,recover-20220901,UBNA_004,Central Pond
1450.8105,1450.8179,40937.0,62040.0,Pipistrellus nathusii,0.406,0.543,-1,Echolocation,/mnt/ubna_data_02/recover-20220901/UBNA_004/20220901_060000.WAV,recover-20220901,UBNA_004,Central Pond
1450.9025,1450.9104,40937.0,64022.0,Pipistrellus nathusii,0.418,0.526,-1,Echolocation,/mnt/ubna_data_02/recover-20220901/UBNA_004/20220901_060000.WAV,recover-20220901,UBNA_004,Central Pond
1451.0025,1451.0121,41796.0,60332.0,Pipistrellus nathusii,0.42,0.532,-1,Echolocation,/mnt/ubna_data_02/recover-20220901/UBNA_004/20220901_060000.WAV,recover-20220901,UBNA_004,Central Pond
1451.0805,1451.0894,41796.0,61615.0,Pipistrellus nathusii,0.203,0.52,-1,Echolocation,/mnt/ubna_data_02/recover-20220901/UBNA_004/20220901_060000.WAV,recover-20220901,UBNA_004,Central Pond
1451.7705,1451.7791,40078.0,65890.0,Pipistrellus nathusii,0.253,0.532,-1,Echolocation,/mnt/ubna_data_02/recover-20220901/UBNA_004/20220901_060000.WAV,recover-20220901,UBNA_004,Central Pond
1451.8535,1451.8612,40078.0,59582.0,Pipistrellus nathusii,0.476,0.544,-1,Echolocation,/mnt/ubna_data_02/recover-20220901/UBNA_004/20220901_060000.WAV,recover-20220901,UBNA_004,Central Pond
1451.9035,1451.9098,43515.0,75672.0,Pipistrellus pipistrellus,0.297,0.528,-1,Echolocation,/mnt/ubna_data_02/recover-20220901/UBNA_004/20220901_060000.WAV,recover-20220901,UBNA_004,Central Pond
1452.2715,1452.279,40937.0,62038.0,Pipistrellus nathusii,0.309,0.516,-1,Echolocation,/mnt/ubna_data_02/recover-20220901/UBNA_004/20220901_060000.WAV,recover-20220901,UBNA_004,Central Pond
1452.4455,1452.4527,40078.0,62213.0,Pipistrellus nathusii,0.259,0.575,-1,Echolocation,/mnt/ubna_data_02/recover-20220901/UBNA_004/20220901_060000.WAV,recover-20220901,UBNA_004,Central Pond
1452.6225,1452.6289,41796.0,60554.0,Pipistrellus pipistrellus,0.245,0.574,-1,Echolocation,/mnt/ubna_data_02/recover-20220901/UBNA_004/20220901_060000.WAV,recover-20220901,UBNA_004,Central Pond
1456.2425,1456.253,46093.0,64284.0,Pipistrellus pipistrellus,0.412,0.503,-1,Echolocation,/mnt/ubna_data_02/recover-20220901/UBNA_004/20220901_060000.WAV,recover-20220901,UBNA_004,Central Pond
1456.3225,1456.332,46953.0,63070.0,Pipistrellus pipistrellus,0.481,0.587,-1,Echolocation,/mnt/ubna_data_02/recover-20220901/UBNA_004/20220901_060000.WAV,recover-20220901,UBNA_004,Central Pond
1456.5525,1456.5652,24609.0,31001.0,Nyctalus leisleri,0.259,0.599,-1,Echolocation,/mnt/ubna_data_02/recover-20220901/UBNA_004/20220901_060000.WAV,recover-20220901,UBNA_004,Central Pond
1456.5955,1456.6048,47812.0,63306.0,Pipistrellus pipistrellus,0.443,0.621,-1,Echolocation,/mnt/ubna_data_02/recover-20220901/UBNA_004/20220901_060000.WAV,recover-20220901,UBNA_004,Central Pond
1456.7605,1456.7693,46953.0,60606.0,Pipistrellus pipistrellus,0.482,0.573,-1,Echolocation,/mnt/ubna_data_02/recover-20220901/UBNA_004/20220901_060000.WAV,recover-20220901,UBNA_004,Central Pond
1456.8155,1456.8218,48671.0,60962.0,Pipistrellus pipistrellus,0.584,0.6,-1,Echolocation,/mnt/ubna_data_02/recover-20220901/UBNA_004/20220901_060000.WAV,recover-20220901,UBNA_004,Central Pond
1456.9095,1456.9192,47812.0,61816.0,Pipistrellus pipistrellus,0.479,0.594,-1,Echolocation,/mnt/ubna_data_02/recover-20220901/UBNA_004/20220901_060000.WAV,recover-20220901,UBNA_004,Central Pond
1456.9775,1456.9847,46093.0,63808.0,Pipistrellus pipistrellus,0.553,0.657,-1,Echolocation,/mnt/ubna_data_02/recover-20220901/UBNA_004/20220901_060000.WAV,recover-20220901,UBNA_004,Central Pond
1457.0065,1457.0123,50390.0,63698.0,Pipistrellus pipistrellus,0.483,0.519,-1,Echolocation,/mnt/ubna_data_02/recover-20220901/UBNA_004/20220901_060000.WAV,recover-20220901,UBNA_004,Central Pond
1457.0605,1457.0696,46953.0,66135.0,Pipistrellus pipistrellus,0.501,0.61,-1,Echolocation,/mnt/ubna_data_02/recover-20220901/UBNA_004/20220901_060000.WAV,recover-20220901,UBNA_004,Central Pond
1457.0905,1457.0979,49531.0,64999.0,Pipistrellus pipistrellus,0.446,0.525,-1,Echolocation,/mnt/ubna_data_02/recover-20220901/UBNA_004/20220901_060000.WAV,recover-20220901,UBNA_004,Central Pond
1457.0925,1457.1095,22890.0,28420.0,Nyctalus leisleri,0.308,0.545,-1,Echolocation,/mnt/ubna_data_02/recover-20220901/UBNA_004/20220901_060000.WAV,recover-20220901,UBNA_004,Central Pond
1457.1855,1457.1959,48671.0,63399.0,Pipistrellus pipistrellus,0.44,0.506,-1,Echolocation,/mnt/ubna_data_02/recover-20220901/UBNA_004/20220901_060000.WAV,recover-20220901,UBNA_004,Central Pond
1457.2455,1457.2548,46093.0,61806.0,Pipistrellus pipistrellus,0.469,0.592,-1,Echolocation,/mnt/ubna_data_02/recover-20220901/UBNA_004/20220901_060000.WAV,recover-20220901,UBNA_004,Central Pond
1457.3685,1457.3853,23750.0,31788.0,Eptesicus serotinus,0.29,0.546,-1,Echolocation,/mnt/ubna_data_02/recover-20220901/UBNA_004/20220901_060000.WAV,recover-20220901,UBNA_004,Central Pond
1457.4985,1457.5072,46953.0,61134.0,Pipistrellus pipistrellus,0.494,0.593,-1,Echolocation,/mnt/ubna_data_02/recover-20220901/UBNA_004/20220901_060000.WAV,recover-20220901,UBNA_004,Central Pond
1457.5745,1457.5817,47812.0,58827.0,Pipistrellus pipistrellus,0.531,0.551,-1,Echolocation,/mnt/ubna_data_02/recover-20220901/UBNA_004/20220901_060000.WAV,recover-20220901,UBNA_004,Central Pond
1457.6475,1457.6539,47812.0,62797.0,Pipistrellus pipistrellus,0.583,0.671,-1,Echolocation,/mnt/ubna_data_02/recover-20220901/UBNA_004/20220901_060000.WAV,recover-20220901,UBNA_004,Central Pond
1457.7925,1457.8022,48671.0,64020.0,Pipistrellus pipistrellus,0.481,0.603,-1,Echolocation,/mnt/ubna_data_02/recover-20220901/UBNA_004/20220901_060000.WAV,recover-20220901,UBNA_004,Central Pond
1457.8805,1457.8884,46953.0,59810.0,Pipistrellus pipistrellus,0.604,0.669,-1,Echolocation,/mnt/ubna_data_02/recover-20220901/UBNA_004/20220901_060000.WAV,recover-20220901,UBNA_004,Central Pond
1458.0575,1458.0682,47812.0,68110.0,Pipistrellus pipistrellus,0.451,0.647,-1,Echolocation,/mnt/ubna_data_02/recover-20220901/UBNA_004/20220901_060000.WAV,recover-20220901,UBNA_004,Central Pond
1458.2115,1458.2229,46953.0,66773.0,Pipistrellus pipistrellus,0.358,0.526,-1,Echolocation,/mnt/ubna_data_02/recover-20220901/UBNA_004/20220901_060000.WAV,recover-20220901,UBNA_004,Central Pond
1458.2875,1458.2969,46953.0,69234.0,Pipistrellus pipistrellus,0.376,0.588,-1,Echolocation,/mnt/ubna_data_02/recover-20220901/UBNA_004/20220901_060000.WAV,recover-20220901,UBNA_004,Central Pond
1458.4865,1458.4974,50390.0,67038.0,Pipistrellus pipistrellus,0.426,0.504,-1,Echolocation,/mnt/ubna_data_02/recover-20220901/UBNA_004/20220901_060000.WAV,recover-20220901,UBNA_004,Central Pond
1458.5585,1458.5681,47812.0,66809.0,Pipistrellus pipistrellus,0.477,0.599,-1,Echolocation,/mnt/ubna_data_02/recover-20220901/UBNA_004/20220901_060000.WAV,recover-20220901,UBNA_004,Central Pond
1458.7015,1458.7122,50390.0,69628.0,Pipistrellus pipistrellus,0.429,0.522,-1,Echolocation,/mnt/ubna_data_02/recover-20220901/UBNA_004/20220901_060000.WAV,recover-20220901,UBNA_004,Central Pond
1458.7545,1458.7643,46953.0,70931.0,Pipistrellus pipistrellus,0.456,0.64,-1,Echolocation,/mnt/ubna_data_02/recover-20220901/UBNA_004/20220901_060000.WAV,recover-20220901,UBNA_004,Central Pond
1458.8355,1458.8445,46953.0,63457.0,Pipistrellus pipistrellus,0.478,0.529,-1,Echolocation,/mnt/ubna_data_02/recover-20220901/UBNA_004/20220901_060000.WAV,recover-20220901,UBNA_004,Central Pond
1458.8855,1458.8938,49531.0,68371.0,Pipistrellus pipistrellus,0.452,0.537,-1,Echolocation,/mnt/ubna_data_02/recover-20220901/UBNA_004/20220901_060000.WAV,recover-20220901,UBNA_004,Central Pond
1458.9405,1458.9489,47812.0,66242.0,Pipistrellus pipistrellus,0.393,0.504,-1,Echolocation,/mnt/ubna_data_02/recover-20220901/UBNA_004/20220901_060000.WAV,recover-20220901,UBNA_004,Central Pond
1459.0075,1459.0167,46953.0,67600.0,Pipistrellus pipistrellus,0.379,0.501,-1,Echolocation,/mnt/ubna_data_02/recover-20220901/UBNA_004/20220901_060000.WAV,recover-20220901,UBNA_004,Central Pond
1459.0565,1459.0647,46953.0,69399.0,Pipistrellus pipistrellus,0.385,0.51,-1,Echolocation,/mnt/ubna_data_02/recover-20220901/UBNA_004/20220901_060000.WAV,recover-20220901,UBNA_004,Central Pond
1459.2585,1459.2684,46093.0,64826.0,Pipistrellus pipistrellus,0.425,0.542,-1,Echolocation,/mnt/ubna_data_02/recover-20220901/UBNA_004/20220901_060000.WAV,recover-20220901,UBNA_004,Central Pond
1459.4635,1459.4728,48671.0,71470.0,Pipistrellus pipistrellus,0.457,0.547,-1,Echolocation,/mnt/ubna_data_02/recover-20220901/UBNA_004/20220901_060000.WAV,recover-20220901,UBNA_004,Central Pond
1459.5555,1459.5612,50390.0,70083.0,Pipistrellus pipistrellus,0.454,0.53,-1,Echolocation,/mnt/ubna_data_02/recover-20220901/UBNA_004/20220901_060000.WAV,recover-20220901,UBNA_004,Central Pond
1459.6235,1459.6321,48671.0,70294.0,Pipistrellus pipistrellus,0.47,0.518,-1,Echolocation,/mnt/ubna_data_02/recover-20220901/UBNA_004/20220901_060000.WAV,recover-20220901,UBNA_004,Central Pond
1459.6925,1459.7003,46953.0,68933.0,Pipistrellus pipistrellus,0.435,0.563,-1,Echolocation,/mnt/ubna_data_02/recover-20220901/UBNA_004/20220901_060000.WAV,recover-20220901,UBNA_004,Central Pond
1459.8785,1459.8879,47812.0,69185.0,Pipistrellus pipistrellus,0.486,0.626,-1,Echolocation,/mnt/ubna_data_02/recover-20220901/UBNA_004/20220901_060000.WAV,recover-20220901,UBNA_004,Central Pond
1459.9285,1459.9363,48671.0,67101.0,Pipistrellus pipistrellus,0.515,0.663,-1,Echolocation,/mnt/ubna_data_02/recover-20220901/UBNA_004/20220901_060000.WAV,recover-20220901,UBNA_004,Central Pond
1459.9745,1459.9811,48671.0,67108.0,Pipistrellus pipistrellus,0.46,0.625,-1,Echolocation,/mnt/ubna_data_02/recover-20220901/UBNA_004/20220901_060000.WAV,recover-20220901,UBNA_004,Central Pond
1460.0265,1460.0337,47812.0,68648.0,Pipistrellus pipistrellus,0.487,0.573,-1,Echolocation,/mnt/ubna_data_02/recover-20220901/UBNA_004/20220901_060000.WAV,recover-20220901,UBNA_004,Central Pond
1460.0845,1460.0926,46953.0,69281.0,Pipistrellus pipistrellus,0.542,0.66,-1,Echolocation,/mnt/ubna_data_02/recover-20220901/UBNA_004/20220901_060000.WAV,recover-20220901,UBNA_004,Central Pond
1460.1855,1460.1963,48671.0,68041.0,Pipistrellus pipistrellus,0.46,0.55,-1,Echolocation,/mnt/ubna_data_02/recover-20220901/UBNA_004/20220901_060000.WAV,recover-20220901,UBNA_004,Central Pond
1460.3715,1460.3783,48671.0,65448.0,Pipistrellus pipistrellus,0.515,0.596,-1,Echolocation,/mnt/ubna_data_02/recover-20220901/UBNA_004/20220901_060000.WAV,recover-20220901,UBNA_004,Central Pond
1460.4865,1460.495,47812.0,62187.0,Pipistrellus pipistrellus,0.457,0.621,-1,Echolocation,/mnt/ubna_data_02/recover-20220901/UBNA_004/20220901_060000.WAV,recover-20220901,UBNA_004,Central Pond
1460.5615,1460.5669,49531.0,60459.0,Pipistrellus pipistrellus,0.49,0.52,-1,Echolocation,/mnt/ubna_data_02/recover-20220901/UBNA_004/20220901_060000.WAV,recover-20220901,UBNA_004,Central Pond
1460.6885,1460.6968,47812.0,64612.0,Pipistrellus pipistrellus,0.543,0.696,-1,Echolocation,/mnt/ubna_data_02/recover-20220901/UBNA_004/20220901_060000.WAV,recover-20220901,UBNA_004,Central Pond
1460.7525,1460.7604,47812.0,63942.0,Pipistrellus pipistrellus,0.44,0.556,-1,Echolocation,/mnt/ubna_data_02/recover-20220901/UBNA_004/20220901_060000.WAV,recover-20220901,UBNA_004,Central Pond
1460.8045,1460.8146,46953.0,64016.0,Pipistrellus pipistrellus,0.499,0.665,-1,Echolocation,/mnt/ubna_data_02/recover-20220901/UBNA_004/20220901_060000.WAV,recover-20220901,UBNA_004,Central Pond
1460.9895,1460.9968,48671.0,62165.0,Pipistrellus pipistrellus,0.557,0.631,-1,Echolocation,/mnt/ubna_data_02/recover-20220901/UBNA_004/20220901_060000.WAV,recover-20220901,UBNA_004,Central Pond
1461.2695,1461.277,46953.0,61421.0,Pipistrellus pipistrellus,0.477,0.55,-1,Echolocation,/mnt/ubna_data_02/recover-20220901/UBNA_004/20220901_060000.WAV,recover-20220901,UBNA_004,Central Pond
1461.6955,1461.7098,23750.0,29371.0,Nyctalus leisleri,0.425,0.56,-1,Echolocation,/mnt/ubna_data_02/recover-20220901/UBNA_004/20220901_060000.WAV,recover-20220901,UBNA_004,Central Pond
1463.5245,1463.5433,23750.0,27898.0,Nyctalus leisleri,0.378,0.512,-1,Echolocation,/mnt/ubna_data_02/recover-20220901/UBNA_004/20220901_060000.WAV,recover-20220901,UBNA_004,Central Pond
1463.9065,1463.9214,24609.0,29098.0,Nyctalus leisleri,0.418,0.579,-1,Echolocation,/mnt/ubna_data_02/recover-20220901/UBNA_004/20220901_060000.WAV,recover-20220901,UBNA_004,Central Pond
1464.2725,1464.2857,24609.0,30324.0,Nyctalus leisleri,0.454,0.652,-1,Echolocation,/mnt/ubna_data_02/recover-20220901/UBNA_004/20220901_060000.WAV,recover-20220901,UBNA_004,Central Pond
1464.4685,1464.4804,25468.0,31238.0,Nyctalus leisleri,0.41,0.624,-1,Echolocation,/mnt/ubna_data_02/recover-20220901/UBNA_004/20220901_060000.WAV,recover-20220901,UBNA_004,Central Pond
1464.8655,1464.8803,23750.0,31122.0,Eptesicus serotinus,0.253,0.507,-1,Echolocation,/mnt/ubna_data_02/recover-20220901/UBNA_004/20220901_060000.WAV,recover-20220901,UBNA_004,Central Pond
1468.0725,1468.0855999999999,24609.0,29600.0,Nyctalus leisleri,0.417,0.589,-1,Echolocation,/mnt/ubna_data_02/recover-20220901/UBNA_004/20220901_060000.WAV,recover-20220901,UBNA_004,Central Pond
1469.1255,1469.1382,24609.0,29240.0,Nyctalus leisleri,0.368,0.555,-1,Echolocation,/mnt/ubna_data_02/recover-20220901/UBNA_004/20220901_060000.WAV,recover-20220901,UBNA_004,Central Pond
1473.5735,1473.5891,25468.0,30248.0,Nyctalus leisleri,0.3,0.525,-1,Echolocation,/mnt/ubna_data_02/recover-20220901/UBNA_004/20220901_060000.WAV,recover-20220901,UBNA_004,Central Pond
1475.4915,1475.5072,22890.0,25804.0,Nyctalus leisleri,0.421,0.509,-1,Echolocation,/mnt/ubna_data_02/recover-20220901/UBNA_004/20220901_060000.WAV,recover-20220901,UBNA_004,Central Pond
1483.9855,1484.0004,22890.0,29634.0,Nyctalus leisleri,0.225,0.524,-1,Echolocation,/mnt/ubna_data_02/recover-20220901/UBNA_004/20220901_060000.WAV,recover-20220901,UBNA_004,Central Pond
1488.8665,1488.8811,23750.0,28437.0,Nyctalus leisleri,0.459,0.598,-1,Echolocation,/mnt/ubna_data_02/recover-20220901/UBNA_004/20220901_060000.WAV,recover-20220901,UBNA_004,Central Pond
1490.3275,1490.3421,23750.0,30344.0,Nyctalus leisleri,0.28,0.541,-1,Echolocation,/mnt/ubna_data_02/recover-20220901/UBNA_004/20220901_060000.WAV,recover-20220901,UBNA_004,Central Pond
1491.0395,1491.0542,22890.0,31178.0,Eptesicus serotinus,0.264,0.522,-1,Echolocation,/mnt/ubna_data_02/recover-20220901/UBNA_004/20220901_060000.WAV,recover-20220901,UBNA_004,Central Pond
1491.3535,1491.3684,22890.0,29788.0,Eptesicus serotinus,0.237,0.552,-1,Echolocation,/mnt/ubna_data_02/recover-20220901/UBNA_004/20220901_060000.WAV,recover-20220901,UBNA_004,Central Pond
1491.6575,1491.6729,22890.0,27918.0,Nyctalus leisleri,0.422,0.579,-1,Echolocation,/mnt/ubna_data_02/recover-20220901/UBNA_004/20220901_060000.WAV,recover-20220901,UBNA_004,Central Pond
1492.3065,1492.3239,22031.0,29260.0,Nyctalus noctula,0.229,0.553,-1,Echolocation,/mnt/ubna_data_02/recover-20220901/UBNA_004/20220901_060000.WAV,recover-20220901,UBNA_004,Central Pond
1492.6375,1492.6557,22890.0,28666.0,Nyctalus leisleri,0.256,0.505,-1,Echolocation,/mnt/ubna_data_02/recover-20220901/UBNA_004/20220901_060000.WAV,recover-20220901,UBNA_004,Central Pond
1493.9495,1493.96,24609.0,30342.0,Nyctalus leisleri,0.275,0.553,-1,Echolocation,/mnt/ubna_data_02/recover-20220901/UBNA_004/20220901_060000.WAV,recover-20220901,UBNA_004,Central Pond
1494.0975,1494.1117,23750.0,30368.0,Nyctalus leisleri,0.233,0.577,-1,Echolocation,/mnt/ubna_data_02/recover-20220901/UBNA_004/20220901_060000.WAV,recover-20220901,UBNA_004,Central Pond
1495.0075,1495.0242,23750.0,29688.0,Nyctalus leisleri,0.228,0.503,-1,Echolocation,/mnt/ubna_data_02/recover-20220901/UBNA_004/20220901_060000.WAV,recover-20220901,UBNA_004,Central Pond
1495.9425,1495.9603,22890.0,29174.0,Nyctalus leisleri,0.288,0.525,-1,Echolocation,/mnt/ubna_data_02/recover-20220901/UBNA_004/20220901_060000.WAV,recover-20220901,UBNA_004,Central Pond
1497.5635,1497.5783,24609.0,28329.0,Nyctalus leisleri,0.425,0.594,-1,Echolocation,/mnt/ubna_data_02/recover-20220901/UBNA_004/20220901_060000.WAV,recover-20220901,UBNA_004,Central Pond
1499.3205,1499.3317,25468.0,30324.0,Nyctalus leisleri,0.383,0.531,-1,Echolocation,/mnt/ubna_data_02/recover-20220901/UBNA_004/20220901_060000.WAV,recover-20220901,UBNA_004,Central Pond
1499.8985,1499.9149,22890.0,28289.0,Nyctalus leisleri,0.256,0.502,-1,Echolocation,/mnt/ubna_data_02/recover-20220901/UBNA_004/20220901_060000.WAV,recover-20220901,UBNA_004,Central Pond
1500.3615,1500.3777,22890.0,28266.0,Nyctalus leisleri,0.237,0.506,-1,Echolocation,/mnt/ubna_data_02/recover-20220901/UBNA_004/20220901_060000.WAV,recover-20220901,UBNA_004,Central Pond
1501.8585,1501.8726,24609.0,29918.0,Nyctalus leisleri,0.282,0.526,-1,Echolocation,/mnt/ubna_data_02/recover-20220901/UBNA_004/20220901_060000.WAV,recover-20220901,UBNA_004,Central Pond
1502.0435,1502.0566,23750.0,30679.0,Eptesicus serotinus,0.282,0.607,-1,Echolocation,/mnt/ubna_data_02/recover-20220901/UBNA_004/20220901_060000.WAV,recover-20220901,UBNA_004,Central Pond
1502.5765,1502.5881,23750.0,29468.0,Nyctalus leisleri,0.301,0.567,-1,Echolocation,/mnt/ubna_data_02/recover-20220901/UBNA_004/20220901_060000.WAV,recover-20220901,UBNA_004,Central Pond
1503.5735,1503.5832,24609.0,31125.0,Eptesicus serotinus,0.227,0.512,-1,Echolocation,/mnt/ubna_data_02/recover-20220901/UBNA_004/20220901_060000.WAV,recover-20220901,UBNA_004,Central Pond
1505.2585,1505.2696,23750.0,30847.0,Eptesicus serotinus,0.296,0.562,-1,Echolocation,/mnt/ubna_data_02/recover-20220901/UBNA_004/20220901_060000.WAV,recover-20220901,UBNA_004,Central Pond
1506.3445,1506.3563,23750.0,30125.0,Nyctalus leisleri,0.237,0.533,-1,Echolocation,/mnt/ubna_data_02/recover-20220901/UBNA_004/20220901_060000.WAV,recover-20220901,UBNA_004,Central Pond
1506.6865,1506.6984,23750.0,28959.0,Nyctalus leisleri,0.39,0.606,-1,Echolocation,/mnt/ubna_data_02/recover-20220901/UBNA_004/20220901_060000.WAV,recover-20220901,UBNA_004,Central Pond
1507.7335,1507.7474,23750.0,29124.0,Nyctalus leisleri,0.3,0.515,-1,Echolocation,/mnt/ubna_data_02/recover-20220901/UBNA_004/20220901_060000.WAV,recover-20220901,UBNA_004,Central Pond
1513.6595,1513.674,23750.0,30068.0,Nyctalus leisleri,0.22,0.509,-1,Echolocation,/mnt/ubna_data_02/recover-20220901/UBNA_004/20220901_060000.WAV,recover-20220901,UBNA_004,Central Pond
1514.7755,1514.7908,23750.0,29030.0,Nyctalus leisleri,0.379,0.591,-1,Echolocation,/mnt/ubna_data_02/recover-20220901/UBNA_004/20220901_060000.WAV,recover-20220901,UBNA_004,Central Pond
1516.5185,1516.5355,23750.0,27675.0,Nyctalus leisleri,0.468,0.542,-1,Echolocation,/mnt/ubna_data_02/recover-20220901/UBNA_004/20220901_060000.WAV,recover-20220901,UBNA_004,Central Pond
1520.4185,1520.4261,46093.0,63206.0,Pipistrellus pipistrellus,0.522,0.624,-1,Echolocation,/mnt/ubna_data_02/recover-20220901/UBNA_004/20220901_060000.WAV,recover-20220901,UBNA_004,Central Pond
1520.5055,1520.5144,45234.0,63849.0,Pipistrellus pipistrellus,0.417,0.569,-1,Echolocation,/mnt/ubna_data_02/recover-20220901/UBNA_004/20220901_060000.WAV,recover-20220901,UBNA_004,Central Pond
1520.6985,1520.7085,45234.0,62000.0,Pipistrellus pipistrellus,0.482,0.614,-1,Echolocation,/mnt/ubna_data_02/recover-20220901/UBNA_004/20220901_060000.WAV,recover-20220901,UBNA_004,Central Pond
1520.7705,1520.7867,22031.0,29825.0,Nyctalus noctula,0.251,0.567,-1,Echolocation,/mnt/ubna_data_02/recover-20220901/UBNA_004/20220901_060000.WAV,recover-20220901,UBNA_004,Central Pond
1520.8515,1520.863,44375.0,64646.0,Pipistrellus pipistrellus,0.439,0.551,-1,Echolocation,/mnt/ubna_data_02/recover-20220901/UBNA_004/20220901_060000.WAV,recover-20220901,UBNA_004,Central Pond
1521.0295,1521.0407,45234.0,62813.0,Pipistrellus pipistrellus,0.431,0.556,-1,Echolocation,/mnt/ubna_data_02/recover-20220901/UBNA_004/20220901_060000.WAV,recover-20220901,UBNA_004,Central Pond
1521.2065,1521.2138,45234.0,61926.0,Pipistrellus pipistrellus,0.494,0.602,-1,Echolocation,/mnt/ubna_data_02/recover-20220901/UBNA_004/20220901_060000.WAV,recover-20220901,UBNA_004,Central Pond
1521.2765,1521.2851,46953.0,60283.0,Pipistrellus pipistrellus,0.475,0.51,-1,Echolocation,/mnt/ubna_data_02/recover-20220901/UBNA_004/20220901_060000.WAV,recover-20220901,UBNA_004,Central Pond
1521.3415,1521.3516,46093.0,58371.0,Pipistrellus pipistrellus,0.453,0.514,-1,Echolocation,/mnt/ubna_data_02/recover-20220901/UBNA_004/20220901_060000.WAV,recover-20220901,UBNA_004,Central Pond
1524.3885,1524.4081,22890.0,28391.0,Nyctalus leisleri,0.287,0.506,-1,Echolocation,/mnt/ubna_data_02/recover-20220901/UBNA_004/20220901_060000.WAV,recover-20220901,UBNA_004,Central Pond
1528.8475,1528.8648,22890.0,27464.0,Nyctalus leisleri,0.398,0.536,-1,Echolocation,/mnt/ubna_data_02/recover-20220901/UBNA_004/20220901_060000.WAV,recover-20220901,UBNA_004,Central Pond
1530.3115,1530.3292,22890.0,27438.0,Nyctalus leisleri,0.445,0.506,-1,Echolocation,/mnt/ubna_data_02/recover-20220901/UBNA_004/20220901_060000.WAV,recover-20220901,UBNA_004,Central Pond
1531.0945,1531.1108,22890.0,27129.0,Nyctalus leisleri,0.461,0.57,-1,Echolocation,/mnt/ubna_data_02/recover-20220901/UBNA_004/20220901_060000.WAV,recover-20220901,UBNA_004,Central Pond
1531.8225,1531.8395,22890.0,27012.0,Nyctalus leisleri,0.512,0.595,-1,Echolocation,/mnt/ubna_data_02/recover-20220901/UBNA_004/20220901_060000.WAV,recover-20220901,UBNA_004,Central Pond
1532.1285,1532.1494,23750.0,27228.0,Nyctalus leisleri,0.435,0.504,-1,Echolocation,/mnt/ubna_data_02/recover-20220901/UBNA_004/20220901_060000.WAV,recover-20220901,UBNA_004,Central Pond
1533.3125,1533.3325,22890.0,26999.0,Nyctalus leisleri,0.379,0.521,-1,Echolocation,/mnt/ubna_data_02/recover-20220901/UBNA_004/20220901_060000.WAV,recover-20220901,UBNA_004,Central Pond
1538.0245,1538.0374,24609.0,32180.0,Nyctalus leisleri,0.294,0.6,-1,Echolocation,/mnt/ubna_data_02/recover-20220901/UBNA_004/20220901_060000.WAV,recover-20220901,UBNA_004,Central Pond
1539.6055,1539.6209,22031.0,27745.0,Nyctalus noctula,0.204,0.531,-1,Echolocation,/mnt/ubna_data_02/recover-20220901/UBNA_004/20220901_060000.WAV,recover-20220901,UBNA_004,Central Pond
1540.9035,1540.9209,22890.0,27740.0,Nyctalus leisleri,0.347,0.511,-1,Echolocation,/mnt/ubna_data_02/recover-20220901/UBNA_004/20220901_060000.WAV,recover-20220901,UBNA_004,Central Pond
1541.6255,1541.6424,22890.0,29390.0,Nyctalus noctula,0.333,0.544,-1,Echolocation,/mnt/ubna_data_02/recover-20220901/UBNA_004/20220901_060000.WAV,recover-20220901,UBNA_004,Central Pond
1542.3715,1542.3874,22890.0,30541.0,Eptesicus serotinus,0.286,0.588,-1,Echolocation,/mnt/ubna_data_02/recover-20220901/UBNA_004/20220901_060000.WAV,recover-20220901,UBNA_004,Central Pond
1542.6725,1542.6874,22890.0,28988.0,Nyctalus leisleri,0.29,0.503,-1,Echolocation,/mnt/ubna_data_02/recover-20220901/UBNA_004/20220901_060000.WAV,recover-20220901,UBNA_004,Central Pond
1561.7315,1561.7473,22890.0,28307.0,Nyctalus leisleri,0.329,0.505,-1,Echolocation,/mnt/ubna_data_02/recover-20220901/UBNA_004/20220901_060000.WAV,recover-20220901,UBNA_004,Central Pond
1562.3345,1562.3478,22031.0,27722.0,Nyctalus leisleri,0.364,0.584,-1,Echolocation,/mnt/ubna_data_02/recover-20220901/UBNA_004/20220901_060000.WAV,recover-20220901,UBNA_004,Central Pond
1565.4165,1565.4213,47812.0,58750.0,Pipistrellus pipistrellus,0.531,0.546,-1,Echolocation,/mnt/ubna_data_02/recover-20220901/UBNA_004/20220901_060000.WAV,recover-20220901,UBNA_004,Central Pond
1565.7555,1565.7634,47812.0,53979.0,Pipistrellus pipistrellus,0.557,0.569,-1,Echolocation,/mnt/ubna_data_02/recover-20220901/UBNA_004/20220901_060000.WAV,recover-20220901,UBNA_004,Central Pond
1565.8735,1565.8808,47812.0,60540.0,Pipistrellus pipistrellus,0.541,0.642,-1,Echolocation,/mnt/ubna_data_02/recover-20220901/UBNA_004/20220901_060000.WAV,recover-20220901,UBNA_004,Central Pond
1566.0715,1566.0785,47812.0,60229.0,Pipistrellus pipistrellus,0.534,0.57,-1,Echolocation,/mnt/ubna_data_02/recover-20220901/UBNA_004/20220901_060000.WAV,recover-20220901,UBNA_004,Central Pond
1566.3615,1566.3675,47812.0,60941.0,Pipistrellus pipistrellus,0.627,0.652,-1,Echolocation,/mnt/ubna_data_02/recover-20220901/UBNA_004/20220901_060000.WAV,recover-20220901,UBNA_004,Central Pond
1566.4645,1566.4702,48671.0,64855.0,Pipistrellus pipistrellus,0.663,0.717,-1,Echolocation,/mnt/ubna_data_02/recover-20220901/UBNA_004/20220901_060000.WAV,recover-20220901,UBNA_004,Central Pond
1566.5165,1566.5239,48671.0,61374.0,Pipistrellus pipistrellus,0.54,0.582,-1,Echolocation,/mnt/ubna_data_02/recover-20220901/UBNA_004/20220901_060000.WAV,recover-20220901,UBNA_004,Central Pond
1566.7785,1566.7853,47812.0,58937.0,Pipistrellus pipistrellus,0.502,0.527,-1,Echolocation,/mnt/ubna_data_02/recover-20220901/UBNA_004/20220901_060000.WAV,recover-20220901,UBNA_004,Central Pond
1566.8635,1566.8701,46953.0,58131.0,Pipistrellus pipistrellus,0.532,0.555,-1,Echolocation,/mnt/ubna_data_02/recover-20220901/UBNA_004/20220901_060000.WAV,recover-20220901,UBNA_004,Central Pond
1566.9535,1566.9604,46093.0,54654.0,Pipistrellus pipistrellus,0.51,0.523,-1,Echolocation,/mnt/ubna_data_02/recover-20220901/UBNA_004/20220901_060000.WAV,recover-20220901,UBNA_004,Central Pond
1568.1565,1568.1718,23750.0,29308.0,Nyctalus leisleri,0.332,0.559,-1,Echolocation,/mnt/ubna_data_02/recover-20220901/UBNA_004/20220901_060000.WAV,recover-20220901,UBNA_004,Central Pond
1568.4745,1568.4885,22890.0,27962.0,Nyctalus leisleri,0.403,0.607,-1,Echolocation,/mnt/ubna_data_02/recover-20220901/UBNA_004/20220901_060000.WAV,recover-20220901,UBNA_004,Central Pond
1568.8845,1568.8995,22890.0,27740.0,Nyctalus leisleri,0.531,0.628,-1,Echolocation,/mnt/ubna_data_02/recover-20220901/UBNA_004/20220901_060000.WAV,recover-20220901,UBNA_004,Central Pond
1571.2605,1571.2748,23750.0,29881.0,Nyctalus leisleri,0.472,0.628,-1,Echolocation,/mnt/ubna_data_02/recover-20220901/UBNA_004/20220901_060000.WAV,recover-20220901,UBNA_004,Central Pond
1574.3165,1574.3337,22890.0,27718.0,Nyctalus leisleri,0.396,0.527,-1,Echolocation,/mnt/ubna_data_02/recover-20220901/UBNA_004/20220901_060000.WAV,recover-20220901,UBNA_004,Central Pond
1575.8505,1575.8656,22890.0,27591.0,Nyctalus leisleri,0.379,0.546,-1,Echolocation,/mnt/ubna_data_02/recover-20220901/UBNA_004/20220901_060000.WAV,recover-20220901,UBNA_004,Central Pond
1625.2275,1625.2422,23750.0,29734.0,Nyctalus leisleri,0.327,0.569,-1,Echolocation,/mnt/ubna_data_02/recover-20220901/UBNA_004/20220901_060000.WAV,recover-20220901,UBNA_004,Central Pond
1627.2845,1627.3019,23750.0,27780.0,Nyctalus leisleri,0.357,0.515,-1,Echolocation,/mnt/ubna_data_02/recover-20220901/UBNA_004/20220901_060000.WAV,recover-20220901,UBNA_004,Central Pond
1627.8775,1627.8945,22890.0,27520.0,Nyctalus leisleri,0.452,0.57,-1,Echolocation,/mnt/ubna_data_02/recover-20220901/UBNA_004/20220901_060000.WAV,recover-20220901,UBNA_004,Central Pond
1629.4005,1629.4154,22890.0,29100.0,Nyctalus leisleri,0.252,0.587,-1,Echolocation,/mnt/ubna_data_02/recover-20220901/UBNA_004/20220901_060000.WAV,recover-20220901,UBNA_004,Central Pond
1629.7735,1629.7887,23750.0,28896.0,Nyctalus leisleri,0.422,0.607,-1,Echolocation,/mnt/ubna_data_02/recover-20220901/UBNA_004/20220901_060000.WAV,recover-20220901,UBNA_004,Central Pond
1630.1825,1630.1976,22890.0,28878.0,Nyctalus leisleri,0.299,0.568,-1,Echolocation,/mnt/ubna_data_02/recover-20220901/UBNA_004/20220901_060000.WAV,recover-20220901,UBNA_004,Central Pond
1630.5075,1630.5216,22890.0,27269.0,Nyctalus leisleri,0.424,0.544,-1,Echolocation,/mnt/ubna_data_02/recover-20220901/UBNA_004/20220901_060000.WAV,recover-20220901,UBNA_004,Central Pond
1630.8555,1630.8714,22890.0,28341.0,Nyctalus leisleri,0.289,0.547,-1,Echolocation,/mnt/ubna_data_02/recover-20220901/UBNA_004/20220901_060000.WAV,recover-20220901,UBNA_004,Central Pond
1633.1625,1633.1739,24609.0,30013.0,Nyctalus leisleri,0.49,0.678,-1,Echolocation,/mnt/ubna_data_02/recover-20220901/UBNA_004/20220901_060000.WAV,recover-20220901,UBNA_004,Central Pond
1633.4445,1633.4595,23750.0,29500.0,Nyctalus leisleri,0.407,0.622,-1,Echolocation,/mnt/ubna_data_02/recover-20220901/UBNA_004/20220901_060000.WAV,recover-20220901,UBNA_004,Central Pond
1633.6965,1633.7117,23750.0,29030.0,Nyctalus leisleri,0.353,0.526,-1,Echolocation,/mnt/ubna_data_02/recover-20220901/UBNA_004/20220901_060000.WAV,recover-20220901,UBNA_004,Central Pond
1634.0155,1634.0318,22890.0,28440.0,Nyctalus leisleri,0.402,0.542,-1,Echolocation,/mnt/ubna_data_02/recover-20220901/UBNA_004/20220901_060000.WAV,recover-20220901,UBNA_004,Central Pond
1634.3085,1634.3257,22890.0,27405.0,Nyctalus leisleri,0.446,0.578,-1,Echolocation,/mnt/ubna_data_02/recover-20220901/UBNA_004/20220901_060000.WAV,recover-20220901,UBNA_004,Central Pond
1635.6655,1635.6819,23750.0,27012.0,Nyctalus leisleri,0.549,0.604,-1,Echolocation,/mnt/ubna_data_02/recover-20220901/UBNA_004/20220901_060000.WAV,recover-20220901,UBNA_004,Central Pond
1635.9895,1636.0041,23750.0,28230.0,Nyctalus leisleri,0.378,0.514,-1,Echolocation,/mnt/ubna_data_02/recover-20220901/UBNA_004/20220901_060000.WAV,recover-20220901,UBNA_004,Central Pond
1636.5505,1636.5679,23750.0,30168.0,Eptesicus serotinus,0.214,0.54,-1,Echolocation,/mnt/ubna_data_02/recover-20220901/UBNA_004/20220901_060000.WAV,recover-20220901,UBNA_004,Central Pond
1671.6905,1671.7045,22890.0,28276.0,Nyctalus leisleri,0.198,0.504,-1,Echolocation,/mnt/ubna_data_02/recover-20220901/UBNA_004/20220901_060000.WAV,recover-20220901,UBNA_004,Central Pond
1699.2655,1699.2714,46953.0,58274.0,Pipistrellus pipistrellus,0.515,0.584,-1,Echolocation,/mnt/ubna_data_02/recover-20220901/UBNA_004/20220901_060000.WAV,recover-20220901,UBNA_004,Central Pond
1702.5765,1702.5912,25468.0,29514.0,Nyctalus leisleri,0.437,0.577,-1,Echolocation,/mnt/ubna_data_02/recover-20220901/UBNA_004/20220901_060000.WAV,recover-20220901,UBNA_004,Central Pond
1704.0515,1704.0628,23750.0,29681.0,Nyctalus leisleri,0.239,0.575,-1,Echolocation,/mnt/ubna_data_02/recover-20220901/UBNA_004/20220901_060000.WAV,recover-20220901,UBNA_004,Central Pond
1718.5205,1718.5282,46093.0,57030.0,Pipistrellus pipistrellus,0.433,0.597,-1,Echolocation,/mnt/ubna_data_02/recover-20220901/UBNA_004/20220901_060000.WAV,recover-20220901,UBNA_004,Central Pond
1722.1665,1722.1823,22890.0,27896.0,Nyctalus leisleri,0.398,0.572,-1,Echolocation,/mnt/ubna_data_02/recover-20220901/UBNA_004/20220901_060000.WAV,recover-20220901,UBNA_004,Central Pond
1722.9045,1722.9208,22031.0,27264.0,Nyctalus leisleri,0.429,0.553,-1,Echolocation,/mnt/ubna_data_02/recover-20220901/UBNA_004/20220901_060000.WAV,recover-20220901,UBNA_004,Central Pond
1723.5385,1723.553,22890.0,26704.0,Nyctalus leisleri,0.373,0.527,-1,Echolocation,/mnt/ubna_data_02/recover-20220901/UBNA_004/20220901_060000.WAV,recover-20220901,UBNA_004,Central Pond
1724.3225,1724.3384,22031.0,26969.0,Nyctalus leisleri,0.382,0.522,-1,Echolocation,/mnt/ubna_data_02/recover-20220901/UBNA_004/20220901_060000.WAV,recover-20220901,UBNA_004,Central Pond
1724.7775,1724.7933,22890.0,26527.0,Nyctalus leisleri,0.442,0.54,-1,Echolocation,/mnt/ubna_data_02/recover-20220901/UBNA_004/20220901_060000.WAV,recover-20220901,UBNA_004,Central Pond
1724.9595,1724.9755,22890.0,26723.0,Nyctalus leisleri,0.505,0.578,-1,Echolocation,/mnt/ubna_data_02/recover-20220901/UBNA_004/20220901_060000.WAV,recover-20220901,UBNA_004,Central Pond
1726.0515,1726.0667,22890.0,28568.0,Nyctalus leisleri,0.231,0.555,-1,Echolocation,/mnt/ubna_data_02/recover-20220901/UBNA_004/20220901_060000.WAV,recover-20220901,UBNA_004,Central Pond
1726.8575,1726.8745,22890.0,27485.0,Nyctalus leisleri,0.324,0.525,-1,Echolocation,/mnt/ubna_data_02/recover-20220901/UBNA_004/20220901_060000.WAV,recover-20220901,UBNA_004,Central Pond
1728.2655,1728.2736,46953.0,57980.0,Pipistrellus pipistrellus,0.517,0.674,-1,Echolocation,/mnt/ubna_data_02/recover-20220901/UBNA_004/20220901_060000.WAV,recover-20220901,UBNA_004,Central Pond
1728.4355,1728.4499,22890.0,26470.0,Nyctalus leisleri,0.5,0.573,-1,Echolocation,/mnt/ubna_data_02/recover-20220901/UBNA_004/20220901_060000.WAV,recover-20220901,UBNA_004,Central Pond
1728.7255,1728.74,22031.0,27394.0,Nyctalus leisleri,0.325,0.505,-1,Echolocation,/mnt/ubna_data_02/recover-20220901/UBNA_004/20220901_060000.WAV,recover-20220901,UBNA_004,Central Pond
1728.9005,1728.9145,22890.0,26584.0,Nyctalus leisleri,0.517,0.61,-1,Echolocation,/mnt/ubna_data_02/recover-20220901/UBNA_004/20220901_060000.WAV,recover-20220901,UBNA_004,Central Pond
1729.2245,1729.2396,22890.0,26874.0,Nyctalus leisleri,0.476,0.575,-1,Echolocation,/mnt/ubna_data_02/recover-20220901/UBNA_004/20220901_060000.WAV,recover-20220901,UBNA_004,Central Pond
1729.6865,1729.6999,22890.0,28979.0,Nyctalus leisleri,0.279,0.573,-1,Echolocation,/mnt/ubna_data_02/recover-20220901/UBNA_004/20220901_060000.WAV,recover-20220901,UBNA_004,Central Pond
1733.7865,1733.8016,22031.0,26852.0,Nyctalus leisleri,0.341,0.523,-1,Echolocation,/mnt/ubna_data_02/recover-20220901/UBNA_004/20220901_060000.WAV,recover-20220901,UBNA_004,Central Pond
1734.2645,1734.2826,22890.0,26282.0,Nyctalus leisleri,0.452,0.516,-1,Echolocation,/mnt/ubna_data_02/recover-20220901/UBNA_004/20220901_060000.WAV,recover-20220901,UBNA_004,Central Pond
1734.5865,1734.6023,22890.0,26074.0,Nyctalus leisleri,0.491,0.539,-1,Echolocation,/mnt/ubna_data_02/recover-20220901/UBNA_004/20220901_060000.WAV,recover-20220901,UBNA_004,Central Pond
1734.9005,1734.918,22890.0,27446.0,Nyctalus leisleri,0.4,0.514,-1,Echolocation,/mnt/ubna_data_02/recover-20220901/UBNA_004/20220901_060000.WAV,recover-20220901,UBNA_004,Central Pond
1737.9845,1737.998,23750.0,31206.0,Eptesicus serotinus,0.186,0.53,-1,Echolocation,/mnt/ubna_data_02/recover-20220901/UBNA_004/20220901_060000.WAV,recover-20220901,UBNA_004,Central Pond
1742.2585,1742.2656,47812.0,58282.0,Pipistrellus pipistrellus,0.469,0.51,-1,Echolocation,/mnt/ubna_data_02/recover-20220901/UBNA_004/20220901_060000.WAV,recover-20220901,UBNA_004,Central Pond
1742.6825,1742.6991,22890.0,27955.0,Nyctalus leisleri,0.385,0.501,-1,Echolocation,/mnt/ubna_data_02/recover-20220901/UBNA_004/20220901_060000.WAV,recover-20220901,UBNA_004,Central Pond
1743.7265,1743.7433,22890.0,28071.0,Nyctalus leisleri,0.316,0.527,-1,Echolocation,/mnt/ubna_data_02/recover-20220901/UBNA_004/20220901_060000.WAV,recover-20220901,UBNA_004,Central Pond
1744.5645,1744.5812,23750.0,28013.0,Nyctalus leisleri,0.474,0.571,-1,Echolocation,/mnt/ubna_data_02/recover-20220901/UBNA_004/20220901_060000.WAV,recover-20220901,UBNA_004,Central Pond
1745.9325,1745.9489,23750.0,28474.0,Nyctalus leisleri,0.362,0.515,-1,Echolocation,/mnt/ubna_data_02/recover-20220901/UBNA_004/20220901_060000.WAV,recover-20220901,UBNA_004,Central Pond
1750.6595,1750.6741,23750.0,29430.0,Nyctalus leisleri,0.243,0.513,-1,Echolocation,/mnt/ubna_data_02/recover-20220901/UBNA_004/20220901_060000.WAV,recover-20220901,UBNA_004,Central Pond
1751.1805,1751.1968,22890.0,27292.0,Nyctalus leisleri,0.448,0.582,-1,Echolocation,/mnt/ubna_data_02/recover-20220901/UBNA_004/20220901_060000.WAV,recover-20220901,UBNA_004,Central Pond
1755.7625,1755.7817,22890.0,27722.0,Nyctalus leisleri,0.38,0.501,-1,Echolocation,/mnt/ubna_data_02/recover-20220901/UBNA_004/20220901_060000.WAV,recover-20220901,UBNA_004,Central Pond
1759.0505,1759.0668,23750.0,29283.0,Nyctalus leisleri,0.344,0.509,-1,Echolocation,/mnt/ubna_data_02/recover-20220901/UBNA_004/20220901_060000.WAV,recover-20220901,UBNA_004,Central Pond
1760.1405,1760.1555,23750.0,27263.0,Nyctalus leisleri,0.528,0.605,-1,Echolocation,/mnt/ubna_data_02/recover-20220901/UBNA_004/20220901_060000.WAV,recover-20220901,UBNA_004,Central Pond
1760.9435,1760.9592,22890.0,26822.0,Nyctalus leisleri,0.498,0.594,-1,Echolocation,/mnt/ubna_data_02/recover-20220901/UBNA_004/20220901_060000.WAV,recover-20220901,UBNA_004,Central Pond
1770.0945,1770.1001,48671.0,59740.0,Pipistrellus pipistrellus,0.502,0.556,-1,Echolocation,/mnt/ubna_data_02/recover-20220901/UBNA_004/20220901_060000.WAV,recover-20220901,UBNA_004,Central Pond
1770.1505,1770.1559,48671.0,58682.0,Pipistrellus pipistrellus,0.527,0.562,-1,Echolocation,/mnt/ubna_data_02/recover-20220901/UBNA_004/20220901_060000.WAV,recover-20220901,UBNA_004,Central Pond
1794.2425,1794.2494,42656.0,57164.0,Pipistrellus pipistrellus,0.367,0.549,-1,Echolocation,/mnt/ubna_data_02/recover-20220901/UBNA_004/20220901_060000.WAV,recover-20220901,UBNA_004,Central Pond
1794.3195,1794.326,43515.0,53019.0,Pipistrellus pipistrellus,0.452,0.573,-1,Echolocation,/mnt/ubna_data_02/recover-20220901/UBNA_004/20220901_060000.WAV,recover-20220901,UBNA_004,Central Pond
1794.4345,1794.4433,41796.0,60476.0,Pipistrellus pipistrellus,0.403,0.62,-1,Echolocation,/mnt/ubna_data_02/recover-20220901/UBNA_004/20220901_060000.WAV,recover-20220901,UBNA_004,Central Pond
1794.6025,1794.6117,43515.0,57289.0,Pipistrellus pipistrellus,0.395,0.577,-1,Echolocation,/mnt/ubna_data_02/recover-20220901/UBNA_004/20220901_060000.WAV,recover-20220901,UBNA_004,Central Pond
1794.7275,1794.7343,52109.0,64692.0,Pipistrellus pipistrellus,0.285,0.52,-1,Echolocation,/mnt/ubna_data_02/recover-20220901/UBNA_004/20220901_060000.WAV,recover-20220901,UBNA_004,Central Pond
1794.7755,1794.7834,41796.0,59190.0,Pipistrellus pipistrellus,0.434,0.623,-1,Echolocation,/mnt/ubna_data_02/recover-20220901/UBNA_004/20220901_060000.WAV,recover-20220901,UBNA_004,Central Pond
1794.9505,1794.9582,44375.0,60432.0,Pipistrellus pipistrellus,0.371,0.583,-1,Echolocation,/mnt/ubna_data_02/recover-20220901/UBNA_004/20220901_060000.WAV,recover-20220901,UBNA_004,Central Pond
