start_time,end_time,low_freq,high_freq,class,class_prob,det_prob,individual,event,input_file,Recover Folder,SD Card,Site name
0.6255,0.6359,39218.0,45841.0,Pipistrellus nathusii,0.495,0.517,-1,Echolocation,/mnt/ubna_data_01/recover-20220822/UBNA_001/20220819_100000.WAV,recover-20220822,UBNA_001,Telephone Field
1.5755,1.5849,22890.0,30382.0,Nyctalus leisleri,0.207,0.606,-1,Echolocation,/mnt/ubna_data_01/recover-20220822/UBNA_001/20220819_100000.WAV,recover-20220822,UBNA_001,Telephone Field
2.0655,2.0752,22890.0,31600.0,Eptesicus serotinus,0.326,0.623,-1,Echolocation,/mnt/ubna_data_01/recover-20220822/UBNA_001/20220819_100000.WAV,recover-20220822,UBNA_001,Telephone Field
2.9375,2.9491,22890.0,29169.0,Nyctalus leisleri,0.24,0.611,-1,Echolocation,/mnt/ubna_data_01/recover-20220822/UBNA_001/20220819_100000.WAV,recover-20220822,UBNA_001,Telephone Field
3.1945,3.2084,22890.0,27400.0,Nyctalus leisleri,0.43,0.615,-1,Echolocation,/mnt/ubna_data_01/recover-20220822/UBNA_001/20220819_100000.WAV,recover-20220822,UBNA_001,Telephone Field
3.4525,3.4641,22890.0,28941.0,Nyctalus leisleri,0.234,0.621,-1,Echolocation,/mnt/ubna_data_01/recover-20220822/UBNA_001/20220819_100000.WAV,recover-20220822,UBNA_001,Telephone Field
3.8315,3.8452,22031.0,28078.0,Nyctalus leisleri,0.27,0.569,-1,Echolocation,/mnt/ubna_data_01/recover-20220822/UBNA_001/20220819_100000.WAV,recover-20220822,UBNA_001,Telephone Field
4.0965,4.1132,22031.0,27429.0,Nyctalus noctula,0.259,0.53,-1,Echolocation,/mnt/ubna_data_01/recover-20220822/UBNA_001/20220819_100000.WAV,recover-20220822,UBNA_001,Telephone Field
5.3755,5.3888,22890.0,27749.0,Nyctalus leisleri,0.483,0.617,-1,Echolocation,/mnt/ubna_data_01/recover-20220822/UBNA_001/20220819_100000.WAV,recover-20220822,UBNA_001,Telephone Field
5.6305,5.6444,22031.0,28303.0,Nyctalus leisleri,0.275,0.538,-1,Echolocation,/mnt/ubna_data_01/recover-20220822/UBNA_001/20220819_100000.WAV,recover-20220822,UBNA_001,Telephone Field
6.9215,6.9382,21171.0,28025.0,Nyctalus noctula,0.268,0.532,-1,Echolocation,/mnt/ubna_data_01/recover-20220822/UBNA_001/20220819_100000.WAV,recover-20220822,UBNA_001,Telephone Field
9.1855,9.2017,21171.0,25813.0,Nyctalus noctula,0.348,0.52,-1,Echolocation,/mnt/ubna_data_01/recover-20220822/UBNA_001/20220819_100000.WAV,recover-20220822,UBNA_001,Telephone Field
11.8185,11.8287,40937.0,53614.0,Pipistrellus nathusii,0.491,0.559,-1,Echolocation,/mnt/ubna_data_01/recover-20220822/UBNA_001/20220819_100000.WAV,recover-20220822,UBNA_001,Telephone Field
12.0505,12.0601,40937.0,52311.0,Pipistrellus nathusii,0.458,0.56,-1,Echolocation,/mnt/ubna_data_01/recover-20220822/UBNA_001/20220819_100000.WAV,recover-20220822,UBNA_001,Telephone Field
12.2445,12.2534,40937.0,52081.0,Pipistrellus nathusii,0.515,0.56,-1,Echolocation,/mnt/ubna_data_01/recover-20220822/UBNA_001/20220819_100000.WAV,recover-20220822,UBNA_001,Telephone Field
12.3485,12.3582,41796.0,48566.0,Pipistrellus nathusii,0.533,0.555,-1,Echolocation,/mnt/ubna_data_01/recover-20220822/UBNA_001/20220819_100000.WAV,recover-20220822,UBNA_001,Telephone Field
12.4375,12.445,40937.0,52938.0,Pipistrellus nathusii,0.412,0.552,-1,Echolocation,/mnt/ubna_data_01/recover-20220822/UBNA_001/20220819_100000.WAV,recover-20220822,UBNA_001,Telephone Field
12.6375,12.6475,40937.0,55213.0,Pipistrellus nathusii,0.4,0.503,-1,Echolocation,/mnt/ubna_data_01/recover-20220822/UBNA_001/20220819_100000.WAV,recover-20220822,UBNA_001,Telephone Field
13.0005,13.0103,41796.0,48097.0,Pipistrellus nathusii,0.469,0.513,-1,Echolocation,/mnt/ubna_data_01/recover-20220822/UBNA_001/20220819_100000.WAV,recover-20220822,UBNA_001,Telephone Field
13.3455,13.3547,42656.0,52944.0,Pipistrellus nathusii,0.499,0.551,-1,Echolocation,/mnt/ubna_data_01/recover-20220822/UBNA_001/20220819_100000.WAV,recover-20220822,UBNA_001,Telephone Field
13.5185,13.5272,41796.0,50084.0,Pipistrellus nathusii,0.431,0.521,-1,Echolocation,/mnt/ubna_data_01/recover-20220822/UBNA_001/20220819_100000.WAV,recover-20220822,UBNA_001,Telephone Field
20.3545,20.36,37500.0,51025.0,Pipistrellus nathusii,0.205,0.528,-1,Echolocation,/mnt/ubna_data_01/recover-20220822/UBNA_001/20220819_100000.WAV,recover-20220822,UBNA_001,Telephone Field
20.4585,20.4639,37500.0,54206.0,Pipistrellus nathusii,0.241,0.538,-1,Echolocation,/mnt/ubna_data_01/recover-20220822/UBNA_001/20220819_100000.WAV,recover-20220822,UBNA_001,Telephone Field
20.6615,20.6668,37500.0,55222.0,Myotis daubentonii,0.223,0.566,-1,Echolocation,/mnt/ubna_data_01/recover-20220822/UBNA_001/20220819_100000.WAV,recover-20220822,UBNA_001,Telephone Field
20.7655,20.7709,36640.0,55109.0,Myotis daubentonii,0.179,0.525,-1,Echolocation,/mnt/ubna_data_01/recover-20220822/UBNA_001/20220819_100000.WAV,recover-20220822,UBNA_001,Telephone Field
20.8545,20.8597,37500.0,54990.0,Myotis daubentonii,0.184,0.533,-1,Echolocation,/mnt/ubna_data_01/recover-20220822/UBNA_001/20220819_100000.WAV,recover-20220822,UBNA_001,Telephone Field
21.0555,21.0611,37500.0,57144.0,Myotis daubentonii,0.217,0.549,-1,Echolocation,/mnt/ubna_data_01/recover-20220822/UBNA_001/20220819_100000.WAV,recover-20220822,UBNA_001,Telephone Field
21.3565,21.3616,35781.0,49265.0,Barbastellus barbastellus,0.28,0.522,-1,Echolocation,/mnt/ubna_data_01/recover-20220822/UBNA_001/20220819_100000.WAV,recover-20220822,UBNA_001,Telephone Field
21.4895,21.4951,36640.0,51656.0,Pipistrellus nathusii,0.187,0.541,-1,Echolocation,/mnt/ubna_data_01/recover-20220822/UBNA_001/20220819_100000.WAV,recover-20220822,UBNA_001,Telephone Field
21.6275,21.6341,36640.0,48109.0,Pipistrellus nathusii,0.213,0.555,-1,Echolocation,/mnt/ubna_data_01/recover-20220822/UBNA_001/20220819_100000.WAV,recover-20220822,UBNA_001,Telephone Field
22.0675,22.0721,48671.0,61746.0,Pipistrellus pipistrellus,0.433,0.549,-1,Echolocation,/mnt/ubna_data_01/recover-20220822/UBNA_001/20220819_100000.WAV,recover-20220822,UBNA_001,Telephone Field
22.3045,22.3087,50390.0,65403.0,Pipistrellus pipistrellus,0.369,0.522,-1,Echolocation,/mnt/ubna_data_01/recover-20220822/UBNA_001/20220819_100000.WAV,recover-20220822,UBNA_001,Telephone Field
22.5025,22.5072,49531.0,61333.0,Pipistrellus pipistrellus,0.416,0.596,-1,Echolocation,/mnt/ubna_data_01/recover-20220822/UBNA_001/20220819_100000.WAV,recover-20220822,UBNA_001,Telephone Field
22.6895,22.6937,49531.0,65541.0,Pipistrellus pipistrellus,0.41,0.513,-1,Echolocation,/mnt/ubna_data_01/recover-20220822/UBNA_001/20220819_100000.WAV,recover-20220822,UBNA_001,Telephone Field
22.8725,22.8769,48671.0,62957.0,Pipistrellus pipistrellus,0.488,0.561,-1,Echolocation,/mnt/ubna_data_01/recover-20220822/UBNA_001/20220819_100000.WAV,recover-20220822,UBNA_001,Telephone Field
22.9425,22.9474,47812.0,65022.0,Pipistrellus pipistrellus,0.591,0.677,-1,Echolocation,/mnt/ubna_data_01/recover-20220822/UBNA_001/20220819_100000.WAV,recover-20220822,UBNA_001,Telephone Field
23.0255,23.0303,48671.0,62453.0,Pipistrellus pipistrellus,0.501,0.59,-1,Echolocation,/mnt/ubna_data_01/recover-20220822/UBNA_001/20220819_100000.WAV,recover-20220822,UBNA_001,Telephone Field
23.0765,23.0813,48671.0,60563.0,Pipistrellus pipistrellus,0.466,0.557,-1,Echolocation,/mnt/ubna_data_01/recover-20220822/UBNA_001/20220819_100000.WAV,recover-20220822,UBNA_001,Telephone Field
23.1385,23.1429,48671.0,63202.0,Pipistrellus pipistrellus,0.646,0.688,-1,Echolocation,/mnt/ubna_data_01/recover-20220822/UBNA_001/20220819_100000.WAV,recover-20220822,UBNA_001,Telephone Field
23.2245,23.229,47812.0,66651.0,Pipistrellus pipistrellus,0.523,0.578,-1,Echolocation,/mnt/ubna_data_01/recover-20220822/UBNA_001/20220819_100000.WAV,recover-20220822,UBNA_001,Telephone Field
23.3095,23.3138,46953.0,61228.0,Pipistrellus pipistrellus,0.475,0.546,-1,Echolocation,/mnt/ubna_data_01/recover-20220822/UBNA_001/20220819_100000.WAV,recover-20220822,UBNA_001,Telephone Field
23.3945,23.3992,47812.0,62718.0,Pipistrellus pipistrellus,0.433,0.56,-1,Echolocation,/mnt/ubna_data_01/recover-20220822/UBNA_001/20220819_100000.WAV,recover-20220822,UBNA_001,Telephone Field
23.5205,23.5249,47812.0,66527.0,Pipistrellus pipistrellus,0.582,0.624,-1,Echolocation,/mnt/ubna_data_01/recover-20220822/UBNA_001/20220819_100000.WAV,recover-20220822,UBNA_001,Telephone Field
23.5955,23.5994,48671.0,64088.0,Pipistrellus pipistrellus,0.481,0.522,-1,Echolocation,/mnt/ubna_data_01/recover-20220822/UBNA_001/20220819_100000.WAV,recover-20220822,UBNA_001,Telephone Field
23.9385,23.9433,45234.0,67360.0,Pipistrellus pipistrellus,0.266,0.519,-1,Echolocation,/mnt/ubna_data_01/recover-20220822/UBNA_001/20220819_100000.WAV,recover-20220822,UBNA_001,Telephone Field
24.2835,24.2878,47812.0,68199.0,Pipistrellus pipistrellus,0.207,0.563,-1,Echolocation,/mnt/ubna_data_01/recover-20220822/UBNA_001/20220819_100000.WAV,recover-20220822,UBNA_001,Telephone Field
24.3525,24.3569,47812.0,66778.0,Pipistrellus pipistrellus,0.572,0.677,-1,Echolocation,/mnt/ubna_data_01/recover-20220822/UBNA_001/20220819_100000.WAV,recover-20220822,UBNA_001,Telephone Field
24.5835,24.5875,46093.0,69459.0,Pipistrellus pipistrellus,0.258,0.552,-1,Echolocation,/mnt/ubna_data_01/recover-20220822/UBNA_001/20220819_100000.WAV,recover-20220822,UBNA_001,Telephone Field
24.7235,24.728,45234.0,76033.0,Pipistrellus pipistrellus,0.245,0.562,-1,Echolocation,/mnt/ubna_data_01/recover-20220822/UBNA_001/20220819_100000.WAV,recover-20220822,UBNA_001,Telephone Field
25.2365,25.2401,46953.0,64655.0,Pipistrellus pipistrellus,0.523,0.623,-1,Echolocation,/mnt/ubna_data_01/recover-20220822/UBNA_001/20220819_100000.WAV,recover-20220822,UBNA_001,Telephone Field
25.6755,25.6803,36640.0,80207.0,Myotis mystacinus,0.305,0.54,-1,Echolocation,/mnt/ubna_data_01/recover-20220822/UBNA_001/20220819_100000.WAV,recover-20220822,UBNA_001,Telephone Field
26.1805,26.1853,46953.0,76518.0,Pipistrellus pipistrellus,0.439,0.512,-1,Echolocation,/mnt/ubna_data_01/recover-20220822/UBNA_001/20220819_100000.WAV,recover-20220822,UBNA_001,Telephone Field
26.3825,26.3871,46093.0,65582.0,Pipistrellus pipistrellus,0.584,0.636,-1,Echolocation,/mnt/ubna_data_01/recover-20220822/UBNA_001/20220819_100000.WAV,recover-20220822,UBNA_001,Telephone Field
26.5035,26.5085,35781.0,89836.0,Myotis alcathoe,0.266,0.592,-1,Echolocation,/mnt/ubna_data_01/recover-20220822/UBNA_001/20220819_100000.WAV,recover-20220822,UBNA_001,Telephone Field
26.5765,26.5811,36640.0,94468.0,Myotis alcathoe,0.34,0.56,-1,Echolocation,/mnt/ubna_data_01/recover-20220822/UBNA_001/20220819_100000.WAV,recover-20220822,UBNA_001,Telephone Field
26.7625,26.7671,47812.0,66930.0,Pipistrellus pipistrellus,0.656,0.675,-1,Echolocation,/mnt/ubna_data_01/recover-20220822/UBNA_001/20220819_100000.WAV,recover-20220822,UBNA_001,Telephone Field
26.8485,26.8526,46953.0,64161.0,Pipistrellus pipistrellus,0.499,0.586,-1,Echolocation,/mnt/ubna_data_01/recover-20220822/UBNA_001/20220819_100000.WAV,recover-20220822,UBNA_001,Telephone Field
26.9175,26.9212,48671.0,65532.0,Pipistrellus pipistrellus,0.507,0.552,-1,Echolocation,/mnt/ubna_data_01/recover-20220822/UBNA_001/20220819_100000.WAV,recover-20220822,UBNA_001,Telephone Field
26.9725,26.9774,47812.0,64696.0,Pipistrellus pipistrellus,0.623,0.673,-1,Echolocation,/mnt/ubna_data_01/recover-20220822/UBNA_001/20220819_100000.WAV,recover-20220822,UBNA_001,Telephone Field
27.0325,27.0368,46093.0,66522.0,Pipistrellus pipistrellus,0.5,0.55,-1,Echolocation,/mnt/ubna_data_01/recover-20220822/UBNA_001/20220819_100000.WAV,recover-20220822,UBNA_001,Telephone Field
27.5335,27.5402,43515.0,51174.0,Pipistrellus pipistrellus,0.478,0.545,-1,Echolocation,/mnt/ubna_data_01/recover-20220822/UBNA_001/20220819_100000.WAV,recover-20220822,UBNA_001,Telephone Field
29.0715,29.0769,37500.0,52651.0,Pipistrellus nathusii,0.197,0.534,-1,Echolocation,/mnt/ubna_data_01/recover-20220822/UBNA_001/20220819_100000.WAV,recover-20220822,UBNA_001,Telephone Field
29.3935,29.3993,38359.0,53020.0,Pipistrellus nathusii,0.309,0.506,-1,Echolocation,/mnt/ubna_data_01/recover-20220822/UBNA_001/20220819_100000.WAV,recover-20220822,UBNA_001,Telephone Field
29.5125,29.5175,36640.0,49262.0,Barbastellus barbastellus,0.265,0.506,-1,Echolocation,/mnt/ubna_data_01/recover-20220822/UBNA_001/20220819_100000.WAV,recover-20220822,UBNA_001,Telephone Field
29.8345,29.8417,38359.0,54345.0,Pipistrellus nathusii,0.332,0.513,-1,Echolocation,/mnt/ubna_data_01/recover-20220822/UBNA_001/20220819_100000.WAV,recover-20220822,UBNA_001,Telephone Field
29.9305,29.9389,38359.0,50341.0,Pipistrellus nathusii,0.496,0.565,-1,Echolocation,/mnt/ubna_data_01/recover-20220822/UBNA_001/20220819_100000.WAV,recover-20220822,UBNA_001,Telephone Field
32.4655,32.4711,46093.0,60880.0,Pipistrellus pipistrellus,0.423,0.552,-1,Echolocation,/mnt/ubna_data_01/recover-20220822/UBNA_001/20220819_100000.WAV,recover-20220822,UBNA_001,Telephone Field
35.9895,35.9966,46953.0,56113.0,Pipistrellus pipistrellus,0.405,0.512,-1,Echolocation,/mnt/ubna_data_01/recover-20220822/UBNA_001/20220819_100000.WAV,recover-20220822,UBNA_001,Telephone Field
36.3005,36.3038,53828.0,68956.0,Pipistrellus pipistrellus,0.294,0.508,-1,Echolocation,/mnt/ubna_data_01/recover-20220822/UBNA_001/20220819_100000.WAV,recover-20220822,UBNA_001,Telephone Field
36.4075,36.411500000000004,46953.0,58712.0,Pipistrellus pipistrellus,0.468,0.516,-1,Echolocation,/mnt/ubna_data_01/recover-20220822/UBNA_001/20220819_100000.WAV,recover-20220822,UBNA_001,Telephone Field
36.8625,36.867,47812.0,90262.0,Myotis alcathoe,0.44,0.513,-1,Echolocation,/mnt/ubna_data_01/recover-20220822/UBNA_001/20220819_100000.WAV,recover-20220822,UBNA_001,Telephone Field
37.0445,37.0489,47812.0,86014.0,Myotis alcathoe,0.437,0.559,-1,Echolocation,/mnt/ubna_data_01/recover-20220822/UBNA_001/20220819_100000.WAV,recover-20220822,UBNA_001,Telephone Field
37.1215,37.1263,46093.0,91433.0,Myotis alcathoe,0.455,0.554,-1,Echolocation,/mnt/ubna_data_01/recover-20220822/UBNA_001/20220819_100000.WAV,recover-20220822,UBNA_001,Telephone Field
37.1815,37.185900000000004,46953.0,87669.0,Myotis alcathoe,0.425,0.53,-1,Echolocation,/mnt/ubna_data_01/recover-20220822/UBNA_001/20220819_100000.WAV,recover-20220822,UBNA_001,Telephone Field
38.0155,38.0205,39218.0,79834.0,Myotis alcathoe,0.296,0.518,-1,Echolocation,/mnt/ubna_data_01/recover-20220822/UBNA_001/20220819_100000.WAV,recover-20220822,UBNA_001,Telephone Field
38.2385,38.2439,41796.0,83536.0,Myotis alcathoe,0.327,0.505,-1,Echolocation,/mnt/ubna_data_01/recover-20220822/UBNA_001/20220819_100000.WAV,recover-20220822,UBNA_001,Telephone Field
38.4215,38.426,46953.0,63735.0,Pipistrellus pipistrellus,0.445,0.502,-1,Echolocation,/mnt/ubna_data_01/recover-20220822/UBNA_001/20220819_100000.WAV,recover-20220822,UBNA_001,Telephone Field
38.7025,38.7076,39218.0,83389.0,Myotis alcathoe,0.3,0.549,-1,Echolocation,/mnt/ubna_data_01/recover-20220822/UBNA_001/20220819_100000.WAV,recover-20220822,UBNA_001,Telephone Field
38.8855,38.8905,45234.0,61590.0,Pipistrellus pipistrellus,0.362,0.599,-1,Echolocation,/mnt/ubna_data_01/recover-20220822/UBNA_001/20220819_100000.WAV,recover-20220822,UBNA_001,Telephone Field
39.0025,39.0065,49531.0,60571.0,Pipistrellus pipistrellus,0.45,0.51,-1,Echolocation,/mnt/ubna_data_01/recover-20220822/UBNA_001/20220819_100000.WAV,recover-20220822,UBNA_001,Telephone Field
40.2965,40.305,40937.0,47808.0,Pipistrellus nathusii,0.42,0.523,-1,Echolocation,/mnt/ubna_data_01/recover-20220822/UBNA_001/20220819_100000.WAV,recover-20220822,UBNA_001,Telephone Field
40.5185,40.527699999999996,41796.0,50115.0,Pipistrellus nathusii,0.462,0.614,-1,Echolocation,/mnt/ubna_data_01/recover-20220822/UBNA_001/20220819_100000.WAV,recover-20220822,UBNA_001,Telephone Field
42.2515,42.2553,52109.0,70748.0,Myotis alcathoe,0.399,0.515,-1,Echolocation,/mnt/ubna_data_01/recover-20220822/UBNA_001/20220819_100000.WAV,recover-20220822,UBNA_001,Telephone Field
42.7175,42.7218,49531.0,79955.0,Myotis alcathoe,0.41,0.555,-1,Echolocation,/mnt/ubna_data_01/recover-20220822/UBNA_001/20220819_100000.WAV,recover-20220822,UBNA_001,Telephone Field
42.7695,42.7729,51250.0,76206.0,Myotis alcathoe,0.475,0.568,-1,Echolocation,/mnt/ubna_data_01/recover-20220822/UBNA_001/20220819_100000.WAV,recover-20220822,UBNA_001,Telephone Field
42.923500000000004,42.9276,49531.0,73905.0,Myotis alcathoe,0.335,0.551,-1,Echolocation,/mnt/ubna_data_01/recover-20220822/UBNA_001/20220819_100000.WAV,recover-20220822,UBNA_001,Telephone Field
43.0525,43.0559,50390.0,74210.0,Myotis alcathoe,0.408,0.507,-1,Echolocation,/mnt/ubna_data_01/recover-20220822/UBNA_001/20220819_100000.WAV,recover-20220822,UBNA_001,Telephone Field
43.1035,43.106899999999996,51250.0,71832.0,Myotis alcathoe,0.404,0.523,-1,Echolocation,/mnt/ubna_data_01/recover-20220822/UBNA_001/20220819_100000.WAV,recover-20220822,UBNA_001,Telephone Field
43.164500000000004,43.1689,53828.0,67165.0,Myotis alcathoe,0.296,0.525,-1,Echolocation,/mnt/ubna_data_01/recover-20220822/UBNA_001/20220819_100000.WAV,recover-20220822,UBNA_001,Telephone Field
43.2185,43.2227,49531.0,78088.0,Myotis alcathoe,0.359,0.555,-1,Echolocation,/mnt/ubna_data_01/recover-20220822/UBNA_001/20220819_100000.WAV,recover-20220822,UBNA_001,Telephone Field
43.2705,43.2742,51250.0,72941.0,Myotis alcathoe,0.311,0.519,-1,Echolocation,/mnt/ubna_data_01/recover-20220822/UBNA_001/20220819_100000.WAV,recover-20220822,UBNA_001,Telephone Field
43.4045,43.4079,49531.0,71794.0,Myotis alcathoe,0.289,0.519,-1,Echolocation,/mnt/ubna_data_01/recover-20220822/UBNA_001/20220819_100000.WAV,recover-20220822,UBNA_001,Telephone Field
43.457499999999996,43.4607,51250.0,79052.0,Myotis alcathoe,0.415,0.501,-1,Echolocation,/mnt/ubna_data_01/recover-20220822/UBNA_001/20220819_100000.WAV,recover-20220822,UBNA_001,Telephone Field
43.8375,43.8414,51250.0,79926.0,Myotis alcathoe,0.454,0.539,-1,Echolocation,/mnt/ubna_data_01/recover-20220822/UBNA_001/20220819_100000.WAV,recover-20220822,UBNA_001,Telephone Field
44.0405,44.0453,48671.0,97365.0,Myotis alcathoe,0.368,0.518,-1,Echolocation,/mnt/ubna_data_01/recover-20220822/UBNA_001/20220819_100000.WAV,recover-20220822,UBNA_001,Telephone Field
44.2515,44.2558,45234.0,93091.0,Myotis alcathoe,0.47,0.554,-1,Echolocation,/mnt/ubna_data_01/recover-20220822/UBNA_001/20220819_100000.WAV,recover-20220822,UBNA_001,Telephone Field
44.3455,44.3498,46953.0,89130.0,Myotis alcathoe,0.456,0.504,-1,Echolocation,/mnt/ubna_data_01/recover-20220822/UBNA_001/20220819_100000.WAV,recover-20220822,UBNA_001,Telephone Field
44.5265,44.531,43515.0,92554.0,Myotis alcathoe,0.518,0.649,-1,Echolocation,/mnt/ubna_data_01/recover-20220822/UBNA_001/20220819_100000.WAV,recover-20220822,UBNA_001,Telephone Field
44.7055,44.7096,42656.0,95594.0,Myotis alcathoe,0.511,0.585,-1,Echolocation,/mnt/ubna_data_01/recover-20220822/UBNA_001/20220819_100000.WAV,recover-20220822,UBNA_001,Telephone Field
44.7785,44.7824,41796.0,81768.0,Myotis alcathoe,0.444,0.644,-1,Echolocation,/mnt/ubna_data_01/recover-20220822/UBNA_001/20220819_100000.WAV,recover-20220822,UBNA_001,Telephone Field
44.8365,44.8409,42656.0,78750.0,Myotis alcathoe,0.315,0.575,-1,Echolocation,/mnt/ubna_data_01/recover-20220822/UBNA_001/20220819_100000.WAV,recover-20220822,UBNA_001,Telephone Field
44.8985,44.9032,39218.0,102075.0,Myotis alcathoe,0.469,0.514,-1,Echolocation,/mnt/ubna_data_01/recover-20220822/UBNA_001/20220819_100000.WAV,recover-20220822,UBNA_001,Telephone Field
44.9865,44.9908,42656.0,81822.0,Myotis alcathoe,0.425,0.542,-1,Echolocation,/mnt/ubna_data_01/recover-20220822/UBNA_001/20220819_100000.WAV,recover-20220822,UBNA_001,Telephone Field
45.161500000000004,45.1666,40078.0,89885.0,Myotis alcathoe,0.467,0.596,-1,Echolocation,/mnt/ubna_data_01/recover-20220822/UBNA_001/20220819_100000.WAV,recover-20220822,UBNA_001,Telephone Field
45.2555,45.2594,48671.0,67822.0,Pipistrellus pipistrellus,0.413,0.532,-1,Echolocation,/mnt/ubna_data_01/recover-20220822/UBNA_001/20220819_100000.WAV,recover-20220822,UBNA_001,Telephone Field
45.5285,45.5321,47812.0,82318.0,Myotis alcathoe,0.418,0.536,-1,Echolocation,/mnt/ubna_data_01/recover-20220822/UBNA_001/20220819_100000.WAV,recover-20220822,UBNA_001,Telephone Field
46.442499999999995,46.4465,46953.0,60162.0,Pipistrellus pipistrellus,0.527,0.577,-1,Echolocation,/mnt/ubna_data_01/recover-20220822/UBNA_001/20220819_100000.WAV,recover-20220822,UBNA_001,Telephone Field
52.3615,52.364599999999996,45234.0,81922.0,Myotis alcathoe,0.426,0.502,-1,Echolocation,/mnt/ubna_data_01/recover-20220822/UBNA_001/20220819_100000.WAV,recover-20220822,UBNA_001,Telephone Field
52.4555,52.4591,44375.0,85235.0,Myotis alcathoe,0.466,0.628,-1,Echolocation,/mnt/ubna_data_01/recover-20220822/UBNA_001/20220819_100000.WAV,recover-20220822,UBNA_001,Telephone Field
52.542500000000004,52.546099999999996,45234.0,77366.0,Myotis alcathoe,0.405,0.511,-1,Echolocation,/mnt/ubna_data_01/recover-20220822/UBNA_001/20220819_100000.WAV,recover-20220822,UBNA_001,Telephone Field
52.700500000000005,52.7042,47812.0,79661.0,Myotis alcathoe,0.49,0.603,-1,Echolocation,/mnt/ubna_data_01/recover-20220822/UBNA_001/20220819_100000.WAV,recover-20220822,UBNA_001,Telephone Field
52.8585,52.8625,46953.0,80665.0,Myotis alcathoe,0.339,0.57,-1,Echolocation,/mnt/ubna_data_01/recover-20220822/UBNA_001/20220819_100000.WAV,recover-20220822,UBNA_001,Telephone Field
53.6655,53.6702,46953.0,74274.0,Pipistrellus pipistrellus,0.458,0.522,-1,Echolocation,/mnt/ubna_data_01/recover-20220822/UBNA_001/20220819_100000.WAV,recover-20220822,UBNA_001,Telephone Field
53.8635,53.867599999999996,41796.0,71141.0,Myotis alcathoe,0.296,0.52,-1,Echolocation,/mnt/ubna_data_01/recover-20220822/UBNA_001/20220819_100000.WAV,recover-20220822,UBNA_001,Telephone Field
54.0085,54.0125,43515.0,73807.0,Myotis brandtii,0.171,0.585,-1,Echolocation,/mnt/ubna_data_01/recover-20220822/UBNA_001/20220819_100000.WAV,recover-20220822,UBNA_001,Telephone Field
54.2445,54.2501,35781.0,80936.0,Myotis brandtii,0.211,0.532,-1,Echolocation,/mnt/ubna_data_01/recover-20220822/UBNA_001/20220819_100000.WAV,recover-20220822,UBNA_001,Telephone Field
54.448499999999996,54.4548,46953.0,62141.0,Pipistrellus pipistrellus,0.286,0.629,-1,Echolocation,/mnt/ubna_data_01/recover-20220822/UBNA_001/20220819_100000.WAV,recover-20220822,UBNA_001,Telephone Field
54.6395,54.6438,46953.0,61814.0,Pipistrellus pipistrellus,0.321,0.628,-1,Echolocation,/mnt/ubna_data_01/recover-20220822/UBNA_001/20220819_100000.WAV,recover-20220822,UBNA_001,Telephone Field
54.704499999999996,54.7108,47812.0,61015.0,Pipistrellus pipistrellus,0.397,0.532,-1,Echolocation,/mnt/ubna_data_01/recover-20220822/UBNA_001/20220819_100000.WAV,recover-20220822,UBNA_001,Telephone Field
55.954499999999996,55.961600000000004,40937.0,48519.0,Pipistrellus nathusii,0.529,0.554,-1,Echolocation,/mnt/ubna_data_01/recover-20220822/UBNA_001/20220819_100000.WAV,recover-20220822,UBNA_001,Telephone Field
56.7215,56.7264,41796.0,53347.0,Pipistrellus nathusii,0.601,0.626,-1,Echolocation,/mnt/ubna_data_01/recover-20220822/UBNA_001/20220819_100000.WAV,recover-20220822,UBNA_001,Telephone Field
56.8905,56.8973,40937.0,48160.0,Pipistrellus nathusii,0.545,0.564,-1,Echolocation,/mnt/ubna_data_01/recover-20220822/UBNA_001/20220819_100000.WAV,recover-20220822,UBNA_001,Telephone Field
60.1515,60.1582,40937.0,52584.0,Pipistrellus nathusii,0.498,0.525,-1,Echolocation,/mnt/ubna_data_01/recover-20220822/UBNA_001/20220819_100000.WAV,recover-20220822,UBNA_001,Telephone Field
60.3335,60.3421,40937.0,52620.0,Pipistrellus nathusii,0.515,0.591,-1,Echolocation,/mnt/ubna_data_01/recover-20220822/UBNA_001/20220819_100000.WAV,recover-20220822,UBNA_001,Telephone Field
60.4215,60.4302,40937.0,51655.0,Pipistrellus nathusii,0.496,0.548,-1,Echolocation,/mnt/ubna_data_01/recover-20220822/UBNA_001/20220819_100000.WAV,recover-20220822,UBNA_001,Telephone Field
60.5165,60.5242,40937.0,49518.0,Pipistrellus nathusii,0.461,0.509,-1,Echolocation,/mnt/ubna_data_01/recover-20220822/UBNA_001/20220819_100000.WAV,recover-20220822,UBNA_001,Telephone Field
60.6085,60.6175,40078.0,56441.0,Pipistrellus nathusii,0.471,0.586,-1,Echolocation,/mnt/ubna_data_01/recover-20220822/UBNA_001/20220819_100000.WAV,recover-20220822,UBNA_001,Telephone Field
60.6985,60.7066,40937.0,52468.0,Pipistrellus nathusii,0.58,0.623,-1,Echolocation,/mnt/ubna_data_01/recover-20220822/UBNA_001/20220819_100000.WAV,recover-20220822,UBNA_001,Telephone Field
60.8815,60.891,40937.0,55622.0,Pipistrellus nathusii,0.426,0.564,-1,Echolocation,/mnt/ubna_data_01/recover-20220822/UBNA_001/20220819_100000.WAV,recover-20220822,UBNA_001,Telephone Field
69.8365,69.8437,41796.0,47471.0,Pipistrellus nathusii,0.454,0.517,-1,Echolocation,/mnt/ubna_data_01/recover-20220822/UBNA_001/20220819_100000.WAV,recover-20220822,UBNA_001,Telephone Field
71.8115,71.81569999999999,46953.0,61339.0,Pipistrellus pipistrellus,0.53,0.583,-1,Echolocation,/mnt/ubna_data_01/recover-20220822/UBNA_001/20220819_100000.WAV,recover-20220822,UBNA_001,Telephone Field
71.8735,71.8783,46953.0,61128.0,Pipistrellus pipistrellus,0.523,0.604,-1,Echolocation,/mnt/ubna_data_01/recover-20220822/UBNA_001/20220819_100000.WAV,recover-20220822,UBNA_001,Telephone Field
71.9325,71.9375,47812.0,57190.0,Pipistrellus pipistrellus,0.515,0.544,-1,Echolocation,/mnt/ubna_data_01/recover-20220822/UBNA_001/20220819_100000.WAV,recover-20220822,UBNA_001,Telephone Field
72.4535,72.4584,48671.0,59031.0,Pipistrellus pipistrellus,0.488,0.5,-1,Echolocation,/mnt/ubna_data_01/recover-20220822/UBNA_001/20220819_100000.WAV,recover-20220822,UBNA_001,Telephone Field
72.5545,72.5588,48671.0,61608.0,Pipistrellus pipistrellus,0.501,0.516,-1,Echolocation,/mnt/ubna_data_01/recover-20220822/UBNA_001/20220819_100000.WAV,recover-20220822,UBNA_001,Telephone Field
72.6015,72.6071,50390.0,64238.0,Pipistrellus pipistrellus,0.54,0.584,-1,Echolocation,/mnt/ubna_data_01/recover-20220822/UBNA_001/20220819_100000.WAV,recover-20220822,UBNA_001,Telephone Field
73.0405,73.0458,47812.0,60242.0,Pipistrellus pipistrellus,0.58,0.595,-1,Echolocation,/mnt/ubna_data_01/recover-20220822/UBNA_001/20220819_100000.WAV,recover-20220822,UBNA_001,Telephone Field
73.1065,73.1111,46953.0,61069.0,Pipistrellus pipistrellus,0.595,0.619,-1,Echolocation,/mnt/ubna_data_01/recover-20220822/UBNA_001/20220819_100000.WAV,recover-20220822,UBNA_001,Telephone Field
73.1785,73.1833,48671.0,64824.0,Pipistrellus pipistrellus,0.59,0.631,-1,Echolocation,/mnt/ubna_data_01/recover-20220822/UBNA_001/20220819_100000.WAV,recover-20220822,UBNA_001,Telephone Field
73.2535,73.2578,48671.0,64273.0,Pipistrellus pipistrellus,0.598,0.616,-1,Echolocation,/mnt/ubna_data_01/recover-20220822/UBNA_001/20220819_100000.WAV,recover-20220822,UBNA_001,Telephone Field
73.3315,73.3372,47812.0,61251.0,Pipistrellus pipistrellus,0.67,0.695,-1,Echolocation,/mnt/ubna_data_01/recover-20220822/UBNA_001/20220819_100000.WAV,recover-20220822,UBNA_001,Telephone Field
73.4105,73.4152,47812.0,64361.0,Pipistrellus pipistrellus,0.59,0.645,-1,Echolocation,/mnt/ubna_data_01/recover-20220822/UBNA_001/20220819_100000.WAV,recover-20220822,UBNA_001,Telephone Field
73.5005,73.5073,46953.0,64073.0,Pipistrellus pipistrellus,0.465,0.561,-1,Echolocation,/mnt/ubna_data_01/recover-20220822/UBNA_001/20220819_100000.WAV,recover-20220822,UBNA_001,Telephone Field
73.5795,73.5846,47812.0,58936.0,Pipistrellus pipistrellus,0.578,0.601,-1,Echolocation,/mnt/ubna_data_01/recover-20220822/UBNA_001/20220819_100000.WAV,recover-20220822,UBNA_001,Telephone Field
73.6625,73.6672,44375.0,58827.0,Pipistrellus pipistrellus,0.501,0.53,-1,Echolocation,/mnt/ubna_data_01/recover-20220822/UBNA_001/20220819_100000.WAV,recover-20220822,UBNA_001,Telephone Field
73.7405,73.7459,46953.0,56803.0,Pipistrellus pipistrellus,0.629,0.636,-1,Echolocation,/mnt/ubna_data_01/recover-20220822/UBNA_001/20220819_100000.WAV,recover-20220822,UBNA_001,Telephone Field
73.8315,73.8365,46093.0,62319.0,Pipistrellus pipistrellus,0.574,0.614,-1,Echolocation,/mnt/ubna_data_01/recover-20220822/UBNA_001/20220819_100000.WAV,recover-20220822,UBNA_001,Telephone Field
73.9225,73.9305,48671.0,60077.0,Pipistrellus pipistrellus,0.463,0.508,-1,Echolocation,/mnt/ubna_data_01/recover-20220822/UBNA_001/20220819_100000.WAV,recover-20220822,UBNA_001,Telephone Field
74.2735,74.2787,40937.0,71672.0,Myotis alcathoe,0.205,0.565,-1,Echolocation,/mnt/ubna_data_01/recover-20220822/UBNA_001/20220819_100000.WAV,recover-20220822,UBNA_001,Telephone Field
74.3595,74.3643,41796.0,68497.0,Pipistrellus pipistrellus,0.222,0.588,-1,Echolocation,/mnt/ubna_data_01/recover-20220822/UBNA_001/20220819_100000.WAV,recover-20220822,UBNA_001,Telephone Field
74.7095,74.7145,46953.0,55812.0,Pipistrellus pipistrellus,0.49,0.517,-1,Echolocation,/mnt/ubna_data_01/recover-20220822/UBNA_001/20220819_100000.WAV,recover-20220822,UBNA_001,Telephone Field
75.3825,75.3871,41796.0,58422.0,Pipistrellus pipistrellus,0.215,0.603,-1,Echolocation,/mnt/ubna_data_01/recover-20220822/UBNA_001/20220819_100000.WAV,recover-20220822,UBNA_001,Telephone Field
83.65950000000001,83.667,41796.0,53295.0,Pipistrellus nathusii,0.457,0.546,-1,Echolocation,/mnt/ubna_data_01/recover-20220822/UBNA_001/20220819_100000.WAV,recover-20220822,UBNA_001,Telephone Field
84.1365,84.1462,40078.0,54328.0,Pipistrellus nathusii,0.487,0.553,-1,Echolocation,/mnt/ubna_data_01/recover-20220822/UBNA_001/20220819_100000.WAV,recover-20220822,UBNA_001,Telephone Field
84.23349999999999,84.2419,40937.0,53959.0,Pipistrellus nathusii,0.577,0.61,-1,Echolocation,/mnt/ubna_data_01/recover-20220822/UBNA_001/20220819_100000.WAV,recover-20220822,UBNA_001,Telephone Field
84.3315,84.3382,40937.0,52061.0,Pipistrellus nathusii,0.488,0.53,-1,Echolocation,/mnt/ubna_data_01/recover-20220822/UBNA_001/20220819_100000.WAV,recover-20220822,UBNA_001,Telephone Field
84.4285,84.4365,40937.0,54181.0,Pipistrellus nathusii,0.552,0.585,-1,Echolocation,/mnt/ubna_data_01/recover-20220822/UBNA_001/20220819_100000.WAV,recover-20220822,UBNA_001,Telephone Field
84.5945,84.6056,40078.0,52994.0,Pipistrellus nathusii,0.487,0.52,-1,Echolocation,/mnt/ubna_data_01/recover-20220822/UBNA_001/20220819_100000.WAV,recover-20220822,UBNA_001,Telephone Field
84.6905,84.6993,40937.0,47447.0,Pipistrellus nathusii,0.539,0.577,-1,Echolocation,/mnt/ubna_data_01/recover-20220822/UBNA_001/20220819_100000.WAV,recover-20220822,UBNA_001,Telephone Field
84.7855,84.795,40078.0,53452.0,Pipistrellus nathusii,0.538,0.577,-1,Echolocation,/mnt/ubna_data_01/recover-20220822/UBNA_001/20220819_100000.WAV,recover-20220822,UBNA_001,Telephone Field
88.6095,88.619,40937.0,48899.0,Pipistrellus nathusii,0.475,0.519,-1,Echolocation,/mnt/ubna_data_01/recover-20220822/UBNA_001/20220819_100000.WAV,recover-20220822,UBNA_001,Telephone Field
88.9225,88.9323,40078.0,52367.0,Pipistrellus nathusii,0.475,0.512,-1,Echolocation,/mnt/ubna_data_01/recover-20220822/UBNA_001/20220819_100000.WAV,recover-20220822,UBNA_001,Telephone Field
89.0305,89.0389,40078.0,51932.0,Pipistrellus nathusii,0.491,0.604,-1,Echolocation,/mnt/ubna_data_01/recover-20220822/UBNA_001/20220819_100000.WAV,recover-20220822,UBNA_001,Telephone Field
89.1365,89.1438,41796.0,55683.0,Pipistrellus nathusii,0.53,0.559,-1,Echolocation,/mnt/ubna_data_01/recover-20220822/UBNA_001/20220819_100000.WAV,recover-20220822,UBNA_001,Telephone Field
89.2415,89.2504,40937.0,52794.0,Pipistrellus nathusii,0.467,0.522,-1,Echolocation,/mnt/ubna_data_01/recover-20220822/UBNA_001/20220819_100000.WAV,recover-20220822,UBNA_001,Telephone Field
103.0335,103.0431,40937.0,50740.0,Pipistrellus nathusii,0.448,0.532,-1,Echolocation,/mnt/ubna_data_01/recover-20220822/UBNA_001/20220819_100000.WAV,recover-20220822,UBNA_001,Telephone Field
103.2525,103.2625,40937.0,47956.0,Pipistrellus nathusii,0.524,0.539,-1,Echolocation,/mnt/ubna_data_01/recover-20220822/UBNA_001/20220819_100000.WAV,recover-20220822,UBNA_001,Telephone Field
103.6545,103.6639,40078.0,49455.0,Pipistrellus nathusii,0.465,0.518,-1,Echolocation,/mnt/ubna_data_01/recover-20220822/UBNA_001/20220819_100000.WAV,recover-20220822,UBNA_001,Telephone Field
104.0565,104.065,40937.0,54221.0,Pipistrellus nathusii,0.43,0.551,-1,Echolocation,/mnt/ubna_data_01/recover-20220822/UBNA_001/20220819_100000.WAV,recover-20220822,UBNA_001,Telephone Field
104.3235,104.331,40937.0,53876.0,Pipistrellus nathusii,0.466,0.524,-1,Echolocation,/mnt/ubna_data_01/recover-20220822/UBNA_001/20220819_100000.WAV,recover-20220822,UBNA_001,Telephone Field
105.7575,105.7646,41796.0,50542.0,Pipistrellus nathusii,0.554,0.57,-1,Echolocation,/mnt/ubna_data_01/recover-20220822/UBNA_001/20220819_100000.WAV,recover-20220822,UBNA_001,Telephone Field
105.9285,105.9348,40937.0,56047.0,Pipistrellus nathusii,0.631,0.659,-1,Echolocation,/mnt/ubna_data_01/recover-20220822/UBNA_001/20220819_100000.WAV,recover-20220822,UBNA_001,Telephone Field
106.6565,106.66460000000001,40937.0,48735.0,Pipistrellus nathusii,0.465,0.509,-1,Echolocation,/mnt/ubna_data_01/recover-20220822/UBNA_001/20220819_100000.WAV,recover-20220822,UBNA_001,Telephone Field
111.3575,111.3673,41796.0,51545.0,Pipistrellus nathusii,0.492,0.542,-1,Echolocation,/mnt/ubna_data_01/recover-20220822/UBNA_001/20220819_100000.WAV,recover-20220822,UBNA_001,Telephone Field
111.6545,111.6621,41796.0,48813.0,Pipistrellus nathusii,0.638,0.658,-1,Echolocation,/mnt/ubna_data_01/recover-20220822/UBNA_001/20220819_100000.WAV,recover-20220822,UBNA_001,Telephone Field
115.7585,115.7636,35781.0,47928.0,Barbastellus barbastellus,0.164,0.504,-1,Echolocation,/mnt/ubna_data_01/recover-20220822/UBNA_001/20220819_100000.WAV,recover-20220822,UBNA_001,Telephone Field
116.8325,116.8425,41796.0,48274.0,Pipistrellus nathusii,0.48,0.503,-1,Echolocation,/mnt/ubna_data_01/recover-20220822/UBNA_001/20220819_100000.WAV,recover-20220822,UBNA_001,Telephone Field
117.0395,117.0488,40078.0,47511.0,Pipistrellus nathusii,0.469,0.509,-1,Echolocation,/mnt/ubna_data_01/recover-20220822/UBNA_001/20220819_100000.WAV,recover-20220822,UBNA_001,Telephone Field
117.34649999999999,117.3565,40937.0,47214.0,Pipistrellus nathusii,0.48,0.509,-1,Echolocation,/mnt/ubna_data_01/recover-20220822/UBNA_001/20220819_100000.WAV,recover-20220822,UBNA_001,Telephone Field
117.4515,117.4599,40078.0,49684.0,Pipistrellus nathusii,0.441,0.501,-1,Echolocation,/mnt/ubna_data_01/recover-20220822/UBNA_001/20220819_100000.WAV,recover-20220822,UBNA_001,Telephone Field
117.5515,117.5622,40937.0,54446.0,Pipistrellus nathusii,0.535,0.588,-1,Echolocation,/mnt/ubna_data_01/recover-20220822/UBNA_001/20220819_100000.WAV,recover-20220822,UBNA_001,Telephone Field
117.9285,117.9384,40078.0,50931.0,Pipistrellus nathusii,0.425,0.509,-1,Echolocation,/mnt/ubna_data_01/recover-20220822/UBNA_001/20220819_100000.WAV,recover-20220822,UBNA_001,Telephone Field
118.0215,118.0286,40937.0,49817.0,Pipistrellus nathusii,0.43,0.506,-1,Echolocation,/mnt/ubna_data_01/recover-20220822/UBNA_001/20220819_100000.WAV,recover-20220822,UBNA_001,Telephone Field
118.2025,118.2115,40078.0,52212.0,Pipistrellus nathusii,0.472,0.539,-1,Echolocation,/mnt/ubna_data_01/recover-20220822/UBNA_001/20220819_100000.WAV,recover-20220822,UBNA_001,Telephone Field
119.8815,119.8874,35781.0,58403.0,Myotis daubentonii,0.238,0.578,-1,Echolocation,/mnt/ubna_data_01/recover-20220822/UBNA_001/20220819_100000.WAV,recover-20220822,UBNA_001,Telephone Field
119.9755,119.9823,38359.0,59110.0,Pipistrellus nathusii,0.322,0.543,-1,Echolocation,/mnt/ubna_data_01/recover-20220822/UBNA_001/20220819_100000.WAV,recover-20220822,UBNA_001,Telephone Field
120.1665,120.174,39218.0,59943.0,Pipistrellus nathusii,0.368,0.52,-1,Echolocation,/mnt/ubna_data_01/recover-20220822/UBNA_001/20220819_100000.WAV,recover-20220822,UBNA_001,Telephone Field
120.2665,120.2749,40078.0,58104.0,Pipistrellus nathusii,0.408,0.513,-1,Echolocation,/mnt/ubna_data_01/recover-20220822/UBNA_001/20220819_100000.WAV,recover-20220822,UBNA_001,Telephone Field
120.6425,120.6488,40937.0,53949.0,Pipistrellus nathusii,0.587,0.62,-1,Echolocation,/mnt/ubna_data_01/recover-20220822/UBNA_001/20220819_100000.WAV,recover-20220822,UBNA_001,Telephone Field
120.7275,120.7346,40937.0,48260.0,Pipistrellus nathusii,0.503,0.536,-1,Echolocation,/mnt/ubna_data_01/recover-20220822/UBNA_001/20220819_100000.WAV,recover-20220822,UBNA_001,Telephone Field
120.8285,120.836,39218.0,49784.0,Pipistrellus nathusii,0.451,0.503,-1,Echolocation,/mnt/ubna_data_01/recover-20220822/UBNA_001/20220819_100000.WAV,recover-20220822,UBNA_001,Telephone Field
121.0325,121.0388,38359.0,52328.0,Pipistrellus nathusii,0.371,0.509,-1,Echolocation,/mnt/ubna_data_01/recover-20220822/UBNA_001/20220819_100000.WAV,recover-20220822,UBNA_001,Telephone Field
121.1405,121.1463,39218.0,51770.0,Pipistrellus nathusii,0.494,0.566,-1,Echolocation,/mnt/ubna_data_01/recover-20220822/UBNA_001/20220819_100000.WAV,recover-20220822,UBNA_001,Telephone Field
121.2415,121.249,39218.0,48928.0,Pipistrellus nathusii,0.549,0.621,-1,Echolocation,/mnt/ubna_data_01/recover-20220822/UBNA_001/20220819_100000.WAV,recover-20220822,UBNA_001,Telephone Field
123.25450000000001,123.2606,40937.0,52251.0,Pipistrellus nathusii,0.542,0.571,-1,Echolocation,/mnt/ubna_data_01/recover-20220822/UBNA_001/20220819_100000.WAV,recover-20220822,UBNA_001,Telephone Field
123.3295,123.3359,40937.0,57404.0,Pipistrellus nathusii,0.286,0.504,-1,Echolocation,/mnt/ubna_data_01/recover-20220822/UBNA_001/20220819_100000.WAV,recover-20220822,UBNA_001,Telephone Field
123.4195,123.4265,40937.0,52551.0,Pipistrellus nathusii,0.629,0.672,-1,Echolocation,/mnt/ubna_data_01/recover-20220822/UBNA_001/20220819_100000.WAV,recover-20220822,UBNA_001,Telephone Field
123.5095,123.5164,40078.0,56253.0,Pipistrellus nathusii,0.452,0.546,-1,Echolocation,/mnt/ubna_data_01/recover-20220822/UBNA_001/20220819_100000.WAV,recover-20220822,UBNA_001,Telephone Field
123.5625,123.5688,40937.0,52529.0,Pipistrellus nathusii,0.515,0.54,-1,Echolocation,/mnt/ubna_data_01/recover-20220822/UBNA_001/20220819_100000.WAV,recover-20220822,UBNA_001,Telephone Field
123.7725,123.7799,41796.0,51063.0,Pipistrellus nathusii,0.595,0.614,-1,Echolocation,/mnt/ubna_data_01/recover-20220822/UBNA_001/20220819_100000.WAV,recover-20220822,UBNA_001,Telephone Field
123.7955,123.8044,39218.0,54194.0,Pipistrellus nathusii,0.448,0.504,-1,Echolocation,/mnt/ubna_data_01/recover-20220822/UBNA_001/20220819_100000.WAV,recover-20220822,UBNA_001,Telephone Field
124.6695,124.6755,40078.0,57931.0,Pipistrellus nathusii,0.316,0.561,-1,Echolocation,/mnt/ubna_data_01/recover-20220822/UBNA_001/20220819_100000.WAV,recover-20220822,UBNA_001,Telephone Field
125.2275,125.2335,38359.0,59881.0,Pipistrellus nathusii,0.233,0.524,-1,Echolocation,/mnt/ubna_data_01/recover-20220822/UBNA_001/20220819_100000.WAV,recover-20220822,UBNA_001,Telephone Field
126.3125,126.3194,38359.0,60090.0,Pipistrellus nathusii,0.53,0.604,-1,Echolocation,/mnt/ubna_data_01/recover-20220822/UBNA_001/20220819_100000.WAV,recover-20220822,UBNA_001,Telephone Field
126.4095,126.4197,39218.0,48236.0,Pipistrellus nathusii,0.598,0.616,-1,Echolocation,/mnt/ubna_data_01/recover-20220822/UBNA_001/20220819_100000.WAV,recover-20220822,UBNA_001,Telephone Field
126.6965,126.7029,38359.0,52645.0,Pipistrellus nathusii,0.575,0.634,-1,Echolocation,/mnt/ubna_data_01/recover-20220822/UBNA_001/20220819_100000.WAV,recover-20220822,UBNA_001,Telephone Field
126.8495,126.856,35781.0,49332.0,Pipistrellus nathusii,0.379,0.568,-1,Echolocation,/mnt/ubna_data_01/recover-20220822/UBNA_001/20220819_100000.WAV,recover-20220822,UBNA_001,Telephone Field
126.9425,126.9478,36640.0,53368.0,Pipistrellus nathusii,0.276,0.509,-1,Echolocation,/mnt/ubna_data_01/recover-20220822/UBNA_001/20220819_100000.WAV,recover-20220822,UBNA_001,Telephone Field
128.2835,128.2918,40078.0,58145.0,Pipistrellus nathusii,0.496,0.608,-1,Echolocation,/mnt/ubna_data_01/recover-20220822/UBNA_001/20220819_100000.WAV,recover-20220822,UBNA_001,Telephone Field
128.3565,128.365,40078.0,63675.0,Pipistrellus nathusii,0.536,0.596,-1,Echolocation,/mnt/ubna_data_01/recover-20220822/UBNA_001/20220819_100000.WAV,recover-20220822,UBNA_001,Telephone Field
128.4505,128.4599,37500.0,57136.0,Pipistrellus nathusii,0.498,0.562,-1,Echolocation,/mnt/ubna_data_01/recover-20220822/UBNA_001/20220819_100000.WAV,recover-20220822,UBNA_001,Telephone Field
128.5455,128.5526,36640.0,59049.0,Pipistrellus nathusii,0.477,0.593,-1,Echolocation,/mnt/ubna_data_01/recover-20220822/UBNA_001/20220819_100000.WAV,recover-20220822,UBNA_001,Telephone Field
128.5965,128.60399999999998,40937.0,51787.0,Pipistrellus nathusii,0.49,0.508,-1,Echolocation,/mnt/ubna_data_01/recover-20220822/UBNA_001/20220819_100000.WAV,recover-20220822,UBNA_001,Telephone Field
128.6385,128.6449,37500.0,60700.0,Pipistrellus nathusii,0.472,0.554,-1,Echolocation,/mnt/ubna_data_01/recover-20220822/UBNA_001/20220819_100000.WAV,recover-20220822,UBNA_001,Telephone Field
128.6915,128.6984,41796.0,54990.0,Pipistrellus nathusii,0.475,0.507,-1,Echolocation,/mnt/ubna_data_01/recover-20220822/UBNA_001/20220819_100000.WAV,recover-20220822,UBNA_001,Telephone Field
128.7345,128.7416,40078.0,68594.0,Pipistrellus nathusii,0.585,0.616,-1,Echolocation,/mnt/ubna_data_01/recover-20220822/UBNA_001/20220819_100000.WAV,recover-20220822,UBNA_001,Telephone Field
128.7895,128.7971,40937.0,51086.0,Pipistrellus nathusii,0.449,0.506,-1,Echolocation,/mnt/ubna_data_01/recover-20220822/UBNA_001/20220819_100000.WAV,recover-20220822,UBNA_001,Telephone Field
128.8315,128.838,39218.0,52950.0,Pipistrellus nathusii,0.502,0.566,-1,Echolocation,/mnt/ubna_data_01/recover-20220822/UBNA_001/20220819_100000.WAV,recover-20220822,UBNA_001,Telephone Field
129.0235,129.0329,38359.0,44720.0,Pipistrellus nathusii,0.519,0.543,-1,Echolocation,/mnt/ubna_data_01/recover-20220822/UBNA_001/20220819_100000.WAV,recover-20220822,UBNA_001,Telephone Field
130.0555,130.0614,42656.0,61301.0,Pipistrellus nathusii,0.25,0.542,-1,Echolocation,/mnt/ubna_data_01/recover-20220822/UBNA_001/20220819_100000.WAV,recover-20220822,UBNA_001,Telephone Field
130.1375,130.1438,41796.0,64689.0,Pipistrellus nathusii,0.531,0.612,-1,Echolocation,/mnt/ubna_data_01/recover-20220822/UBNA_001/20220819_100000.WAV,recover-20220822,UBNA_001,Telephone Field
130.2145,130.2209,41796.0,61421.0,Pipistrellus nathusii,0.547,0.607,-1,Echolocation,/mnt/ubna_data_01/recover-20220822/UBNA_001/20220819_100000.WAV,recover-20220822,UBNA_001,Telephone Field
130.2815,130.2888,41796.0,68013.0,Pipistrellus nathusii,0.461,0.597,-1,Echolocation,/mnt/ubna_data_01/recover-20220822/UBNA_001/20220819_100000.WAV,recover-20220822,UBNA_001,Telephone Field
130.3485,130.3557,40937.0,65864.0,Pipistrellus nathusii,0.286,0.503,-1,Echolocation,/mnt/ubna_data_01/recover-20220822/UBNA_001/20220819_100000.WAV,recover-20220822,UBNA_001,Telephone Field
130.7515,130.7585,40937.0,59546.0,Pipistrellus nathusii,0.487,0.531,-1,Echolocation,/mnt/ubna_data_01/recover-20220822/UBNA_001/20220819_100000.WAV,recover-20220822,UBNA_001,Telephone Field
131.5815,131.5896,40078.0,60383.0,Pipistrellus nathusii,0.36,0.502,-1,Echolocation,/mnt/ubna_data_01/recover-20220822/UBNA_001/20220819_100000.WAV,recover-20220822,UBNA_001,Telephone Field
132.0245,132.0316,36640.0,55538.0,Pipistrellus nathusii,0.41,0.552,-1,Echolocation,/mnt/ubna_data_01/recover-20220822/UBNA_001/20220819_100000.WAV,recover-20220822,UBNA_001,Telephone Field
132.1355,132.1424,36640.0,55281.0,Pipistrellus nathusii,0.226,0.533,-1,Echolocation,/mnt/ubna_data_01/recover-20220822/UBNA_001/20220819_100000.WAV,recover-20220822,UBNA_001,Telephone Field
132.2465,132.2525,37500.0,55283.0,Pipistrellus nathusii,0.27,0.55,-1,Echolocation,/mnt/ubna_data_01/recover-20220822/UBNA_001/20220819_100000.WAV,recover-20220822,UBNA_001,Telephone Field
132.3625,132.3707,37500.0,59299.0,Pipistrellus nathusii,0.366,0.504,-1,Echolocation,/mnt/ubna_data_01/recover-20220822/UBNA_001/20220819_100000.WAV,recover-20220822,UBNA_001,Telephone Field
132.4725,132.4781,36640.0,47719.0,Barbastellus barbastellus,0.365,0.606,-1,Echolocation,/mnt/ubna_data_01/recover-20220822/UBNA_001/20220819_100000.WAV,recover-20220822,UBNA_001,Telephone Field
132.58350000000002,132.59,37500.0,48130.0,Pipistrellus nathusii,0.239,0.501,-1,Echolocation,/mnt/ubna_data_01/recover-20220822/UBNA_001/20220819_100000.WAV,recover-20220822,UBNA_001,Telephone Field
132.6855,132.691,35781.0,50095.0,Barbastellus barbastellus,0.288,0.53,-1,Echolocation,/mnt/ubna_data_01/recover-20220822/UBNA_001/20220819_100000.WAV,recover-20220822,UBNA_001,Telephone Field
132.7905,132.7954,36640.0,46763.0,Barbastellus barbastellus,0.409,0.615,-1,Echolocation,/mnt/ubna_data_01/recover-20220822/UBNA_001/20220819_100000.WAV,recover-20220822,UBNA_001,Telephone Field
132.8995,132.9053,37500.0,48596.0,Pipistrellus nathusii,0.307,0.518,-1,Echolocation,/mnt/ubna_data_01/recover-20220822/UBNA_001/20220819_100000.WAV,recover-20220822,UBNA_001,Telephone Field
133.0965,133.1011,34921.0,49305.0,Barbastellus barbastellus,0.453,0.619,-1,Echolocation,/mnt/ubna_data_01/recover-20220822/UBNA_001/20220819_100000.WAV,recover-20220822,UBNA_001,Telephone Field
133.6225,133.6286,38359.0,51545.0,Pipistrellus nathusii,0.389,0.502,-1,Echolocation,/mnt/ubna_data_01/recover-20220822/UBNA_001/20220819_100000.WAV,recover-20220822,UBNA_001,Telephone Field
133.7315,133.7386,38359.0,50031.0,Pipistrellus nathusii,0.35,0.54,-1,Echolocation,/mnt/ubna_data_01/recover-20220822/UBNA_001/20220819_100000.WAV,recover-20220822,UBNA_001,Telephone Field
133.94650000000001,133.9522,36640.0,51913.0,Barbastellus barbastellus,0.209,0.542,-1,Echolocation,/mnt/ubna_data_01/recover-20220822/UBNA_001/20220819_100000.WAV,recover-20220822,UBNA_001,Telephone Field
134.0585,134.0654,38359.0,49465.0,Pipistrellus nathusii,0.411,0.527,-1,Echolocation,/mnt/ubna_data_01/recover-20220822/UBNA_001/20220819_100000.WAV,recover-20220822,UBNA_001,Telephone Field
134.2645,134.2719,38359.0,50810.0,Pipistrellus nathusii,0.421,0.575,-1,Echolocation,/mnt/ubna_data_01/recover-20220822/UBNA_001/20220819_100000.WAV,recover-20220822,UBNA_001,Telephone Field
134.3775,134.3856,38359.0,46725.0,Pipistrellus nathusii,0.444,0.543,-1,Echolocation,/mnt/ubna_data_01/recover-20220822/UBNA_001/20220819_100000.WAV,recover-20220822,UBNA_001,Telephone Field
134.5885,134.5959,37500.0,51854.0,Pipistrellus nathusii,0.492,0.569,-1,Echolocation,/mnt/ubna_data_01/recover-20220822/UBNA_001/20220819_100000.WAV,recover-20220822,UBNA_001,Telephone Field
134.70850000000002,134.7159,40078.0,49467.0,Pipistrellus nathusii,0.652,0.692,-1,Echolocation,/mnt/ubna_data_01/recover-20220822/UBNA_001/20220819_100000.WAV,recover-20220822,UBNA_001,Telephone Field
135.0275,135.0348,38359.0,52877.0,Pipistrellus nathusii,0.516,0.611,-1,Echolocation,/mnt/ubna_data_01/recover-20220822/UBNA_001/20220819_100000.WAV,recover-20220822,UBNA_001,Telephone Field
135.1445,135.152,39218.0,49689.0,Pipistrellus nathusii,0.563,0.657,-1,Echolocation,/mnt/ubna_data_01/recover-20220822/UBNA_001/20220819_100000.WAV,recover-20220822,UBNA_001,Telephone Field
135.3695,135.3777,39218.0,50957.0,Pipistrellus nathusii,0.611,0.664,-1,Echolocation,/mnt/ubna_data_01/recover-20220822/UBNA_001/20220819_100000.WAV,recover-20220822,UBNA_001,Telephone Field
135.4865,135.4921,40078.0,49770.0,Pipistrellus nathusii,0.528,0.57,-1,Echolocation,/mnt/ubna_data_01/recover-20220822/UBNA_001/20220819_100000.WAV,recover-20220822,UBNA_001,Telephone Field
135.5965,135.603,39218.0,48190.0,Pipistrellus nathusii,0.442,0.503,-1,Echolocation,/mnt/ubna_data_01/recover-20220822/UBNA_001/20220819_100000.WAV,recover-20220822,UBNA_001,Telephone Field
135.6555,135.6626,40937.0,53565.0,Pipistrellus nathusii,0.475,0.516,-1,Echolocation,/mnt/ubna_data_01/recover-20220822/UBNA_001/20220819_100000.WAV,recover-20220822,UBNA_001,Telephone Field
135.82150000000001,135.83,40937.0,50273.0,Pipistrellus nathusii,0.492,0.516,-1,Echolocation,/mnt/ubna_data_01/recover-20220822/UBNA_001/20220819_100000.WAV,recover-20220822,UBNA_001,Telephone Field
136.1945,136.2019,40937.0,54093.0,Pipistrellus nathusii,0.412,0.506,-1,Echolocation,/mnt/ubna_data_01/recover-20220822/UBNA_001/20220819_100000.WAV,recover-20220822,UBNA_001,Telephone Field
140.6175,140.6266,40937.0,47090.0,Pipistrellus nathusii,0.472,0.505,-1,Echolocation,/mnt/ubna_data_01/recover-20220822/UBNA_001/20220819_100000.WAV,recover-20220822,UBNA_001,Telephone Field
145.7725,145.7815,41796.0,54076.0,Pipistrellus nathusii,0.449,0.501,-1,Echolocation,/mnt/ubna_data_01/recover-20220822/UBNA_001/20220819_100000.WAV,recover-20220822,UBNA_001,Telephone Field
145.9815,145.99,41796.0,50113.0,Pipistrellus nathusii,0.416,0.504,-1,Echolocation,/mnt/ubna_data_01/recover-20220822/UBNA_001/20220819_100000.WAV,recover-20220822,UBNA_001,Telephone Field
146.1875,146.1955,40937.0,49930.0,Pipistrellus nathusii,0.474,0.511,-1,Echolocation,/mnt/ubna_data_01/recover-20220822/UBNA_001/20220819_100000.WAV,recover-20220822,UBNA_001,Telephone Field
146.2905,146.3003,40078.0,51345.0,Pipistrellus nathusii,0.501,0.573,-1,Echolocation,/mnt/ubna_data_01/recover-20220822/UBNA_001/20220819_100000.WAV,recover-20220822,UBNA_001,Telephone Field
146.3975,146.4058,40937.0,52884.0,Pipistrellus nathusii,0.537,0.586,-1,Echolocation,/mnt/ubna_data_01/recover-20220822/UBNA_001/20220819_100000.WAV,recover-20220822,UBNA_001,Telephone Field
146.5785,146.58780000000002,42656.0,52922.0,Pipistrellus nathusii,0.48,0.536,-1,Echolocation,/mnt/ubna_data_01/recover-20220822/UBNA_001/20220819_100000.WAV,recover-20220822,UBNA_001,Telephone Field
146.6685,146.6759,40937.0,50359.0,Pipistrellus nathusii,0.593,0.64,-1,Echolocation,/mnt/ubna_data_01/recover-20220822/UBNA_001/20220819_100000.WAV,recover-20220822,UBNA_001,Telephone Field
146.7585,146.7669,40937.0,54629.0,Pipistrellus nathusii,0.478,0.608,-1,Echolocation,/mnt/ubna_data_01/recover-20220822/UBNA_001/20220819_100000.WAV,recover-20220822,UBNA_001,Telephone Field
147.08350000000002,147.091,42656.0,54458.0,Pipistrellus nathusii,0.479,0.525,-1,Echolocation,/mnt/ubna_data_01/recover-20220822/UBNA_001/20220819_100000.WAV,recover-20220822,UBNA_001,Telephone Field
156.57150000000001,156.58,41796.0,51096.0,Pipistrellus nathusii,0.422,0.514,-1,Echolocation,/mnt/ubna_data_01/recover-20220822/UBNA_001/20220819_100000.WAV,recover-20220822,UBNA_001,Telephone Field
160.3705,160.3778,40937.0,52144.0,Pipistrellus nathusii,0.434,0.545,-1,Echolocation,/mnt/ubna_data_01/recover-20220822/UBNA_001/20220819_100000.WAV,recover-20220822,UBNA_001,Telephone Field
161.3905,161.4004,40937.0,48044.0,Pipistrellus nathusii,0.517,0.546,-1,Echolocation,/mnt/ubna_data_01/recover-20220822/UBNA_001/20220819_100000.WAV,recover-20220822,UBNA_001,Telephone Field
161.5725,161.5847,40937.0,48362.0,Pipistrellus nathusii,0.489,0.513,-1,Echolocation,/mnt/ubna_data_01/recover-20220822/UBNA_001/20220819_100000.WAV,recover-20220822,UBNA_001,Telephone Field
161.6715,161.6805,40937.0,49549.0,Pipistrellus nathusii,0.497,0.563,-1,Echolocation,/mnt/ubna_data_01/recover-20220822/UBNA_001/20220819_100000.WAV,recover-20220822,UBNA_001,Telephone Field
171.2845,171.2943,40937.0,48800.0,Pipistrellus nathusii,0.473,0.522,-1,Echolocation,/mnt/ubna_data_01/recover-20220822/UBNA_001/20220819_100000.WAV,recover-20220822,UBNA_001,Telephone Field
171.3785,171.3892,40937.0,51847.0,Pipistrellus nathusii,0.514,0.577,-1,Echolocation,/mnt/ubna_data_01/recover-20220822/UBNA_001/20220819_100000.WAV,recover-20220822,UBNA_001,Telephone Field
171.8765,171.88569999999999,40937.0,48635.0,Pipistrellus nathusii,0.543,0.586,-1,Echolocation,/mnt/ubna_data_01/recover-20220822/UBNA_001/20220819_100000.WAV,recover-20220822,UBNA_001,Telephone Field
171.9665,171.9757,40078.0,55169.0,Pipistrellus nathusii,0.464,0.573,-1,Echolocation,/mnt/ubna_data_01/recover-20220822/UBNA_001/20220819_100000.WAV,recover-20220822,UBNA_001,Telephone Field
172.3345,172.3416,41796.0,51365.0,Pipistrellus nathusii,0.479,0.523,-1,Echolocation,/mnt/ubna_data_01/recover-20220822/UBNA_001/20220819_100000.WAV,recover-20220822,UBNA_001,Telephone Field
172.5995,172.6084,40937.0,53679.0,Pipistrellus nathusii,0.53,0.568,-1,Echolocation,/mnt/ubna_data_01/recover-20220822/UBNA_001/20220819_100000.WAV,recover-20220822,UBNA_001,Telephone Field
175.1515,175.1587,41796.0,48713.0,Pipistrellus nathusii,0.425,0.505,-1,Echolocation,/mnt/ubna_data_01/recover-20220822/UBNA_001/20220819_100000.WAV,recover-20220822,UBNA_001,Telephone Field
175.9645,175.9714,41796.0,52084.0,Pipistrellus nathusii,0.361,0.524,-1,Echolocation,/mnt/ubna_data_01/recover-20220822/UBNA_001/20220819_100000.WAV,recover-20220822,UBNA_001,Telephone Field
176.7555,176.7625,40937.0,51525.0,Pipistrellus nathusii,0.493,0.532,-1,Echolocation,/mnt/ubna_data_01/recover-20220822/UBNA_001/20220819_100000.WAV,recover-20220822,UBNA_001,Telephone Field
176.8595,176.8666,40078.0,55770.0,Pipistrellus nathusii,0.54,0.58,-1,Echolocation,/mnt/ubna_data_01/recover-20220822/UBNA_001/20220819_100000.WAV,recover-20220822,UBNA_001,Telephone Field
176.9675,176.9762,40078.0,55042.0,Pipistrellus nathusii,0.483,0.597,-1,Echolocation,/mnt/ubna_data_01/recover-20220822/UBNA_001/20220819_100000.WAV,recover-20220822,UBNA_001,Telephone Field
177.07150000000001,177.0778,41796.0,60070.0,Pipistrellus nathusii,0.536,0.588,-1,Echolocation,/mnt/ubna_data_01/recover-20220822/UBNA_001/20220819_100000.WAV,recover-20220822,UBNA_001,Telephone Field
177.1855,177.19389999999999,40078.0,59589.0,Pipistrellus nathusii,0.537,0.599,-1,Echolocation,/mnt/ubna_data_01/recover-20220822/UBNA_001/20220819_100000.WAV,recover-20220822,UBNA_001,Telephone Field
177.2965,177.3036,40078.0,60759.0,Pipistrellus nathusii,0.477,0.567,-1,Echolocation,/mnt/ubna_data_01/recover-20220822/UBNA_001/20220819_100000.WAV,recover-20220822,UBNA_001,Telephone Field
177.4025,177.4113,39218.0,58607.0,Pipistrellus nathusii,0.6,0.665,-1,Echolocation,/mnt/ubna_data_01/recover-20220822/UBNA_001/20220819_100000.WAV,recover-20220822,UBNA_001,Telephone Field
177.5135,177.5233,40078.0,62389.0,Pipistrellus nathusii,0.567,0.648,-1,Echolocation,/mnt/ubna_data_01/recover-20220822/UBNA_001/20220819_100000.WAV,recover-20220822,UBNA_001,Telephone Field
177.6205,177.6301,40937.0,58031.0,Pipistrellus nathusii,0.561,0.638,-1,Echolocation,/mnt/ubna_data_01/recover-20220822/UBNA_001/20220819_100000.WAV,recover-20220822,UBNA_001,Telephone Field
177.7355,177.7454,39218.0,58593.0,Pipistrellus nathusii,0.622,0.693,-1,Echolocation,/mnt/ubna_data_01/recover-20220822/UBNA_001/20220819_100000.WAV,recover-20220822,UBNA_001,Telephone Field
177.8365,177.8456,40078.0,63466.0,Pipistrellus nathusii,0.627,0.687,-1,Echolocation,/mnt/ubna_data_01/recover-20220822/UBNA_001/20220819_100000.WAV,recover-20220822,UBNA_001,Telephone Field
177.9415,177.9503,39218.0,64747.0,Pipistrellus nathusii,0.606,0.682,-1,Echolocation,/mnt/ubna_data_01/recover-20220822/UBNA_001/20220819_100000.WAV,recover-20220822,UBNA_001,Telephone Field
178.0485,178.0579,38359.0,57631.0,Pipistrellus nathusii,0.604,0.652,-1,Echolocation,/mnt/ubna_data_01/recover-20220822/UBNA_001/20220819_100000.WAV,recover-20220822,UBNA_001,Telephone Field
178.1485,178.1585,38359.0,60591.0,Pipistrellus nathusii,0.666,0.724,-1,Echolocation,/mnt/ubna_data_01/recover-20220822/UBNA_001/20220819_100000.WAV,recover-20220822,UBNA_001,Telephone Field
178.2615,178.2704,40078.0,53954.0,Pipistrellus nathusii,0.663,0.708,-1,Echolocation,/mnt/ubna_data_01/recover-20220822/UBNA_001/20220819_100000.WAV,recover-20220822,UBNA_001,Telephone Field
178.4475,178.4557,40078.0,63448.0,Pipistrellus nathusii,0.64,0.684,-1,Echolocation,/mnt/ubna_data_01/recover-20220822/UBNA_001/20220819_100000.WAV,recover-20220822,UBNA_001,Telephone Field
178.5635,178.5717,38359.0,50556.0,Pipistrellus nathusii,0.619,0.65,-1,Echolocation,/mnt/ubna_data_01/recover-20220822/UBNA_001/20220819_100000.WAV,recover-20220822,UBNA_001,Telephone Field
178.7625,178.7712,37500.0,57437.0,Pipistrellus nathusii,0.563,0.602,-1,Echolocation,/mnt/ubna_data_01/recover-20220822/UBNA_001/20220819_100000.WAV,recover-20220822,UBNA_001,Telephone Field
178.8775,178.8847,38359.0,46666.0,Pipistrellus nathusii,0.526,0.549,-1,Echolocation,/mnt/ubna_data_01/recover-20220822/UBNA_001/20220819_100000.WAV,recover-20220822,UBNA_001,Telephone Field
178.9875,178.9954,39218.0,50110.0,Pipistrellus nathusii,0.571,0.6,-1,Echolocation,/mnt/ubna_data_01/recover-20220822/UBNA_001/20220819_100000.WAV,recover-20220822,UBNA_001,Telephone Field
179.0875,179.0959,39218.0,59961.0,Pipistrellus nathusii,0.566,0.628,-1,Echolocation,/mnt/ubna_data_01/recover-20220822/UBNA_001/20220819_100000.WAV,recover-20220822,UBNA_001,Telephone Field
179.2025,179.2103,37500.0,54139.0,Pipistrellus nathusii,0.544,0.59,-1,Echolocation,/mnt/ubna_data_01/recover-20220822/UBNA_001/20220819_100000.WAV,recover-20220822,UBNA_001,Telephone Field
179.4035,179.4123,39218.0,63441.0,Pipistrellus nathusii,0.696,0.745,-1,Echolocation,/mnt/ubna_data_01/recover-20220822/UBNA_001/20220819_100000.WAV,recover-20220822,UBNA_001,Telephone Field
179.5255,179.5324,40078.0,47737.0,Pipistrellus nathusii,0.635,0.649,-1,Echolocation,/mnt/ubna_data_01/recover-20220822/UBNA_001/20220819_100000.WAV,recover-20220822,UBNA_001,Telephone Field
179.6295,179.6381,40937.0,49246.0,Pipistrellus nathusii,0.548,0.569,-1,Echolocation,/mnt/ubna_data_01/recover-20220822/UBNA_001/20220819_100000.WAV,recover-20220822,UBNA_001,Telephone Field
179.7305,179.7392,39218.0,56926.0,Pipistrellus nathusii,0.608,0.663,-1,Echolocation,/mnt/ubna_data_01/recover-20220822/UBNA_001/20220819_100000.WAV,recover-20220822,UBNA_001,Telephone Field
179.8395,179.8482,39218.0,54661.0,Pipistrellus nathusii,0.632,0.684,-1,Echolocation,/mnt/ubna_data_01/recover-20220822/UBNA_001/20220819_100000.WAV,recover-20220822,UBNA_001,Telephone Field
180.0315,180.0394,38359.0,57848.0,Pipistrellus nathusii,0.499,0.583,-1,Echolocation,/mnt/ubna_data_01/recover-20220822/UBNA_001/20220819_100000.WAV,recover-20220822,UBNA_001,Telephone Field
180.2335,180.241,37500.0,52418.0,Pipistrellus nathusii,0.468,0.581,-1,Echolocation,/mnt/ubna_data_01/recover-20220822/UBNA_001/20220819_100000.WAV,recover-20220822,UBNA_001,Telephone Field
180.3305,180.3391,38359.0,59618.0,Pipistrellus nathusii,0.494,0.566,-1,Echolocation,/mnt/ubna_data_01/recover-20220822/UBNA_001/20220819_100000.WAV,recover-20220822,UBNA_001,Telephone Field
180.4345,180.4421,39218.0,47951.0,Pipistrellus nathusii,0.452,0.536,-1,Echolocation,/mnt/ubna_data_01/recover-20220822/UBNA_001/20220819_100000.WAV,recover-20220822,UBNA_001,Telephone Field
180.6215,180.6299,38359.0,53442.0,Pipistrellus nathusii,0.675,0.709,-1,Echolocation,/mnt/ubna_data_01/recover-20220822/UBNA_001/20220819_100000.WAV,recover-20220822,UBNA_001,Telephone Field
180.8375,180.8463,38359.0,45280.0,Pipistrellus nathusii,0.534,0.595,-1,Echolocation,/mnt/ubna_data_01/recover-20220822/UBNA_001/20220819_100000.WAV,recover-20220822,UBNA_001,Telephone Field
181.0175,181.0263,38359.0,50677.0,Pipistrellus nathusii,0.506,0.598,-1,Echolocation,/mnt/ubna_data_01/recover-20220822/UBNA_001/20220819_100000.WAV,recover-20220822,UBNA_001,Telephone Field
181.1205,181.13,38359.0,46401.0,Pipistrellus nathusii,0.423,0.512,-1,Echolocation,/mnt/ubna_data_01/recover-20220822/UBNA_001/20220819_100000.WAV,recover-20220822,UBNA_001,Telephone Field
181.3045,181.3129,37500.0,48180.0,Pipistrellus nathusii,0.512,0.594,-1,Echolocation,/mnt/ubna_data_01/recover-20220822/UBNA_001/20220819_100000.WAV,recover-20220822,UBNA_001,Telephone Field
181.5935,181.6008,40078.0,50211.0,Pipistrellus nathusii,0.516,0.581,-1,Echolocation,/mnt/ubna_data_01/recover-20220822/UBNA_001/20220819_100000.WAV,recover-20220822,UBNA_001,Telephone Field
181.8645,181.8721,40078.0,50587.0,Pipistrellus nathusii,0.48,0.555,-1,Echolocation,/mnt/ubna_data_01/recover-20220822/UBNA_001/20220819_100000.WAV,recover-20220822,UBNA_001,Telephone Field
182.1465,182.1554,39218.0,47237.0,Pipistrellus nathusii,0.53,0.557,-1,Echolocation,/mnt/ubna_data_01/recover-20220822/UBNA_001/20220819_100000.WAV,recover-20220822,UBNA_001,Telephone Field
182.4345,182.4429,40078.0,50174.0,Pipistrellus nathusii,0.484,0.54,-1,Echolocation,/mnt/ubna_data_01/recover-20220822/UBNA_001/20220819_100000.WAV,recover-20220822,UBNA_001,Telephone Field
182.7245,182.7317,40078.0,55425.0,Pipistrellus nathusii,0.439,0.527,-1,Echolocation,/mnt/ubna_data_01/recover-20220822/UBNA_001/20220819_100000.WAV,recover-20220822,UBNA_001,Telephone Field
183.3045,183.312,38359.0,45716.0,Pipistrellus nathusii,0.369,0.523,-1,Echolocation,/mnt/ubna_data_01/recover-20220822/UBNA_001/20220819_100000.WAV,recover-20220822,UBNA_001,Telephone Field
202.1775,202.1817,35781.0,49614.0,Myotis brandtii,0.2,0.511,-1,Echolocation,/mnt/ubna_data_01/recover-20220822/UBNA_001/20220819_100000.WAV,recover-20220822,UBNA_001,Telephone Field
202.2705,202.2749,34921.0,51132.0,Myotis brandtii,0.25,0.521,-1,Echolocation,/mnt/ubna_data_01/recover-20220822/UBNA_001/20220819_100000.WAV,recover-20220822,UBNA_001,Telephone Field
202.3685,202.373,34921.0,52449.0,Myotis brandtii,0.222,0.575,-1,Echolocation,/mnt/ubna_data_01/recover-20220822/UBNA_001/20220819_100000.WAV,recover-20220822,UBNA_001,Telephone Field
202.6575,202.6629,35781.0,59812.0,Pipistrellus nathusii,0.2,0.621,-1,Echolocation,/mnt/ubna_data_01/recover-20220822/UBNA_001/20220819_100000.WAV,recover-20220822,UBNA_001,Telephone Field
202.7555,202.7615,37500.0,56971.0,Pipistrellus nathusii,0.196,0.502,-1,Echolocation,/mnt/ubna_data_01/recover-20220822/UBNA_001/20220819_100000.WAV,recover-20220822,UBNA_001,Telephone Field
202.85750000000002,202.86169999999998,34921.0,44911.0,Barbastellus barbastellus,0.521,0.594,-1,Echolocation,/mnt/ubna_data_01/recover-20220822/UBNA_001/20220819_100000.WAV,recover-20220822,UBNA_001,Telephone Field
202.9535,202.9597,35781.0,55938.0,Pipistrellus nathusii,0.169,0.552,-1,Echolocation,/mnt/ubna_data_01/recover-20220822/UBNA_001/20220819_100000.WAV,recover-20220822,UBNA_001,Telephone Field
203.1395,203.1451,34921.0,57662.0,Pipistrellus nathusii,0.163,0.534,-1,Echolocation,/mnt/ubna_data_01/recover-20220822/UBNA_001/20220819_100000.WAV,recover-20220822,UBNA_001,Telephone Field
214.7025,214.7106,40078.0,53806.0,Pipistrellus nathusii,0.554,0.642,-1,Echolocation,/mnt/ubna_data_01/recover-20220822/UBNA_001/20220819_100000.WAV,recover-20220822,UBNA_001,Telephone Field
214.8175,214.8269,39218.0,52143.0,Pipistrellus nathusii,0.578,0.63,-1,Echolocation,/mnt/ubna_data_01/recover-20220822/UBNA_001/20220819_100000.WAV,recover-20220822,UBNA_001,Telephone Field
215.1355,215.1437,38359.0,49944.0,Pipistrellus nathusii,0.531,0.601,-1,Echolocation,/mnt/ubna_data_01/recover-20220822/UBNA_001/20220819_100000.WAV,recover-20220822,UBNA_001,Telephone Field
215.2475,215.2557,37500.0,52669.0,Pipistrellus nathusii,0.507,0.597,-1,Echolocation,/mnt/ubna_data_01/recover-20220822/UBNA_001/20220819_100000.WAV,recover-20220822,UBNA_001,Telephone Field
215.3605,215.369,38359.0,48780.0,Pipistrellus nathusii,0.478,0.627,-1,Echolocation,/mnt/ubna_data_01/recover-20220822/UBNA_001/20220819_100000.WAV,recover-20220822,UBNA_001,Telephone Field
215.4695,215.4774,38359.0,45357.0,Pipistrellus nathusii,0.464,0.556,-1,Echolocation,/mnt/ubna_data_01/recover-20220822/UBNA_001/20220819_100000.WAV,recover-20220822,UBNA_001,Telephone Field
215.5785,215.5863,38359.0,44859.0,Pipistrellus nathusii,0.43,0.519,-1,Echolocation,/mnt/ubna_data_01/recover-20220822/UBNA_001/20220819_100000.WAV,recover-20220822,UBNA_001,Telephone Field
215.7785,215.7874,38359.0,49903.0,Pipistrellus nathusii,0.467,0.561,-1,Echolocation,/mnt/ubna_data_01/recover-20220822/UBNA_001/20220819_100000.WAV,recover-20220822,UBNA_001,Telephone Field
216.0875,216.0957,40078.0,54916.0,Pipistrellus nathusii,0.533,0.591,-1,Echolocation,/mnt/ubna_data_01/recover-20220822/UBNA_001/20220819_100000.WAV,recover-20220822,UBNA_001,Telephone Field
216.1975,216.2073,40937.0,54768.0,Pipistrellus nathusii,0.393,0.583,-1,Echolocation,/mnt/ubna_data_01/recover-20220822/UBNA_001/20220819_100000.WAV,recover-20220822,UBNA_001,Telephone Field
216.2925,216.2992,40078.0,56942.0,Pipistrellus nathusii,0.465,0.59,-1,Echolocation,/mnt/ubna_data_01/recover-20220822/UBNA_001/20220819_100000.WAV,recover-20220822,UBNA_001,Telephone Field
216.4075,216.4147,40937.0,56554.0,Pipistrellus nathusii,0.52,0.63,-1,Echolocation,/mnt/ubna_data_01/recover-20220822/UBNA_001/20220819_100000.WAV,recover-20220822,UBNA_001,Telephone Field
216.6305,216.6379,40078.0,51792.0,Pipistrellus nathusii,0.585,0.628,-1,Echolocation,/mnt/ubna_data_01/recover-20220822/UBNA_001/20220819_100000.WAV,recover-20220822,UBNA_001,Telephone Field
216.8295,216.8379,39218.0,54095.0,Pipistrellus nathusii,0.393,0.522,-1,Echolocation,/mnt/ubna_data_01/recover-20220822/UBNA_001/20220819_100000.WAV,recover-20220822,UBNA_001,Telephone Field
217.0385,217.047,38359.0,58330.0,Pipistrellus nathusii,0.345,0.516,-1,Echolocation,/mnt/ubna_data_01/recover-20220822/UBNA_001/20220819_100000.WAV,recover-20220822,UBNA_001,Telephone Field
217.1515,217.1588,38359.0,58716.0,Pipistrellus nathusii,0.323,0.562,-1,Echolocation,/mnt/ubna_data_01/recover-20220822/UBNA_001/20220819_100000.WAV,recover-20220822,UBNA_001,Telephone Field
217.2625,217.2701,38359.0,61403.0,Pipistrellus nathusii,0.39,0.525,-1,Echolocation,/mnt/ubna_data_01/recover-20220822/UBNA_001/20220819_100000.WAV,recover-20220822,UBNA_001,Telephone Field
217.3545,217.3612,37500.0,63239.0,Pipistrellus nathusii,0.237,0.51,-1,Echolocation,/mnt/ubna_data_01/recover-20220822/UBNA_001/20220819_100000.WAV,recover-20220822,UBNA_001,Telephone Field
217.4735,217.481,38359.0,63320.0,Pipistrellus nathusii,0.436,0.541,-1,Echolocation,/mnt/ubna_data_01/recover-20220822/UBNA_001/20220819_100000.WAV,recover-20220822,UBNA_001,Telephone Field
217.5785,217.5871,38359.0,64847.0,Pipistrellus nathusii,0.473,0.556,-1,Echolocation,/mnt/ubna_data_01/recover-20220822/UBNA_001/20220819_100000.WAV,recover-20220822,UBNA_001,Telephone Field
217.6915,217.6994,38359.0,65459.0,Pipistrellus nathusii,0.468,0.551,-1,Echolocation,/mnt/ubna_data_01/recover-20220822/UBNA_001/20220819_100000.WAV,recover-20220822,UBNA_001,Telephone Field
217.8075,217.8163,39218.0,60417.0,Pipistrellus nathusii,0.392,0.561,-1,Echolocation,/mnt/ubna_data_01/recover-20220822/UBNA_001/20220819_100000.WAV,recover-20220822,UBNA_001,Telephone Field
217.9185,217.9274,39218.0,61595.0,Pipistrellus nathusii,0.296,0.508,-1,Echolocation,/mnt/ubna_data_01/recover-20220822/UBNA_001/20220819_100000.WAV,recover-20220822,UBNA_001,Telephone Field
218.2475,218.2544,37500.0,57332.0,Pipistrellus nathusii,0.416,0.542,-1,Echolocation,/mnt/ubna_data_01/recover-20220822/UBNA_001/20220819_100000.WAV,recover-20220822,UBNA_001,Telephone Field
218.3695,218.3805,39218.0,62619.0,Pipistrellus nathusii,0.415,0.522,-1,Echolocation,/mnt/ubna_data_01/recover-20220822/UBNA_001/20220819_100000.WAV,recover-20220822,UBNA_001,Telephone Field
218.5955,218.6053,38359.0,66483.0,Pipistrellus nathusii,0.549,0.618,-1,Echolocation,/mnt/ubna_data_01/recover-20220822/UBNA_001/20220819_100000.WAV,recover-20220822,UBNA_001,Telephone Field
218.70850000000002,218.7169,38359.0,52284.0,Pipistrellus nathusii,0.526,0.575,-1,Echolocation,/mnt/ubna_data_01/recover-20220822/UBNA_001/20220819_100000.WAV,recover-20220822,UBNA_001,Telephone Field
218.8815,218.8903,38359.0,64815.0,Pipistrellus nathusii,0.472,0.546,-1,Echolocation,/mnt/ubna_data_01/recover-20220822/UBNA_001/20220819_100000.WAV,recover-20220822,UBNA_001,Telephone Field
219.0975,219.1063,37500.0,68881.0,Pipistrellus nathusii,0.435,0.523,-1,Echolocation,/mnt/ubna_data_01/recover-20220822/UBNA_001/20220819_100000.WAV,recover-20220822,UBNA_001,Telephone Field
219.2175,219.228,38359.0,55060.0,Pipistrellus nathusii,0.531,0.573,-1,Echolocation,/mnt/ubna_data_01/recover-20220822/UBNA_001/20220819_100000.WAV,recover-20220822,UBNA_001,Telephone Field
219.4235,219.4329,39218.0,60596.0,Pipistrellus nathusii,0.563,0.623,-1,Echolocation,/mnt/ubna_data_01/recover-20220822/UBNA_001/20220819_100000.WAV,recover-20220822,UBNA_001,Telephone Field
219.6385,219.6465,37500.0,53830.0,Pipistrellus nathusii,0.375,0.512,-1,Echolocation,/mnt/ubna_data_01/recover-20220822/UBNA_001/20220819_100000.WAV,recover-20220822,UBNA_001,Telephone Field
219.7385,219.7473,37500.0,55772.0,Pipistrellus nathusii,0.498,0.581,-1,Echolocation,/mnt/ubna_data_01/recover-20220822/UBNA_001/20220819_100000.WAV,recover-20220822,UBNA_001,Telephone Field
219.8475,219.8548,36640.0,48466.0,Pipistrellus nathusii,0.548,0.609,-1,Echolocation,/mnt/ubna_data_01/recover-20220822/UBNA_001/20220819_100000.WAV,recover-20220822,UBNA_001,Telephone Field
219.95850000000002,219.9671,36640.0,53233.0,Pipistrellus nathusii,0.537,0.617,-1,Echolocation,/mnt/ubna_data_01/recover-20220822/UBNA_001/20220819_100000.WAV,recover-20220822,UBNA_001,Telephone Field
221.1645,221.1721,40078.0,51621.0,Pipistrellus nathusii,0.579,0.624,-1,Echolocation,/mnt/ubna_data_01/recover-20220822/UBNA_001/20220819_100000.WAV,recover-20220822,UBNA_001,Telephone Field
221.3595,221.3651,40078.0,51768.0,Pipistrellus nathusii,0.446,0.512,-1,Echolocation,/mnt/ubna_data_01/recover-20220822/UBNA_001/20220819_100000.WAV,recover-20220822,UBNA_001,Telephone Field
221.6695,221.6754,37500.0,58235.0,Pipistrellus nathusii,0.505,0.606,-1,Echolocation,/mnt/ubna_data_01/recover-20220822/UBNA_001/20220819_100000.WAV,recover-20220822,UBNA_001,Telephone Field
221.7785,221.7855,40078.0,57934.0,Pipistrellus nathusii,0.616,0.666,-1,Echolocation,/mnt/ubna_data_01/recover-20220822/UBNA_001/20220819_100000.WAV,recover-20220822,UBNA_001,Telephone Field
221.8865,221.8948,39218.0,57236.0,Pipistrellus nathusii,0.65,0.683,-1,Echolocation,/mnt/ubna_data_01/recover-20220822/UBNA_001/20220819_100000.WAV,recover-20220822,UBNA_001,Telephone Field
221.9895,221.9976,39218.0,60920.0,Pipistrellus nathusii,0.637,0.695,-1,Echolocation,/mnt/ubna_data_01/recover-20220822/UBNA_001/20220819_100000.WAV,recover-20220822,UBNA_001,Telephone Field
222.1035,222.1118,39218.0,55838.0,Pipistrellus nathusii,0.629,0.664,-1,Echolocation,/mnt/ubna_data_01/recover-20220822/UBNA_001/20220819_100000.WAV,recover-20220822,UBNA_001,Telephone Field
222.3075,222.3156,39218.0,62652.0,Pipistrellus nathusii,0.595,0.674,-1,Echolocation,/mnt/ubna_data_01/recover-20220822/UBNA_001/20220819_100000.WAV,recover-20220822,UBNA_001,Telephone Field
222.4255,222.434,38359.0,55807.0,Pipistrellus nathusii,0.488,0.576,-1,Echolocation,/mnt/ubna_data_01/recover-20220822/UBNA_001/20220819_100000.WAV,recover-20220822,UBNA_001,Telephone Field
222.8115,222.8191,40937.0,48045.0,Pipistrellus nathusii,0.494,0.564,-1,Echolocation,/mnt/ubna_data_01/recover-20220822/UBNA_001/20220819_100000.WAV,recover-20220822,UBNA_001,Telephone Field
222.9095,222.9177,38359.0,60709.0,Pipistrellus nathusii,0.533,0.589,-1,Echolocation,/mnt/ubna_data_01/recover-20220822/UBNA_001/20220819_100000.WAV,recover-20220822,UBNA_001,Telephone Field
223.0225,223.0295,37500.0,46782.0,Pipistrellus nathusii,0.466,0.562,-1,Echolocation,/mnt/ubna_data_01/recover-20220822/UBNA_001/20220819_100000.WAV,recover-20220822,UBNA_001,Telephone Field
223.33350000000002,223.3423,38359.0,59499.0,Pipistrellus nathusii,0.545,0.625,-1,Echolocation,/mnt/ubna_data_01/recover-20220822/UBNA_001/20220819_100000.WAV,recover-20220822,UBNA_001,Telephone Field
223.4445,223.4532,38359.0,53204.0,Pipistrellus nathusii,0.574,0.656,-1,Echolocation,/mnt/ubna_data_01/recover-20220822/UBNA_001/20220819_100000.WAV,recover-20220822,UBNA_001,Telephone Field
223.6465,223.6548,39218.0,56178.0,Pipistrellus nathusii,0.606,0.675,-1,Echolocation,/mnt/ubna_data_01/recover-20220822/UBNA_001/20220819_100000.WAV,recover-20220822,UBNA_001,Telephone Field
223.7585,223.7664,39218.0,48792.0,Pipistrellus nathusii,0.523,0.574,-1,Echolocation,/mnt/ubna_data_01/recover-20220822/UBNA_001/20220819_100000.WAV,recover-20220822,UBNA_001,Telephone Field
223.9675,223.9751,36640.0,57219.0,Pipistrellus nathusii,0.376,0.557,-1,Echolocation,/mnt/ubna_data_01/recover-20220822/UBNA_001/20220819_100000.WAV,recover-20220822,UBNA_001,Telephone Field
224.0795,224.0848,36640.0,45679.0,Pipistrellus nathusii,0.403,0.621,-1,Echolocation,/mnt/ubna_data_01/recover-20220822/UBNA_001/20220819_100000.WAV,recover-20220822,UBNA_001,Telephone Field
224.1865,224.1953,36640.0,52792.0,Pipistrellus nathusii,0.386,0.541,-1,Echolocation,/mnt/ubna_data_01/recover-20220822/UBNA_001/20220819_100000.WAV,recover-20220822,UBNA_001,Telephone Field
224.2995,224.3058,37500.0,45840.0,Pipistrellus nathusii,0.414,0.586,-1,Echolocation,/mnt/ubna_data_01/recover-20220822/UBNA_001/20220819_100000.WAV,recover-20220822,UBNA_001,Telephone Field
224.4015,224.40879999999999,38359.0,47271.0,Pipistrellus nathusii,0.453,0.596,-1,Echolocation,/mnt/ubna_data_01/recover-20220822/UBNA_001/20220819_100000.WAV,recover-20220822,UBNA_001,Telephone Field
224.5045,224.5114,36640.0,45455.0,Pipistrellus nathusii,0.341,0.56,-1,Echolocation,/mnt/ubna_data_01/recover-20220822/UBNA_001/20220819_100000.WAV,recover-20220822,UBNA_001,Telephone Field
224.6115,224.6188,36640.0,52948.0,Pipistrellus nathusii,0.342,0.523,-1,Echolocation,/mnt/ubna_data_01/recover-20220822/UBNA_001/20220819_100000.WAV,recover-20220822,UBNA_001,Telephone Field
224.7255,224.7338,38359.0,46014.0,Pipistrellus nathusii,0.432,0.576,-1,Echolocation,/mnt/ubna_data_01/recover-20220822/UBNA_001/20220819_100000.WAV,recover-20220822,UBNA_001,Telephone Field
224.83350000000002,224.8415,37500.0,45915.0,Pipistrellus nathusii,0.461,0.572,-1,Echolocation,/mnt/ubna_data_01/recover-20220822/UBNA_001/20220819_100000.WAV,recover-20220822,UBNA_001,Telephone Field
233.6385,233.64679999999998,26328.0,35484.0,Eptesicus serotinus,0.406,0.575,-1,Echolocation,/mnt/ubna_data_01/recover-20220822/UBNA_001/20220819_100000.WAV,recover-20220822,UBNA_001,Telephone Field
234.0605,234.0682,24609.0,33281.0,Eptesicus serotinus,0.352,0.556,-1,Echolocation,/mnt/ubna_data_01/recover-20220822/UBNA_001/20220819_100000.WAV,recover-20220822,UBNA_001,Telephone Field
234.3285,234.3365,25468.0,36472.0,Eptesicus serotinus,0.416,0.623,-1,Echolocation,/mnt/ubna_data_01/recover-20220822/UBNA_001/20220819_100000.WAV,recover-20220822,UBNA_001,Telephone Field
237.4295,237.4332,18593.0,34339.0,Plecotus austriacus,0.373,0.537,-1,Echolocation,/mnt/ubna_data_01/recover-20220822/UBNA_001/20220819_100000.WAV,recover-20220822,UBNA_001,Telephone Field
239.6775,239.6818,28046.0,42828.0,Eptesicus serotinus,0.165,0.557,-1,Echolocation,/mnt/ubna_data_01/recover-20220822/UBNA_001/20220819_100000.WAV,recover-20220822,UBNA_001,Telephone Field
239.79149999999998,239.7957,28906.0,44022.0,Eptesicus serotinus,0.256,0.58,-1,Echolocation,/mnt/ubna_data_01/recover-20220822/UBNA_001/20220819_100000.WAV,recover-20220822,UBNA_001,Telephone Field
511.7415,511.7478,46093.0,57491.0,Pipistrellus pipistrellus,0.451,0.586,-1,Echolocation,/mnt/ubna_data_01/recover-20220822/UBNA_001/20220819_100000.WAV,recover-20220822,UBNA_001,Telephone Field
511.8335,511.8408,45234.0,64262.0,Pipistrellus pipistrellus,0.419,0.633,-1,Echolocation,/mnt/ubna_data_01/recover-20220822/UBNA_001/20220819_100000.WAV,recover-20220822,UBNA_001,Telephone Field
511.9225,511.9286,46953.0,62296.0,Pipistrellus pipistrellus,0.526,0.644,-1,Echolocation,/mnt/ubna_data_01/recover-20220822/UBNA_001/20220819_100000.WAV,recover-20220822,UBNA_001,Telephone Field
512.0095,512.0155,46953.0,56285.0,Pipistrellus pipistrellus,0.649,0.703,-1,Echolocation,/mnt/ubna_data_01/recover-20220822/UBNA_001/20220819_100000.WAV,recover-20220822,UBNA_001,Telephone Field
512.1005,512.1096,45234.0,62781.0,Pipistrellus pipistrellus,0.479,0.59,-1,Echolocation,/mnt/ubna_data_01/recover-20220822/UBNA_001/20220819_100000.WAV,recover-20220822,UBNA_001,Telephone Field
512.1935,512.1992,48671.0,59655.0,Pipistrellus pipistrellus,0.604,0.632,-1,Echolocation,/mnt/ubna_data_01/recover-20220822/UBNA_001/20220819_100000.WAV,recover-20220822,UBNA_001,Telephone Field
512.3555,512.3635,46953.0,63114.0,Pipistrellus pipistrellus,0.5,0.649,-1,Echolocation,/mnt/ubna_data_01/recover-20220822/UBNA_001/20220819_100000.WAV,recover-20220822,UBNA_001,Telephone Field
512.4535,512.4597,47812.0,56386.0,Pipistrellus pipistrellus,0.582,0.616,-1,Echolocation,/mnt/ubna_data_01/recover-20220822/UBNA_001/20220819_100000.WAV,recover-20220822,UBNA_001,Telephone Field
512.7045,512.7145,44375.0,62569.0,Pipistrellus pipistrellus,0.537,0.679,-1,Echolocation,/mnt/ubna_data_01/recover-20220822/UBNA_001/20220819_100000.WAV,recover-20220822,UBNA_001,Telephone Field
512.8015,512.8077,47812.0,56974.0,Pipistrellus pipistrellus,0.56,0.59,-1,Echolocation,/mnt/ubna_data_01/recover-20220822/UBNA_001/20220819_100000.WAV,recover-20220822,UBNA_001,Telephone Field
512.9765,512.9845,46953.0,62499.0,Pipistrellus pipistrellus,0.58,0.649,-1,Echolocation,/mnt/ubna_data_01/recover-20220822/UBNA_001/20220819_100000.WAV,recover-20220822,UBNA_001,Telephone Field
513.0695,513.0768,45234.0,65582.0,Pipistrellus pipistrellus,0.618,0.721,-1,Echolocation,/mnt/ubna_data_01/recover-20220822/UBNA_001/20220819_100000.WAV,recover-20220822,UBNA_001,Telephone Field
513.1675,513.1729,46953.0,55836.0,Pipistrellus pipistrellus,0.588,0.618,-1,Echolocation,/mnt/ubna_data_01/recover-20220822/UBNA_001/20220819_100000.WAV,recover-20220822,UBNA_001,Telephone Field
513.3455,513.3524,45234.0,64066.0,Pipistrellus pipistrellus,0.67,0.731,-1,Echolocation,/mnt/ubna_data_01/recover-20220822/UBNA_001/20220819_100000.WAV,recover-20220822,UBNA_001,Telephone Field
513.4425,513.4478,46953.0,58824.0,Pipistrellus pipistrellus,0.599,0.634,-1,Echolocation,/mnt/ubna_data_01/recover-20220822/UBNA_001/20220819_100000.WAV,recover-20220822,UBNA_001,Telephone Field
513.5245,513.5294,46093.0,57318.0,Pipistrellus pipistrellus,0.591,0.602,-1,Echolocation,/mnt/ubna_data_01/recover-20220822/UBNA_001/20220819_100000.WAV,recover-20220822,UBNA_001,Telephone Field
513.6255,513.6305,46953.0,58671.0,Pipistrellus pipistrellus,0.602,0.634,-1,Echolocation,/mnt/ubna_data_01/recover-20220822/UBNA_001/20220819_100000.WAV,recover-20220822,UBNA_001,Telephone Field
513.7195,513.7253,46093.0,66778.0,Pipistrellus pipistrellus,0.62,0.669,-1,Echolocation,/mnt/ubna_data_01/recover-20220822/UBNA_001/20220819_100000.WAV,recover-20220822,UBNA_001,Telephone Field
514.0735,514.0778,47812.0,58440.0,Pipistrellus pipistrellus,0.49,0.508,-1,Echolocation,/mnt/ubna_data_01/recover-20220822/UBNA_001/20220819_100000.WAV,recover-20220822,UBNA_001,Telephone Field
514.1575,514.162,48671.0,60764.0,Pipistrellus pipistrellus,0.547,0.574,-1,Echolocation,/mnt/ubna_data_01/recover-20220822/UBNA_001/20220819_100000.WAV,recover-20220822,UBNA_001,Telephone Field
515.2505,515.2559,46953.0,58618.0,Pipistrellus pipistrellus,0.661,0.679,-1,Echolocation,/mnt/ubna_data_01/recover-20220822/UBNA_001/20220819_100000.WAV,recover-20220822,UBNA_001,Telephone Field
515.3385,515.3442,47812.0,56742.0,Pipistrellus pipistrellus,0.496,0.502,-1,Echolocation,/mnt/ubna_data_01/recover-20220822/UBNA_001/20220819_100000.WAV,recover-20220822,UBNA_001,Telephone Field
515.4785,515.4826,46953.0,59157.0,Pipistrellus pipistrellus,0.535,0.558,-1,Echolocation,/mnt/ubna_data_01/recover-20220822/UBNA_001/20220819_100000.WAV,recover-20220822,UBNA_001,Telephone Field
552.4075,552.4121,48671.0,64729.0,Pipistrellus pipistrellus,0.567,0.611,-1,Echolocation,/mnt/ubna_data_01/recover-20220822/UBNA_001/20220819_100000.WAV,recover-20220822,UBNA_001,Telephone Field
552.5905,552.5957,46093.0,63879.0,Pipistrellus pipistrellus,0.533,0.624,-1,Echolocation,/mnt/ubna_data_01/recover-20220822/UBNA_001/20220819_100000.WAV,recover-20220822,UBNA_001,Telephone Field
552.8665,552.8715,45234.0,64581.0,Pipistrellus pipistrellus,0.494,0.564,-1,Echolocation,/mnt/ubna_data_01/recover-20220822/UBNA_001/20220819_100000.WAV,recover-20220822,UBNA_001,Telephone Field
552.9725,552.9775,45234.0,60147.0,Pipistrellus pipistrellus,0.529,0.565,-1,Echolocation,/mnt/ubna_data_01/recover-20220822/UBNA_001/20220819_100000.WAV,recover-20220822,UBNA_001,Telephone Field
553.0995,553.1055,46953.0,56877.0,Pipistrellus pipistrellus,0.499,0.519,-1,Echolocation,/mnt/ubna_data_01/recover-20220822/UBNA_001/20220819_100000.WAV,recover-20220822,UBNA_001,Telephone Field
553.1975,553.2032,45234.0,63537.0,Pipistrellus pipistrellus,0.629,0.674,-1,Echolocation,/mnt/ubna_data_01/recover-20220822/UBNA_001/20220819_100000.WAV,recover-20220822,UBNA_001,Telephone Field
553.2965,553.3018,45234.0,63704.0,Pipistrellus pipistrellus,0.594,0.663,-1,Echolocation,/mnt/ubna_data_01/recover-20220822/UBNA_001/20220819_100000.WAV,recover-20220822,UBNA_001,Telephone Field
553.3985,553.4038,45234.0,55145.0,Pipistrellus pipistrellus,0.52,0.561,-1,Echolocation,/mnt/ubna_data_01/recover-20220822/UBNA_001/20220819_100000.WAV,recover-20220822,UBNA_001,Telephone Field
553.4925,553.4975,44375.0,55677.0,Pipistrellus pipistrellus,0.507,0.544,-1,Echolocation,/mnt/ubna_data_01/recover-20220822/UBNA_001/20220819_100000.WAV,recover-20220822,UBNA_001,Telephone Field
553.5885,553.5948,42656.0,59685.0,Pipistrellus pipistrellus,0.484,0.578,-1,Echolocation,/mnt/ubna_data_01/recover-20220822/UBNA_001/20220819_100000.WAV,recover-20220822,UBNA_001,Telephone Field
553.6885,553.6938,44375.0,54031.0,Pipistrellus pipistrellus,0.576,0.613,-1,Echolocation,/mnt/ubna_data_01/recover-20220822/UBNA_001/20220819_100000.WAV,recover-20220822,UBNA_001,Telephone Field
553.7825,553.7885,44375.0,56516.0,Pipistrellus pipistrellus,0.652,0.685,-1,Echolocation,/mnt/ubna_data_01/recover-20220822/UBNA_001/20220819_100000.WAV,recover-20220822,UBNA_001,Telephone Field
553.8955,553.9019,44375.0,57451.0,Pipistrellus pipistrellus,0.646,0.717,-1,Echolocation,/mnt/ubna_data_01/recover-20220822/UBNA_001/20220819_100000.WAV,recover-20220822,UBNA_001,Telephone Field
554.0055,554.0115,45234.0,51308.0,Pipistrellus pipistrellus,0.536,0.547,-1,Echolocation,/mnt/ubna_data_01/recover-20220822/UBNA_001/20220819_100000.WAV,recover-20220822,UBNA_001,Telephone Field
554.1205,554.1259,44375.0,55230.0,Pipistrellus pipistrellus,0.607,0.648,-1,Echolocation,/mnt/ubna_data_01/recover-20220822/UBNA_001/20220819_100000.WAV,recover-20220822,UBNA_001,Telephone Field
554.4515,554.4571,44375.0,54714.0,Pipistrellus pipistrellus,0.619,0.639,-1,Echolocation,/mnt/ubna_data_01/recover-20220822/UBNA_001/20220819_100000.WAV,recover-20220822,UBNA_001,Telephone Field
554.7575,554.7634,45234.0,54714.0,Pipistrellus pipistrellus,0.525,0.549,-1,Echolocation,/mnt/ubna_data_01/recover-20220822/UBNA_001/20220819_100000.WAV,recover-20220822,UBNA_001,Telephone Field
555.1325,555.1378,45234.0,54872.0,Pipistrellus pipistrellus,0.54,0.569,-1,Echolocation,/mnt/ubna_data_01/recover-20220822/UBNA_001/20220819_100000.WAV,recover-20220822,UBNA_001,Telephone Field
573.5465,573.5522,46093.0,57009.0,Pipistrellus pipistrellus,0.521,0.58,-1,Echolocation,/mnt/ubna_data_01/recover-20220822/UBNA_001/20220819_100000.WAV,recover-20220822,UBNA_001,Telephone Field
574.6755,574.6808,45234.0,52075.0,Pipistrellus pipistrellus,0.493,0.509,-1,Echolocation,/mnt/ubna_data_01/recover-20220822/UBNA_001/20220819_100000.WAV,recover-20220822,UBNA_001,Telephone Field
575.0095,575.0144,44375.0,53833.0,Pipistrellus pipistrellus,0.53,0.558,-1,Echolocation,/mnt/ubna_data_01/recover-20220822/UBNA_001/20220819_100000.WAV,recover-20220822,UBNA_001,Telephone Field
577.5605,577.565,45234.0,58053.0,Pipistrellus pipistrellus,0.403,0.516,-1,Echolocation,/mnt/ubna_data_01/recover-20220822/UBNA_001/20220819_100000.WAV,recover-20220822,UBNA_001,Telephone Field
578.2265,578.2315,45234.0,57271.0,Pipistrellus pipistrellus,0.499,0.525,-1,Echolocation,/mnt/ubna_data_01/recover-20220822/UBNA_001/20220819_100000.WAV,recover-20220822,UBNA_001,Telephone Field
578.5865,578.5911,40078.0,55697.0,Pipistrellus pipistrellus,0.376,0.56,-1,Echolocation,/mnt/ubna_data_01/recover-20220822/UBNA_001/20220819_100000.WAV,recover-20220822,UBNA_001,Telephone Field
578.6655,578.6725,46093.0,59523.0,Pipistrellus pipistrellus,0.495,0.538,-1,Echolocation,/mnt/ubna_data_01/recover-20220822/UBNA_001/20220819_100000.WAV,recover-20220822,UBNA_001,Telephone Field
578.7555,578.7629,46093.0,59469.0,Pipistrellus pipistrellus,0.504,0.546,-1,Echolocation,/mnt/ubna_data_01/recover-20220822/UBNA_001/20220819_100000.WAV,recover-20220822,UBNA_001,Telephone Field
580.3675,580.3737,48671.0,62642.0,Pipistrellus pipistrellus,0.397,0.51,-1,Echolocation,/mnt/ubna_data_01/recover-20220822/UBNA_001/20220819_100000.WAV,recover-20220822,UBNA_001,Telephone Field
580.5035,580.5077,46953.0,69297.0,Pipistrellus pipistrellus,0.221,0.61,-1,Echolocation,/mnt/ubna_data_01/recover-20220822/UBNA_001/20220819_100000.WAV,recover-20220822,UBNA_001,Telephone Field
580.5765,580.5809,46093.0,79780.0,Myotis alcathoe,0.246,0.501,-1,Echolocation,/mnt/ubna_data_01/recover-20220822/UBNA_001/20220819_100000.WAV,recover-20220822,UBNA_001,Telephone Field
580.6485,580.6527,46953.0,77475.0,Myotis alcathoe,0.303,0.549,-1,Echolocation,/mnt/ubna_data_01/recover-20220822/UBNA_001/20220819_100000.WAV,recover-20220822,UBNA_001,Telephone Field
580.7985,580.8031,46093.0,78903.0,Pipistrellus pipistrellus,0.284,0.607,-1,Echolocation,/mnt/ubna_data_01/recover-20220822/UBNA_001/20220819_100000.WAV,recover-20220822,UBNA_001,Telephone Field
580.9995,581.0032,46953.0,75479.0,Myotis alcathoe,0.266,0.528,-1,Echolocation,/mnt/ubna_data_01/recover-20220822/UBNA_001/20220819_100000.WAV,recover-20220822,UBNA_001,Telephone Field
581.6465,581.6507,42656.0,73200.0,Pipistrellus pipistrellus,0.361,0.583,-1,Echolocation,/mnt/ubna_data_01/recover-20220822/UBNA_001/20220819_100000.WAV,recover-20220822,UBNA_001,Telephone Field
581.9885,581.9932,44375.0,72900.0,Pipistrellus pipistrellus,0.491,0.564,-1,Echolocation,/mnt/ubna_data_01/recover-20220822/UBNA_001/20220819_100000.WAV,recover-20220822,UBNA_001,Telephone Field
582.0675,582.0725,43515.0,70776.0,Pipistrellus pipistrellus,0.61,0.644,-1,Echolocation,/mnt/ubna_data_01/recover-20220822/UBNA_001/20220819_100000.WAV,recover-20220822,UBNA_001,Telephone Field
582.1655,582.1717,39218.0,82424.0,Myotis alcathoe,0.197,0.504,-1,Echolocation,/mnt/ubna_data_01/recover-20220822/UBNA_001/20220819_100000.WAV,recover-20220822,UBNA_001,Telephone Field
582.4525,582.4592,40078.0,76933.0,Pipistrellus pipistrellus,0.33,0.53,-1,Echolocation,/mnt/ubna_data_01/recover-20220822/UBNA_001/20220819_100000.WAV,recover-20220822,UBNA_001,Telephone Field
582.5465,582.5523,43515.0,63914.0,Pipistrellus pipistrellus,0.493,0.544,-1,Echolocation,/mnt/ubna_data_01/recover-20220822/UBNA_001/20220819_100000.WAV,recover-20220822,UBNA_001,Telephone Field
582.6395,582.6453,42656.0,73511.0,Pipistrellus pipistrellus,0.551,0.635,-1,Echolocation,/mnt/ubna_data_01/recover-20220822/UBNA_001/20220819_100000.WAV,recover-20220822,UBNA_001,Telephone Field
582.7375,582.7426,44375.0,59603.0,Pipistrellus pipistrellus,0.535,0.561,-1,Echolocation,/mnt/ubna_data_01/recover-20220822/UBNA_001/20220819_100000.WAV,recover-20220822,UBNA_001,Telephone Field
582.8345,582.8418,44375.0,61146.0,Pipistrellus pipistrellus,0.554,0.629,-1,Echolocation,/mnt/ubna_data_01/recover-20220822/UBNA_001/20220819_100000.WAV,recover-20220822,UBNA_001,Telephone Field
582.9285,582.9338,41796.0,75503.0,Pipistrellus pipistrellus,0.461,0.537,-1,Echolocation,/mnt/ubna_data_01/recover-20220822/UBNA_001/20220819_100000.WAV,recover-20220822,UBNA_001,Telephone Field
583.0165,583.0224,42656.0,71739.0,Pipistrellus pipistrellus,0.516,0.619,-1,Echolocation,/mnt/ubna_data_01/recover-20220822/UBNA_001/20220819_100000.WAV,recover-20220822,UBNA_001,Telephone Field
583.1125,583.1193,46093.0,56362.0,Pipistrellus pipistrellus,0.623,0.642,-1,Echolocation,/mnt/ubna_data_01/recover-20220822/UBNA_001/20220819_100000.WAV,recover-20220822,UBNA_001,Telephone Field
583.2065,583.2112,44375.0,63594.0,Pipistrellus pipistrellus,0.587,0.598,-1,Echolocation,/mnt/ubna_data_01/recover-20220822/UBNA_001/20220819_100000.WAV,recover-20220822,UBNA_001,Telephone Field
583.3095,583.3147,46093.0,60787.0,Pipistrellus pipistrellus,0.675,0.719,-1,Echolocation,/mnt/ubna_data_01/recover-20220822/UBNA_001/20220819_100000.WAV,recover-20220822,UBNA_001,Telephone Field
583.6835,583.6892,46953.0,58522.0,Pipistrellus pipistrellus,0.58,0.592,-1,Echolocation,/mnt/ubna_data_01/recover-20220822/UBNA_001/20220819_100000.WAV,recover-20220822,UBNA_001,Telephone Field
583.7795,583.7841,46093.0,66769.0,Pipistrellus pipistrellus,0.585,0.634,-1,Echolocation,/mnt/ubna_data_01/recover-20220822/UBNA_001/20220819_100000.WAV,recover-20220822,UBNA_001,Telephone Field
583.9085,583.9137,46953.0,61768.0,Pipistrellus pipistrellus,0.649,0.667,-1,Echolocation,/mnt/ubna_data_01/recover-20220822/UBNA_001/20220819_100000.WAV,recover-20220822,UBNA_001,Telephone Field
583.9885,583.994,46093.0,63904.0,Pipistrellus pipistrellus,0.594,0.642,-1,Echolocation,/mnt/ubna_data_01/recover-20220822/UBNA_001/20220819_100000.WAV,recover-20220822,UBNA_001,Telephone Field
584.1715,584.1763,45234.0,59886.0,Pipistrellus pipistrellus,0.59,0.615,-1,Echolocation,/mnt/ubna_data_01/recover-20220822/UBNA_001/20220819_100000.WAV,recover-20220822,UBNA_001,Telephone Field
584.2475,584.2524,43515.0,64244.0,Pipistrellus pipistrellus,0.56,0.638,-1,Echolocation,/mnt/ubna_data_01/recover-20220822/UBNA_001/20220819_100000.WAV,recover-20220822,UBNA_001,Telephone Field
584.3055,584.3104,44375.0,60200.0,Pipistrellus pipistrellus,0.6,0.633,-1,Echolocation,/mnt/ubna_data_01/recover-20220822/UBNA_001/20220819_100000.WAV,recover-20220822,UBNA_001,Telephone Field
584.3735,584.3791,43515.0,58363.0,Pipistrellus pipistrellus,0.519,0.562,-1,Echolocation,/mnt/ubna_data_01/recover-20220822/UBNA_001/20220819_100000.WAV,recover-20220822,UBNA_001,Telephone Field
584.4645,584.4705,43515.0,59241.0,Pipistrellus pipistrellus,0.539,0.608,-1,Echolocation,/mnt/ubna_data_01/recover-20220822/UBNA_001/20220819_100000.WAV,recover-20220822,UBNA_001,Telephone Field
584.5495,584.5558,44375.0,55717.0,Pipistrellus pipistrellus,0.549,0.588,-1,Echolocation,/mnt/ubna_data_01/recover-20220822/UBNA_001/20220819_100000.WAV,recover-20220822,UBNA_001,Telephone Field
584.6495,584.655,45234.0,54485.0,Pipistrellus pipistrellus,0.576,0.589,-1,Echolocation,/mnt/ubna_data_01/recover-20220822/UBNA_001/20220819_100000.WAV,recover-20220822,UBNA_001,Telephone Field
584.7435,584.7481,45234.0,59197.0,Pipistrellus pipistrellus,0.591,0.618,-1,Echolocation,/mnt/ubna_data_01/recover-20220822/UBNA_001/20220819_100000.WAV,recover-20220822,UBNA_001,Telephone Field
584.8315,584.8367,43515.0,55680.0,Pipistrellus pipistrellus,0.523,0.546,-1,Echolocation,/mnt/ubna_data_01/recover-20220822/UBNA_001/20220819_100000.WAV,recover-20220822,UBNA_001,Telephone Field
599.4555,599.4628,40937.0,53436.0,Pipistrellus nathusii,0.398,0.567,-1,Echolocation,/mnt/ubna_data_01/recover-20220822/UBNA_001/20220819_100000.WAV,recover-20220822,UBNA_001,Telephone Field
599.6585,599.6667,40937.0,48452.0,Pipistrellus nathusii,0.473,0.571,-1,Echolocation,/mnt/ubna_data_01/recover-20220822/UBNA_001/20220819_100000.WAV,recover-20220822,UBNA_001,Telephone Field
599.9465,599.9525,40937.0,50476.0,Pipistrellus nathusii,0.459,0.526,-1,Echolocation,/mnt/ubna_data_01/recover-20220822/UBNA_001/20220819_100000.WAV,recover-20220822,UBNA_001,Telephone Field
600.1245,600.1318,41796.0,51570.0,Pipistrellus nathusii,0.398,0.521,-1,Echolocation,/mnt/ubna_data_01/recover-20220822/UBNA_001/20220819_100000.WAV,recover-20220822,UBNA_001,Telephone Field
600.9635,600.9707,39218.0,49323.0,Pipistrellus nathusii,0.373,0.522,-1,Echolocation,/mnt/ubna_data_01/recover-20220822/UBNA_001/20220819_100000.WAV,recover-20220822,UBNA_001,Telephone Field
601.0385,601.0452,40078.0,55258.0,Pipistrellus nathusii,0.457,0.581,-1,Echolocation,/mnt/ubna_data_01/recover-20220822/UBNA_001/20220819_100000.WAV,recover-20220822,UBNA_001,Telephone Field
601.2555,601.263,39218.0,54358.0,Pipistrellus nathusii,0.428,0.544,-1,Echolocation,/mnt/ubna_data_01/recover-20220822/UBNA_001/20220819_100000.WAV,recover-20220822,UBNA_001,Telephone Field
601.7715,601.7798,40078.0,53912.0,Pipistrellus nathusii,0.444,0.547,-1,Echolocation,/mnt/ubna_data_01/recover-20220822/UBNA_001/20220819_100000.WAV,recover-20220822,UBNA_001,Telephone Field
603.3615,603.3699,40937.0,51526.0,Pipistrellus nathusii,0.496,0.542,-1,Echolocation,/mnt/ubna_data_01/recover-20220822/UBNA_001/20220819_100000.WAV,recover-20220822,UBNA_001,Telephone Field
604.0895,604.096,40937.0,58651.0,Pipistrellus nathusii,0.273,0.57,-1,Echolocation,/mnt/ubna_data_01/recover-20220822/UBNA_001/20220819_100000.WAV,recover-20220822,UBNA_001,Telephone Field
604.6685,604.6756,40937.0,49630.0,Pipistrellus nathusii,0.549,0.581,-1,Echolocation,/mnt/ubna_data_01/recover-20220822/UBNA_001/20220819_100000.WAV,recover-20220822,UBNA_001,Telephone Field
605.6905,605.6986,41796.0,52796.0,Pipistrellus nathusii,0.491,0.53,-1,Echolocation,/mnt/ubna_data_01/recover-20220822/UBNA_001/20220819_100000.WAV,recover-20220822,UBNA_001,Telephone Field
606.3565,606.3627,40078.0,51883.0,Pipistrellus nathusii,0.467,0.556,-1,Echolocation,/mnt/ubna_data_01/recover-20220822/UBNA_001/20220819_100000.WAV,recover-20220822,UBNA_001,Telephone Field
607.0075,607.0148,40078.0,50160.0,Pipistrellus nathusii,0.52,0.557,-1,Echolocation,/mnt/ubna_data_01/recover-20220822/UBNA_001/20220819_100000.WAV,recover-20220822,UBNA_001,Telephone Field
608.1865,608.1935,40937.0,52631.0,Pipistrellus nathusii,0.403,0.507,-1,Echolocation,/mnt/ubna_data_01/recover-20220822/UBNA_001/20220819_100000.WAV,recover-20220822,UBNA_001,Telephone Field
609.0025,609.0113,40937.0,49992.0,Pipistrellus nathusii,0.543,0.652,-1,Echolocation,/mnt/ubna_data_01/recover-20220822/UBNA_001/20220819_100000.WAV,recover-20220822,UBNA_001,Telephone Field
609.1145,609.1214,38359.0,47625.0,Pipistrellus nathusii,0.499,0.565,-1,Echolocation,/mnt/ubna_data_01/recover-20220822/UBNA_001/20220819_100000.WAV,recover-20220822,UBNA_001,Telephone Field
609.2145,609.2201,39218.0,51493.0,Pipistrellus nathusii,0.406,0.537,-1,Echolocation,/mnt/ubna_data_01/recover-20220822/UBNA_001/20220819_100000.WAV,recover-20220822,UBNA_001,Telephone Field
609.4245,609.4313,37500.0,46084.0,Pipistrellus nathusii,0.322,0.553,-1,Echolocation,/mnt/ubna_data_01/recover-20220822/UBNA_001/20220819_100000.WAV,recover-20220822,UBNA_001,Telephone Field
622.3695,622.3763,41796.0,52837.0,Pipistrellus nathusii,0.473,0.555,-1,Echolocation,/mnt/ubna_data_01/recover-20220822/UBNA_001/20220819_100000.WAV,recover-20220822,UBNA_001,Telephone Field
622.5925,622.5977,41796.0,55003.0,Pipistrellus nathusii,0.465,0.517,-1,Echolocation,/mnt/ubna_data_01/recover-20220822/UBNA_001/20220819_100000.WAV,recover-20220822,UBNA_001,Telephone Field
622.6855,622.6924,41796.0,47856.0,Pipistrellus nathusii,0.531,0.551,-1,Echolocation,/mnt/ubna_data_01/recover-20220822/UBNA_001/20220819_100000.WAV,recover-20220822,UBNA_001,Telephone Field
622.7805,622.7878,40078.0,53034.0,Pipistrellus nathusii,0.427,0.517,-1,Echolocation,/mnt/ubna_data_01/recover-20220822/UBNA_001/20220819_100000.WAV,recover-20220822,UBNA_001,Telephone Field
622.8805,622.8876,41796.0,52327.0,Pipistrellus nathusii,0.541,0.601,-1,Echolocation,/mnt/ubna_data_01/recover-20220822/UBNA_001/20220819_100000.WAV,recover-20220822,UBNA_001,Telephone Field
623.2575,623.267,41796.0,51755.0,Pipistrellus nathusii,0.455,0.521,-1,Echolocation,/mnt/ubna_data_01/recover-20220822/UBNA_001/20220819_100000.WAV,recover-20220822,UBNA_001,Telephone Field
623.4605,623.4652,41796.0,55946.0,Pipistrellus nathusii,0.493,0.578,-1,Echolocation,/mnt/ubna_data_01/recover-20220822/UBNA_001/20220819_100000.WAV,recover-20220822,UBNA_001,Telephone Field
623.5645,623.5724,40937.0,47757.0,Pipistrellus nathusii,0.542,0.574,-1,Echolocation,/mnt/ubna_data_01/recover-20220822/UBNA_001/20220819_100000.WAV,recover-20220822,UBNA_001,Telephone Field
623.6575,623.6641,43515.0,54037.0,Pipistrellus nathusii,0.317,0.505,-1,Echolocation,/mnt/ubna_data_01/recover-20220822/UBNA_001/20220819_100000.WAV,recover-20220822,UBNA_001,Telephone Field
623.7505,623.7563,40937.0,55889.0,Pipistrellus nathusii,0.456,0.556,-1,Echolocation,/mnt/ubna_data_01/recover-20220822/UBNA_001/20220819_100000.WAV,recover-20220822,UBNA_001,Telephone Field
623.8505,623.8577,41796.0,50999.0,Pipistrellus nathusii,0.621,0.684,-1,Echolocation,/mnt/ubna_data_01/recover-20220822/UBNA_001/20220819_100000.WAV,recover-20220822,UBNA_001,Telephone Field
624.0795,624.0851,40937.0,53875.0,Pipistrellus nathusii,0.444,0.514,-1,Echolocation,/mnt/ubna_data_01/recover-20220822/UBNA_001/20220819_100000.WAV,recover-20220822,UBNA_001,Telephone Field
624.2785,624.2855,40078.0,53146.0,Pipistrellus nathusii,0.622,0.667,-1,Echolocation,/mnt/ubna_data_01/recover-20220822/UBNA_001/20220819_100000.WAV,recover-20220822,UBNA_001,Telephone Field
624.5705,624.5787,41796.0,52383.0,Pipistrellus nathusii,0.577,0.625,-1,Echolocation,/mnt/ubna_data_01/recover-20220822/UBNA_001/20220819_100000.WAV,recover-20220822,UBNA_001,Telephone Field
624.6765,624.6843,40078.0,49528.0,Pipistrellus nathusii,0.547,0.638,-1,Echolocation,/mnt/ubna_data_01/recover-20220822/UBNA_001/20220819_100000.WAV,recover-20220822,UBNA_001,Telephone Field
624.7825,624.7909,40078.0,52580.0,Pipistrellus nathusii,0.576,0.622,-1,Echolocation,/mnt/ubna_data_01/recover-20220822/UBNA_001/20220819_100000.WAV,recover-20220822,UBNA_001,Telephone Field
624.8855,624.8927,40937.0,53122.0,Pipistrellus nathusii,0.55,0.64,-1,Echolocation,/mnt/ubna_data_01/recover-20220822/UBNA_001/20220819_100000.WAV,recover-20220822,UBNA_001,Telephone Field
624.9905,624.9976,40937.0,47761.0,Pipistrellus nathusii,0.625,0.655,-1,Echolocation,/mnt/ubna_data_01/recover-20220822/UBNA_001/20220819_100000.WAV,recover-20220822,UBNA_001,Telephone Field
625.2425,625.2489,41796.0,51931.0,Pipistrellus nathusii,0.613,0.639,-1,Echolocation,/mnt/ubna_data_01/recover-20220822/UBNA_001/20220819_100000.WAV,recover-20220822,UBNA_001,Telephone Field
625.5375,625.5458,40078.0,57133.0,Pipistrellus nathusii,0.421,0.56,-1,Echolocation,/mnt/ubna_data_01/recover-20220822/UBNA_001/20220819_100000.WAV,recover-20220822,UBNA_001,Telephone Field
625.6395,625.6454,40078.0,52426.0,Pipistrellus nathusii,0.541,0.588,-1,Echolocation,/mnt/ubna_data_01/recover-20220822/UBNA_001/20220819_100000.WAV,recover-20220822,UBNA_001,Telephone Field
625.7455,625.7538,40937.0,57220.0,Pipistrellus nathusii,0.452,0.61,-1,Echolocation,/mnt/ubna_data_01/recover-20220822/UBNA_001/20220819_100000.WAV,recover-20220822,UBNA_001,Telephone Field
625.8625,625.8714,40937.0,54623.0,Pipistrellus nathusii,0.559,0.627,-1,Echolocation,/mnt/ubna_data_01/recover-20220822/UBNA_001/20220819_100000.WAV,recover-20220822,UBNA_001,Telephone Field
625.9655,625.9733,40078.0,53460.0,Pipistrellus nathusii,0.478,0.544,-1,Echolocation,/mnt/ubna_data_01/recover-20220822/UBNA_001/20220819_100000.WAV,recover-20220822,UBNA_001,Telephone Field
626.0625,626.0702,40078.0,59727.0,Pipistrellus nathusii,0.377,0.534,-1,Echolocation,/mnt/ubna_data_01/recover-20220822/UBNA_001/20220819_100000.WAV,recover-20220822,UBNA_001,Telephone Field
626.3085,626.3144,43515.0,58570.0,Pipistrellus pipistrellus,0.452,0.694,-1,Echolocation,/mnt/ubna_data_01/recover-20220822/UBNA_001/20220819_100000.WAV,recover-20220822,UBNA_001,Telephone Field
626.5065,626.5143,41796.0,60615.0,Pipistrellus nathusii,0.394,0.582,-1,Echolocation,/mnt/ubna_data_01/recover-20220822/UBNA_001/20220819_100000.WAV,recover-20220822,UBNA_001,Telephone Field
626.6135,626.6217,40937.0,59430.0,Pipistrellus nathusii,0.451,0.594,-1,Echolocation,/mnt/ubna_data_01/recover-20220822/UBNA_001/20220819_100000.WAV,recover-20220822,UBNA_001,Telephone Field
626.7155,626.7252,40078.0,51909.0,Pipistrellus nathusii,0.581,0.644,-1,Echolocation,/mnt/ubna_data_01/recover-20220822/UBNA_001/20220819_100000.WAV,recover-20220822,UBNA_001,Telephone Field
626.8195,626.8265,41796.0,54138.0,Pipistrellus nathusii,0.543,0.632,-1,Echolocation,/mnt/ubna_data_01/recover-20220822/UBNA_001/20220819_100000.WAV,recover-20220822,UBNA_001,Telephone Field
627.1635,627.1717,40937.0,52769.0,Pipistrellus nathusii,0.489,0.552,-1,Echolocation,/mnt/ubna_data_01/recover-20220822/UBNA_001/20220819_100000.WAV,recover-20220822,UBNA_001,Telephone Field
638.4855,638.4931,41796.0,48296.0,Pipistrellus nathusii,0.505,0.586,-1,Echolocation,/mnt/ubna_data_01/recover-20220822/UBNA_001/20220819_100000.WAV,recover-20220822,UBNA_001,Telephone Field
646.0565,646.065,41796.0,53461.0,Pipistrellus nathusii,0.555,0.683,-1,Echolocation,/mnt/ubna_data_01/recover-20220822/UBNA_001/20220819_100000.WAV,recover-20220822,UBNA_001,Telephone Field
646.5855,646.5922,41796.0,54339.0,Pipistrellus nathusii,0.48,0.561,-1,Echolocation,/mnt/ubna_data_01/recover-20220822/UBNA_001/20220819_100000.WAV,recover-20220822,UBNA_001,Telephone Field
646.9655,646.9724,41796.0,48406.0,Pipistrellus nathusii,0.517,0.563,-1,Echolocation,/mnt/ubna_data_01/recover-20220822/UBNA_001/20220819_100000.WAV,recover-20220822,UBNA_001,Telephone Field
648.0455,648.0525,41796.0,50350.0,Pipistrellus nathusii,0.603,0.647,-1,Echolocation,/mnt/ubna_data_01/recover-20220822/UBNA_001/20220819_100000.WAV,recover-20220822,UBNA_001,Telephone Field
648.3985,648.405,42656.0,47845.0,Pipistrellus nathusii,0.471,0.511,-1,Echolocation,/mnt/ubna_data_01/recover-20220822/UBNA_001/20220819_100000.WAV,recover-20220822,UBNA_001,Telephone Field
648.5965,648.6032,41796.0,52265.0,Pipistrellus nathusii,0.586,0.636,-1,Echolocation,/mnt/ubna_data_01/recover-20220822/UBNA_001/20220819_100000.WAV,recover-20220822,UBNA_001,Telephone Field
648.6935,648.6993,41796.0,48267.0,Pipistrellus nathusii,0.566,0.588,-1,Echolocation,/mnt/ubna_data_01/recover-20220822/UBNA_001/20220819_100000.WAV,recover-20220822,UBNA_001,Telephone Field
648.8895,648.8956000000001,40937.0,54934.0,Pipistrellus nathusii,0.585,0.627,-1,Echolocation,/mnt/ubna_data_01/recover-20220822/UBNA_001/20220819_100000.WAV,recover-20220822,UBNA_001,Telephone Field
662.3325,662.3392,40937.0,48005.0,Pipistrellus nathusii,0.448,0.524,-1,Echolocation,/mnt/ubna_data_01/recover-20220822/UBNA_001/20220819_100000.WAV,recover-20220822,UBNA_001,Telephone Field
662.4285,662.4354,40937.0,47593.0,Pipistrellus nathusii,0.5,0.538,-1,Echolocation,/mnt/ubna_data_01/recover-20220822/UBNA_001/20220819_100000.WAV,recover-20220822,UBNA_001,Telephone Field
662.5165,662.5232,40937.0,48920.0,Pipistrellus nathusii,0.52,0.585,-1,Echolocation,/mnt/ubna_data_01/recover-20220822/UBNA_001/20220819_100000.WAV,recover-20220822,UBNA_001,Telephone Field
665.4215,665.4295,40937.0,49670.0,Pipistrellus nathusii,0.44,0.509,-1,Echolocation,/mnt/ubna_data_01/recover-20220822/UBNA_001/20220819_100000.WAV,recover-20220822,UBNA_001,Telephone Field
665.9025,665.9095,40937.0,48077.0,Pipistrellus nathusii,0.533,0.589,-1,Echolocation,/mnt/ubna_data_01/recover-20220822/UBNA_001/20220819_100000.WAV,recover-20220822,UBNA_001,Telephone Field
669.9685,669.9749,40937.0,48029.0,Pipistrellus nathusii,0.466,0.516,-1,Echolocation,/mnt/ubna_data_01/recover-20220822/UBNA_001/20220819_100000.WAV,recover-20220822,UBNA_001,Telephone Field
686.7255,686.7308,56406.0,74501.0,Pipistrellus pygmaeus,0.223,0.512,-1,Echolocation,/mnt/ubna_data_01/recover-20220822/UBNA_001/20220819_100000.WAV,recover-20220822,UBNA_001,Telephone Field
689.1125,689.1157,48671.0,64384.0,Myotis mystacinus,0.28,0.501,-1,Echolocation,/mnt/ubna_data_01/recover-20220822/UBNA_001/20220819_100000.WAV,recover-20220822,UBNA_001,Telephone Field
701.2675,701.273,41796.0,55315.0,Pipistrellus nathusii,0.421,0.516,-1,Echolocation,/mnt/ubna_data_01/recover-20220822/UBNA_001/20220819_100000.WAV,recover-20220822,UBNA_001,Telephone Field
701.4745,701.4826,40937.0,52379.0,Pipistrellus nathusii,0.546,0.602,-1,Echolocation,/mnt/ubna_data_01/recover-20220822/UBNA_001/20220819_100000.WAV,recover-20220822,UBNA_001,Telephone Field
701.6025,701.6112,41796.0,56445.0,Pipistrellus nathusii,0.489,0.614,-1,Echolocation,/mnt/ubna_data_01/recover-20220822/UBNA_001/20220819_100000.WAV,recover-20220822,UBNA_001,Telephone Field
701.6635,701.6706,41796.0,66695.0,Pipistrellus nathusii,0.254,0.543,-1,Echolocation,/mnt/ubna_data_01/recover-20220822/UBNA_001/20220819_100000.WAV,recover-20220822,UBNA_001,Telephone Field
701.7085,701.7176,40937.0,55538.0,Pipistrellus nathusii,0.512,0.63,-1,Echolocation,/mnt/ubna_data_01/recover-20220822/UBNA_001/20220819_100000.WAV,recover-20220822,UBNA_001,Telephone Field
701.7725,701.7787,41796.0,55236.0,Pipistrellus nathusii,0.396,0.501,-1,Echolocation,/mnt/ubna_data_01/recover-20220822/UBNA_001/20220819_100000.WAV,recover-20220822,UBNA_001,Telephone Field
701.8095,701.8196,40078.0,58908.0,Pipistrellus nathusii,0.44,0.552,-1,Echolocation,/mnt/ubna_data_01/recover-20220822/UBNA_001/20220819_100000.WAV,recover-20220822,UBNA_001,Telephone Field
701.8685,701.8749,42656.0,51941.0,Pipistrellus nathusii,0.429,0.537,-1,Echolocation,/mnt/ubna_data_01/recover-20220822/UBNA_001/20220819_100000.WAV,recover-20220822,UBNA_001,Telephone Field
701.8945,701.9014,41796.0,57428.0,Pipistrellus nathusii,0.474,0.592,-1,Echolocation,/mnt/ubna_data_01/recover-20220822/UBNA_001/20220819_100000.WAV,recover-20220822,UBNA_001,Telephone Field
702.0265,702.0337,40937.0,55164.0,Pipistrellus nathusii,0.395,0.522,-1,Echolocation,/mnt/ubna_data_01/recover-20220822/UBNA_001/20220819_100000.WAV,recover-20220822,UBNA_001,Telephone Field
702.0645,702.0718,41796.0,56157.0,Pipistrellus nathusii,0.309,0.532,-1,Echolocation,/mnt/ubna_data_01/recover-20220822/UBNA_001/20220819_100000.WAV,recover-20220822,UBNA_001,Telephone Field
702.1345,702.1426,40937.0,56769.0,Pipistrellus nathusii,0.57,0.676,-1,Echolocation,/mnt/ubna_data_01/recover-20220822/UBNA_001/20220819_100000.WAV,recover-20220822,UBNA_001,Telephone Field
702.2195,702.2278,40937.0,59089.0,Pipistrellus nathusii,0.459,0.587,-1,Echolocation,/mnt/ubna_data_01/recover-20220822/UBNA_001/20220819_100000.WAV,recover-20220822,UBNA_001,Telephone Field
702.9065,702.9135,40078.0,51068.0,Pipistrellus nathusii,0.466,0.536,-1,Echolocation,/mnt/ubna_data_01/recover-20220822/UBNA_001/20220819_100000.WAV,recover-20220822,UBNA_001,Telephone Field
702.9265,702.9335,42656.0,58324.0,Pipistrellus nathusii,0.411,0.597,-1,Echolocation,/mnt/ubna_data_01/recover-20220822/UBNA_001/20220819_100000.WAV,recover-20220822,UBNA_001,Telephone Field
703.0255,703.0344,42656.0,62799.0,Pipistrellus nathusii,0.418,0.583,-1,Echolocation,/mnt/ubna_data_01/recover-20220822/UBNA_001/20220819_100000.WAV,recover-20220822,UBNA_001,Telephone Field
703.1175,703.1268,41796.0,63208.0,Pipistrellus nathusii,0.444,0.568,-1,Echolocation,/mnt/ubna_data_01/recover-20220822/UBNA_001/20220819_100000.WAV,recover-20220822,UBNA_001,Telephone Field
703.2105,703.2188,42656.0,63032.0,Pipistrellus nathusii,0.351,0.587,-1,Echolocation,/mnt/ubna_data_01/recover-20220822/UBNA_001/20220819_100000.WAV,recover-20220822,UBNA_001,Telephone Field
703.3595,703.3669,40937.0,53088.0,Pipistrellus nathusii,0.458,0.528,-1,Echolocation,/mnt/ubna_data_01/recover-20220822/UBNA_001/20220819_100000.WAV,recover-20220822,UBNA_001,Telephone Field
703.4655,703.4724,40078.0,49113.0,Pipistrellus nathusii,0.48,0.536,-1,Echolocation,/mnt/ubna_data_01/recover-20220822/UBNA_001/20220819_100000.WAV,recover-20220822,UBNA_001,Telephone Field
703.5035,703.512,41796.0,64853.0,Pipistrellus nathusii,0.329,0.572,-1,Echolocation,/mnt/ubna_data_01/recover-20220822/UBNA_001/20220819_100000.WAV,recover-20220822,UBNA_001,Telephone Field
703.6145,703.6225,41796.0,62447.0,Pipistrellus nathusii,0.421,0.583,-1,Echolocation,/mnt/ubna_data_01/recover-20220822/UBNA_001/20220819_100000.WAV,recover-20220822,UBNA_001,Telephone Field
703.7195,703.7277,41796.0,60819.0,Pipistrellus nathusii,0.441,0.591,-1,Echolocation,/mnt/ubna_data_01/recover-20220822/UBNA_001/20220819_100000.WAV,recover-20220822,UBNA_001,Telephone Field
703.8275,703.8353,40937.0,62736.0,Pipistrellus nathusii,0.387,0.521,-1,Echolocation,/mnt/ubna_data_01/recover-20220822/UBNA_001/20220819_100000.WAV,recover-20220822,UBNA_001,Telephone Field
704.0465,704.0541,38359.0,57686.0,Pipistrellus nathusii,0.486,0.603,-1,Echolocation,/mnt/ubna_data_01/recover-20220822/UBNA_001/20220819_100000.WAV,recover-20220822,UBNA_001,Telephone Field
704.1575,704.1662,39218.0,66931.0,Pipistrellus nathusii,0.569,0.619,-1,Echolocation,/mnt/ubna_data_01/recover-20220822/UBNA_001/20220819_100000.WAV,recover-20220822,UBNA_001,Telephone Field
704.2675,704.2742,39218.0,68081.0,Pipistrellus nathusii,0.544,0.573,-1,Echolocation,/mnt/ubna_data_01/recover-20220822/UBNA_001/20220819_100000.WAV,recover-20220822,UBNA_001,Telephone Field
704.4875,704.4956999999999,39218.0,57215.0,Pipistrellus nathusii,0.515,0.598,-1,Echolocation,/mnt/ubna_data_01/recover-20220822/UBNA_001/20220819_100000.WAV,recover-20220822,UBNA_001,Telephone Field
704.5895,704.5974,40078.0,60743.0,Pipistrellus nathusii,0.605,0.648,-1,Echolocation,/mnt/ubna_data_01/recover-20220822/UBNA_001/20220819_100000.WAV,recover-20220822,UBNA_001,Telephone Field
704.6955,704.7029,40937.0,59251.0,Pipistrellus nathusii,0.622,0.69,-1,Echolocation,/mnt/ubna_data_01/recover-20220822/UBNA_001/20220819_100000.WAV,recover-20220822,UBNA_001,Telephone Field
704.8305,704.8388,40078.0,64545.0,Pipistrellus nathusii,0.694,0.735,-1,Echolocation,/mnt/ubna_data_01/recover-20220822/UBNA_001/20220819_100000.WAV,recover-20220822,UBNA_001,Telephone Field
704.9305,704.9391,39218.0,61846.0,Pipistrellus nathusii,0.595,0.644,-1,Echolocation,/mnt/ubna_data_01/recover-20220822/UBNA_001/20220819_100000.WAV,recover-20220822,UBNA_001,Telephone Field
705.0475,705.0554,40078.0,64844.0,Pipistrellus nathusii,0.663,0.7,-1,Echolocation,/mnt/ubna_data_01/recover-20220822/UBNA_001/20220819_100000.WAV,recover-20220822,UBNA_001,Telephone Field
705.1635,705.1725,40937.0,56351.0,Pipistrellus nathusii,0.556,0.605,-1,Echolocation,/mnt/ubna_data_01/recover-20220822/UBNA_001/20220819_100000.WAV,recover-20220822,UBNA_001,Telephone Field
705.2815,705.29,40078.0,63770.0,Pipistrellus nathusii,0.606,0.664,-1,Echolocation,/mnt/ubna_data_01/recover-20220822/UBNA_001/20220819_100000.WAV,recover-20220822,UBNA_001,Telephone Field
705.3935,705.4019,38359.0,64393.0,Pipistrellus nathusii,0.565,0.62,-1,Echolocation,/mnt/ubna_data_01/recover-20220822/UBNA_001/20220819_100000.WAV,recover-20220822,UBNA_001,Telephone Field
705.5085,705.5182,38359.0,58934.0,Pipistrellus nathusii,0.498,0.547,-1,Echolocation,/mnt/ubna_data_01/recover-20220822/UBNA_001/20220819_100000.WAV,recover-20220822,UBNA_001,Telephone Field
705.6255,705.6342,40078.0,53256.0,Pipistrellus nathusii,0.568,0.645,-1,Echolocation,/mnt/ubna_data_01/recover-20220822/UBNA_001/20220819_100000.WAV,recover-20220822,UBNA_001,Telephone Field
705.7305,705.7394,40078.0,63386.0,Pipistrellus nathusii,0.65,0.697,-1,Echolocation,/mnt/ubna_data_01/recover-20220822/UBNA_001/20220819_100000.WAV,recover-20220822,UBNA_001,Telephone Field
705.8365,705.8458,38359.0,62887.0,Pipistrellus nathusii,0.643,0.685,-1,Echolocation,/mnt/ubna_data_01/recover-20220822/UBNA_001/20220819_100000.WAV,recover-20220822,UBNA_001,Telephone Field
706.0475,706.0571,40078.0,56372.0,Pipistrellus nathusii,0.577,0.668,-1,Echolocation,/mnt/ubna_data_01/recover-20220822/UBNA_001/20220819_100000.WAV,recover-20220822,UBNA_001,Telephone Field
706.1555,706.1619,40937.0,58148.0,Pipistrellus nathusii,0.627,0.668,-1,Echolocation,/mnt/ubna_data_01/recover-20220822/UBNA_001/20220819_100000.WAV,recover-20220822,UBNA_001,Telephone Field
706.2475,706.2555,40937.0,65330.0,Pipistrellus nathusii,0.296,0.508,-1,Echolocation,/mnt/ubna_data_01/recover-20220822/UBNA_001/20220819_100000.WAV,recover-20220822,UBNA_001,Telephone Field
706.4655,706.4728,39218.0,52927.0,Pipistrellus nathusii,0.502,0.577,-1,Echolocation,/mnt/ubna_data_01/recover-20220822/UBNA_001/20220819_100000.WAV,recover-20220822,UBNA_001,Telephone Field
706.5705,706.579,40078.0,48845.0,Pipistrellus nathusii,0.51,0.55,-1,Echolocation,/mnt/ubna_data_01/recover-20220822/UBNA_001/20220819_100000.WAV,recover-20220822,UBNA_001,Telephone Field
706.6805,706.6882,40078.0,46710.0,Pipistrellus nathusii,0.588,0.608,-1,Echolocation,/mnt/ubna_data_01/recover-20220822/UBNA_001/20220819_100000.WAV,recover-20220822,UBNA_001,Telephone Field
706.8505,706.8589,40078.0,57791.0,Pipistrellus nathusii,0.617,0.656,-1,Echolocation,/mnt/ubna_data_01/recover-20220822/UBNA_001/20220819_100000.WAV,recover-20220822,UBNA_001,Telephone Field
706.9545,706.9628,40078.0,46722.0,Pipistrellus nathusii,0.541,0.572,-1,Echolocation,/mnt/ubna_data_01/recover-20220822/UBNA_001/20220819_100000.WAV,recover-20220822,UBNA_001,Telephone Field
707.0575,707.0649,40078.0,47938.0,Pipistrellus nathusii,0.514,0.54,-1,Echolocation,/mnt/ubna_data_01/recover-20220822/UBNA_001/20220819_100000.WAV,recover-20220822,UBNA_001,Telephone Field
707.2535,707.2605,40937.0,47037.0,Pipistrellus nathusii,0.559,0.581,-1,Echolocation,/mnt/ubna_data_01/recover-20220822/UBNA_001/20220819_100000.WAV,recover-20220822,UBNA_001,Telephone Field
707.3245,707.3311,40937.0,47988.0,Pipistrellus nathusii,0.508,0.537,-1,Echolocation,/mnt/ubna_data_01/recover-20220822/UBNA_001/20220819_100000.WAV,recover-20220822,UBNA_001,Telephone Field
707.4065,707.412,40937.0,48441.0,Pipistrellus nathusii,0.59,0.613,-1,Echolocation,/mnt/ubna_data_01/recover-20220822/UBNA_001/20220819_100000.WAV,recover-20220822,UBNA_001,Telephone Field
707.5205,707.5271,40937.0,56698.0,Pipistrellus nathusii,0.498,0.56,-1,Echolocation,/mnt/ubna_data_01/recover-20220822/UBNA_001/20220819_100000.WAV,recover-20220822,UBNA_001,Telephone Field
707.8195,707.8263,40937.0,58155.0,Pipistrellus nathusii,0.547,0.607,-1,Echolocation,/mnt/ubna_data_01/recover-20220822/UBNA_001/20220819_100000.WAV,recover-20220822,UBNA_001,Telephone Field
707.8795,707.8848,42656.0,57228.0,Pipistrellus nathusii,0.379,0.517,-1,Echolocation,/mnt/ubna_data_01/recover-20220822/UBNA_001/20220819_100000.WAV,recover-20220822,UBNA_001,Telephone Field
708.0675,708.0735999999999,40937.0,53960.0,Pipistrellus nathusii,0.49,0.536,-1,Echolocation,/mnt/ubna_data_01/recover-20220822/UBNA_001/20220819_100000.WAV,recover-20220822,UBNA_001,Telephone Field
708.1575,708.1636,41796.0,60603.0,Pipistrellus nathusii,0.431,0.537,-1,Echolocation,/mnt/ubna_data_01/recover-20220822/UBNA_001/20220819_100000.WAV,recover-20220822,UBNA_001,Telephone Field
708.1885,708.1955,40937.0,49082.0,Pipistrellus nathusii,0.583,0.596,-1,Echolocation,/mnt/ubna_data_01/recover-20220822/UBNA_001/20220819_100000.WAV,recover-20220822,UBNA_001,Telephone Field
708.2495,708.2569,42656.0,49188.0,Pipistrellus nathusii,0.382,0.51,-1,Echolocation,/mnt/ubna_data_01/recover-20220822/UBNA_001/20220819_100000.WAV,recover-20220822,UBNA_001,Telephone Field
708.2775,708.2853,41796.0,61094.0,Pipistrellus nathusii,0.494,0.593,-1,Echolocation,/mnt/ubna_data_01/recover-20220822/UBNA_001/20220819_100000.WAV,recover-20220822,UBNA_001,Telephone Field
708.4325,708.4405,41796.0,60343.0,Pipistrellus nathusii,0.459,0.591,-1,Echolocation,/mnt/ubna_data_01/recover-20220822/UBNA_001/20220819_100000.WAV,recover-20220822,UBNA_001,Telephone Field
708.5335,708.5411,42656.0,58337.0,Pipistrellus nathusii,0.242,0.5,-1,Echolocation,/mnt/ubna_data_01/recover-20220822/UBNA_001/20220819_100000.WAV,recover-20220822,UBNA_001,Telephone Field
708.6295,708.6368,41796.0,49132.0,Pipistrellus nathusii,0.525,0.55,-1,Echolocation,/mnt/ubna_data_01/recover-20220822/UBNA_001/20220819_100000.WAV,recover-20220822,UBNA_001,Telephone Field
708.7185,708.7251,41796.0,57563.0,Pipistrellus nathusii,0.391,0.535,-1,Echolocation,/mnt/ubna_data_01/recover-20220822/UBNA_001/20220819_100000.WAV,recover-20220822,UBNA_001,Telephone Field
708.8495,708.8598,43515.0,67684.0,Pipistrellus nathusii,0.313,0.528,-1,Echolocation,/mnt/ubna_data_01/recover-20220822/UBNA_001/20220819_100000.WAV,recover-20220822,UBNA_001,Telephone Field
708.9285,708.9358,41796.0,67084.0,Pipistrellus nathusii,0.431,0.545,-1,Echolocation,/mnt/ubna_data_01/recover-20220822/UBNA_001/20220819_100000.WAV,recover-20220822,UBNA_001,Telephone Field
709.5025,709.5081,40937.0,58012.0,Pipistrellus nathusii,0.381,0.503,-1,Echolocation,/mnt/ubna_data_01/recover-20220822/UBNA_001/20220819_100000.WAV,recover-20220822,UBNA_001,Telephone Field
709.6385,709.6449,40937.0,67200.0,Pipistrellus nathusii,0.34,0.509,-1,Echolocation,/mnt/ubna_data_01/recover-20220822/UBNA_001/20220819_100000.WAV,recover-20220822,UBNA_001,Telephone Field
710.6635,710.6694,42656.0,49675.0,Pipistrellus nathusii,0.466,0.525,-1,Echolocation,/mnt/ubna_data_01/recover-20220822/UBNA_001/20220819_100000.WAV,recover-20220822,UBNA_001,Telephone Field
711.5215,711.5264999999999,40937.0,53373.0,Pipistrellus nathusii,0.218,0.503,-1,Echolocation,/mnt/ubna_data_01/recover-20220822/UBNA_001/20220819_100000.WAV,recover-20220822,UBNA_001,Telephone Field
712.3915,712.3984,38359.0,58146.0,Pipistrellus nathusii,0.347,0.578,-1,Echolocation,/mnt/ubna_data_01/recover-20220822/UBNA_001/20220819_100000.WAV,recover-20220822,UBNA_001,Telephone Field
712.5995,712.6066,37500.0,50931.0,Pipistrellus nathusii,0.34,0.521,-1,Echolocation,/mnt/ubna_data_01/recover-20220822/UBNA_001/20220819_100000.WAV,recover-20220822,UBNA_001,Telephone Field
712.8935,712.9012,38359.0,49227.0,Pipistrellus nathusii,0.414,0.567,-1,Echolocation,/mnt/ubna_data_01/recover-20220822/UBNA_001/20220819_100000.WAV,recover-20220822,UBNA_001,Telephone Field
713.3425,713.3481,37500.0,52020.0,Pipistrellus nathusii,0.32,0.529,-1,Echolocation,/mnt/ubna_data_01/recover-20220822/UBNA_001/20220819_100000.WAV,recover-20220822,UBNA_001,Telephone Field
714.3705,714.3764,38359.0,54023.0,Pipistrellus nathusii,0.265,0.548,-1,Echolocation,/mnt/ubna_data_01/recover-20220822/UBNA_001/20220819_100000.WAV,recover-20220822,UBNA_001,Telephone Field
714.4705,714.4771,40937.0,58504.0,Pipistrellus nathusii,0.225,0.517,-1,Echolocation,/mnt/ubna_data_01/recover-20220822/UBNA_001/20220819_100000.WAV,recover-20220822,UBNA_001,Telephone Field
714.6565,714.6644,40078.0,57700.0,Pipistrellus nathusii,0.283,0.506,-1,Echolocation,/mnt/ubna_data_01/recover-20220822/UBNA_001/20220819_100000.WAV,recover-20220822,UBNA_001,Telephone Field
715.0075,715.0149,38359.0,62068.0,Pipistrellus nathusii,0.321,0.517,-1,Echolocation,/mnt/ubna_data_01/recover-20220822/UBNA_001/20220819_100000.WAV,recover-20220822,UBNA_001,Telephone Field
715.4305,715.4384,37500.0,63328.0,Pipistrellus nathusii,0.284,0.508,-1,Echolocation,/mnt/ubna_data_01/recover-20220822/UBNA_001/20220819_100000.WAV,recover-20220822,UBNA_001,Telephone Field
715.5355,715.5427,39218.0,51624.0,Pipistrellus nathusii,0.356,0.541,-1,Echolocation,/mnt/ubna_data_01/recover-20220822/UBNA_001/20220819_100000.WAV,recover-20220822,UBNA_001,Telephone Field
715.9135,715.9203,40937.0,50623.0,Pipistrellus nathusii,0.409,0.504,-1,Echolocation,/mnt/ubna_data_01/recover-20220822/UBNA_001/20220819_100000.WAV,recover-20220822,UBNA_001,Telephone Field
716.0965,716.1025,40078.0,56710.0,Pipistrellus nathusii,0.507,0.564,-1,Echolocation,/mnt/ubna_data_01/recover-20220822/UBNA_001/20220819_100000.WAV,recover-20220822,UBNA_001,Telephone Field
716.3075,716.3155,41796.0,50558.0,Pipistrellus nathusii,0.521,0.556,-1,Echolocation,/mnt/ubna_data_01/recover-20220822/UBNA_001/20220819_100000.WAV,recover-20220822,UBNA_001,Telephone Field
716.4925,716.4995,41796.0,52312.0,Pipistrellus nathusii,0.409,0.528,-1,Echolocation,/mnt/ubna_data_01/recover-20220822/UBNA_001/20220819_100000.WAV,recover-20220822,UBNA_001,Telephone Field
716.7085,716.7155,40937.0,62377.0,Pipistrellus nathusii,0.459,0.574,-1,Echolocation,/mnt/ubna_data_01/recover-20220822/UBNA_001/20220819_100000.WAV,recover-20220822,UBNA_001,Telephone Field
716.8035,716.8096,40937.0,52014.0,Pipistrellus nathusii,0.63,0.644,-1,Echolocation,/mnt/ubna_data_01/recover-20220822/UBNA_001/20220819_100000.WAV,recover-20220822,UBNA_001,Telephone Field
716.8985,716.9052,40937.0,66528.0,Pipistrellus nathusii,0.64,0.67,-1,Echolocation,/mnt/ubna_data_01/recover-20220822/UBNA_001/20220819_100000.WAV,recover-20220822,UBNA_001,Telephone Field
717.0745,717.0812,40937.0,53902.0,Pipistrellus nathusii,0.632,0.657,-1,Echolocation,/mnt/ubna_data_01/recover-20220822/UBNA_001/20220819_100000.WAV,recover-20220822,UBNA_001,Telephone Field
717.2565,717.2665,40937.0,61162.0,Pipistrellus nathusii,0.537,0.596,-1,Echolocation,/mnt/ubna_data_01/recover-20220822/UBNA_001/20220819_100000.WAV,recover-20220822,UBNA_001,Telephone Field
717.3595,717.3679,40937.0,51725.0,Pipistrellus nathusii,0.669,0.707,-1,Echolocation,/mnt/ubna_data_01/recover-20220822/UBNA_001/20220819_100000.WAV,recover-20220822,UBNA_001,Telephone Field
717.5455,717.5566,40078.0,58527.0,Pipistrellus nathusii,0.506,0.559,-1,Echolocation,/mnt/ubna_data_01/recover-20220822/UBNA_001/20220819_100000.WAV,recover-20220822,UBNA_001,Telephone Field
717.6475,717.6575,40078.0,48599.0,Pipistrellus nathusii,0.509,0.529,-1,Echolocation,/mnt/ubna_data_01/recover-20220822/UBNA_001/20220819_100000.WAV,recover-20220822,UBNA_001,Telephone Field
717.7465,717.7575,39218.0,46234.0,Pipistrellus nathusii,0.559,0.586,-1,Echolocation,/mnt/ubna_data_01/recover-20220822/UBNA_001/20220819_100000.WAV,recover-20220822,UBNA_001,Telephone Field
717.8395,717.848,40078.0,58053.0,Pipistrellus nathusii,0.59,0.64,-1,Echolocation,/mnt/ubna_data_01/recover-20220822/UBNA_001/20220819_100000.WAV,recover-20220822,UBNA_001,Telephone Field
717.9395,717.9475,40937.0,49465.0,Pipistrellus nathusii,0.581,0.601,-1,Echolocation,/mnt/ubna_data_01/recover-20220822/UBNA_001/20220819_100000.WAV,recover-20220822,UBNA_001,Telephone Field
718.1225,718.1314,40937.0,55958.0,Pipistrellus nathusii,0.615,0.656,-1,Echolocation,/mnt/ubna_data_01/recover-20220822/UBNA_001/20220819_100000.WAV,recover-20220822,UBNA_001,Telephone Field
718.2155,718.2231,40937.0,55991.0,Pipistrellus nathusii,0.579,0.65,-1,Echolocation,/mnt/ubna_data_01/recover-20220822/UBNA_001/20220819_100000.WAV,recover-20220822,UBNA_001,Telephone Field
718.3145,718.3248,39218.0,48546.0,Pipistrellus nathusii,0.552,0.618,-1,Echolocation,/mnt/ubna_data_01/recover-20220822/UBNA_001/20220819_100000.WAV,recover-20220822,UBNA_001,Telephone Field
718.5875,718.5962,40078.0,46740.0,Pipistrellus nathusii,0.557,0.577,-1,Echolocation,/mnt/ubna_data_01/recover-20220822/UBNA_001/20220819_100000.WAV,recover-20220822,UBNA_001,Telephone Field
718.6745,718.6833,39218.0,48341.0,Pipistrellus nathusii,0.58,0.606,-1,Echolocation,/mnt/ubna_data_01/recover-20220822/UBNA_001/20220819_100000.WAV,recover-20220822,UBNA_001,Telephone Field
718.7595,718.7687,40078.0,51250.0,Pipistrellus nathusii,0.472,0.551,-1,Echolocation,/mnt/ubna_data_01/recover-20220822/UBNA_001/20220819_100000.WAV,recover-20220822,UBNA_001,Telephone Field
719.6895,719.6965,41796.0,55212.0,Pipistrellus nathusii,0.339,0.516,-1,Echolocation,/mnt/ubna_data_01/recover-20220822/UBNA_001/20220819_100000.WAV,recover-20220822,UBNA_001,Telephone Field
720.5155,720.522,41796.0,52586.0,Pipistrellus nathusii,0.42,0.525,-1,Echolocation,/mnt/ubna_data_01/recover-20220822/UBNA_001/20220819_100000.WAV,recover-20220822,UBNA_001,Telephone Field
720.8825,720.8874,36640.0,65327.0,Myotis daubentonii,0.265,0.543,-1,Echolocation,/mnt/ubna_data_01/recover-20220822/UBNA_001/20220819_100000.WAV,recover-20220822,UBNA_001,Telephone Field
721.9265,721.933,40937.0,59268.0,Pipistrellus nathusii,0.23,0.506,-1,Echolocation,/mnt/ubna_data_01/recover-20220822/UBNA_001/20220819_100000.WAV,recover-20220822,UBNA_001,Telephone Field
722.1075,722.1169,39218.0,57399.0,Pipistrellus nathusii,0.456,0.513,-1,Echolocation,/mnt/ubna_data_01/recover-20220822/UBNA_001/20220819_100000.WAV,recover-20220822,UBNA_001,Telephone Field
722.2035,722.2122,40937.0,59643.0,Pipistrellus nathusii,0.593,0.63,-1,Echolocation,/mnt/ubna_data_01/recover-20220822/UBNA_001/20220819_100000.WAV,recover-20220822,UBNA_001,Telephone Field
722.2995,722.3087,40937.0,59886.0,Pipistrellus nathusii,0.54,0.582,-1,Echolocation,/mnt/ubna_data_01/recover-20220822/UBNA_001/20220819_100000.WAV,recover-20220822,UBNA_001,Telephone Field
722.3945,722.4057,42656.0,57796.0,Pipistrellus nathusii,0.459,0.501,-1,Echolocation,/mnt/ubna_data_01/recover-20220822/UBNA_001/20220819_100000.WAV,recover-20220822,UBNA_001,Telephone Field
722.4925,722.5018,40937.0,56753.0,Pipistrellus nathusii,0.559,0.664,-1,Echolocation,/mnt/ubna_data_01/recover-20220822/UBNA_001/20220819_100000.WAV,recover-20220822,UBNA_001,Telephone Field
722.5885,722.5976,40078.0,61334.0,Pipistrellus nathusii,0.449,0.543,-1,Echolocation,/mnt/ubna_data_01/recover-20220822/UBNA_001/20220819_100000.WAV,recover-20220822,UBNA_001,Telephone Field
722.6875,722.6965,38359.0,55652.0,Pipistrellus nathusii,0.512,0.594,-1,Echolocation,/mnt/ubna_data_01/recover-20220822/UBNA_001/20220819_100000.WAV,recover-20220822,UBNA_001,Telephone Field
722.7905,722.7993,40078.0,54844.0,Pipistrellus nathusii,0.587,0.63,-1,Echolocation,/mnt/ubna_data_01/recover-20220822/UBNA_001/20220819_100000.WAV,recover-20220822,UBNA_001,Telephone Field
722.8895,722.9001,38359.0,61743.0,Pipistrellus nathusii,0.512,0.581,-1,Echolocation,/mnt/ubna_data_01/recover-20220822/UBNA_001/20220819_100000.WAV,recover-20220822,UBNA_001,Telephone Field
722.9905,722.9985,40078.0,52835.0,Pipistrellus nathusii,0.643,0.694,-1,Echolocation,/mnt/ubna_data_01/recover-20220822/UBNA_001/20220819_100000.WAV,recover-20220822,UBNA_001,Telephone Field
723.0895,723.0988,36640.0,61692.0,Pipistrellus nathusii,0.475,0.529,-1,Echolocation,/mnt/ubna_data_01/recover-20220822/UBNA_001/20220819_100000.WAV,recover-20220822,UBNA_001,Telephone Field
723.1905,723.199,38359.0,60538.0,Pipistrellus nathusii,0.495,0.544,-1,Echolocation,/mnt/ubna_data_01/recover-20220822/UBNA_001/20220819_100000.WAV,recover-20220822,UBNA_001,Telephone Field
723.3785,723.3891,37500.0,61339.0,Pipistrellus nathusii,0.536,0.606,-1,Echolocation,/mnt/ubna_data_01/recover-20220822/UBNA_001/20220819_100000.WAV,recover-20220822,UBNA_001,Telephone Field
723.5785,723.5864,41796.0,52983.0,Pipistrellus nathusii,0.53,0.552,-1,Echolocation,/mnt/ubna_data_01/recover-20220822/UBNA_001/20220819_100000.WAV,recover-20220822,UBNA_001,Telephone Field
723.6245,723.6329,39218.0,51808.0,Pipistrellus nathusii,0.46,0.501,-1,Echolocation,/mnt/ubna_data_01/recover-20220822/UBNA_001/20220819_100000.WAV,recover-20220822,UBNA_001,Telephone Field
723.7205,723.7301,38359.0,57190.0,Pipistrellus nathusii,0.532,0.564,-1,Echolocation,/mnt/ubna_data_01/recover-20220822/UBNA_001/20220819_100000.WAV,recover-20220822,UBNA_001,Telephone Field
723.9155,723.9244,40937.0,59326.0,Pipistrellus nathusii,0.462,0.556,-1,Echolocation,/mnt/ubna_data_01/recover-20220822/UBNA_001/20220819_100000.WAV,recover-20220822,UBNA_001,Telephone Field
724.0155,724.0222,41796.0,55740.0,Pipistrellus nathusii,0.612,0.639,-1,Echolocation,/mnt/ubna_data_01/recover-20220822/UBNA_001/20220819_100000.WAV,recover-20220822,UBNA_001,Telephone Field
724.1145,724.1221,40078.0,51462.0,Pipistrellus nathusii,0.616,0.648,-1,Echolocation,/mnt/ubna_data_01/recover-20220822/UBNA_001/20220819_100000.WAV,recover-20220822,UBNA_001,Telephone Field
724.2105,724.2198,40078.0,48846.0,Pipistrellus nathusii,0.665,0.676,-1,Echolocation,/mnt/ubna_data_01/recover-20220822/UBNA_001/20220819_100000.WAV,recover-20220822,UBNA_001,Telephone Field
724.3025,724.309,40937.0,55069.0,Pipistrellus nathusii,0.48,0.526,-1,Echolocation,/mnt/ubna_data_01/recover-20220822/UBNA_001/20220819_100000.WAV,recover-20220822,UBNA_001,Telephone Field
724.3955,724.4045,39218.0,62018.0,Pipistrellus nathusii,0.62,0.668,-1,Echolocation,/mnt/ubna_data_01/recover-20220822/UBNA_001/20220819_100000.WAV,recover-20220822,UBNA_001,Telephone Field
724.4955,724.503,40078.0,60621.0,Pipistrellus nathusii,0.506,0.58,-1,Echolocation,/mnt/ubna_data_01/recover-20220822/UBNA_001/20220819_100000.WAV,recover-20220822,UBNA_001,Telephone Field
724.7725,724.7814,39218.0,53904.0,Pipistrellus nathusii,0.445,0.539,-1,Echolocation,/mnt/ubna_data_01/recover-20220822/UBNA_001/20220819_100000.WAV,recover-20220822,UBNA_001,Telephone Field
724.8705,724.878,40078.0,63485.0,Pipistrellus nathusii,0.488,0.56,-1,Echolocation,/mnt/ubna_data_01/recover-20220822/UBNA_001/20220819_100000.WAV,recover-20220822,UBNA_001,Telephone Field
724.9785,724.9876,40078.0,58053.0,Pipistrellus nathusii,0.55,0.627,-1,Echolocation,/mnt/ubna_data_01/recover-20220822/UBNA_001/20220819_100000.WAV,recover-20220822,UBNA_001,Telephone Field
725.0845,725.0942,37500.0,60583.0,Pipistrellus nathusii,0.481,0.536,-1,Echolocation,/mnt/ubna_data_01/recover-20220822/UBNA_001/20220819_100000.WAV,recover-20220822,UBNA_001,Telephone Field
725.2885,725.2944,38359.0,51293.0,Pipistrellus nathusii,0.405,0.521,-1,Echolocation,/mnt/ubna_data_01/recover-20220822/UBNA_001/20220819_100000.WAV,recover-20220822,UBNA_001,Telephone Field
725.3865,725.395,39218.0,59616.0,Pipistrellus nathusii,0.47,0.52,-1,Echolocation,/mnt/ubna_data_01/recover-20220822/UBNA_001/20220819_100000.WAV,recover-20220822,UBNA_001,Telephone Field
725.4855,725.4943,37500.0,64564.0,Pipistrellus nathusii,0.509,0.548,-1,Echolocation,/mnt/ubna_data_01/recover-20220822/UBNA_001/20220819_100000.WAV,recover-20220822,UBNA_001,Telephone Field
725.5975,725.607,38359.0,55321.0,Pipistrellus nathusii,0.552,0.612,-1,Echolocation,/mnt/ubna_data_01/recover-20220822/UBNA_001/20220819_100000.WAV,recover-20220822,UBNA_001,Telephone Field
725.7925,725.804,37500.0,57213.0,Pipistrellus nathusii,0.493,0.563,-1,Echolocation,/mnt/ubna_data_01/recover-20220822/UBNA_001/20220819_100000.WAV,recover-20220822,UBNA_001,Telephone Field
725.8835,725.8933,38359.0,63637.0,Pipistrellus nathusii,0.565,0.61,-1,Echolocation,/mnt/ubna_data_01/recover-20220822/UBNA_001/20220819_100000.WAV,recover-20220822,UBNA_001,Telephone Field
725.9925,726.0006,36640.0,51171.0,Pipistrellus nathusii,0.541,0.599,-1,Echolocation,/mnt/ubna_data_01/recover-20220822/UBNA_001/20220819_100000.WAV,recover-20220822,UBNA_001,Telephone Field
727.6085,727.6146,37500.0,59093.0,Myotis daubentonii,0.287,0.502,-1,Echolocation,/mnt/ubna_data_01/recover-20220822/UBNA_001/20220819_100000.WAV,recover-20220822,UBNA_001,Telephone Field
727.8775,727.885,37500.0,62057.0,Pipistrellus nathusii,0.226,0.536,-1,Echolocation,/mnt/ubna_data_01/recover-20220822/UBNA_001/20220819_100000.WAV,recover-20220822,UBNA_001,Telephone Field
728.0625,728.0703,39218.0,60006.0,Pipistrellus nathusii,0.451,0.505,-1,Echolocation,/mnt/ubna_data_01/recover-20220822/UBNA_001/20220819_100000.WAV,recover-20220822,UBNA_001,Telephone Field
728.2555,728.2631,40078.0,58502.0,Pipistrellus nathusii,0.608,0.645,-1,Echolocation,/mnt/ubna_data_01/recover-20220822/UBNA_001/20220819_100000.WAV,recover-20220822,UBNA_001,Telephone Field
728.4405,728.4486,39218.0,60872.0,Pipistrellus nathusii,0.53,0.587,-1,Echolocation,/mnt/ubna_data_01/recover-20220822/UBNA_001/20220819_100000.WAV,recover-20220822,UBNA_001,Telephone Field
728.5415,728.5494,39218.0,50199.0,Pipistrellus nathusii,0.581,0.631,-1,Echolocation,/mnt/ubna_data_01/recover-20220822/UBNA_001/20220819_100000.WAV,recover-20220822,UBNA_001,Telephone Field
728.6455,728.6529,38359.0,54999.0,Pipistrellus nathusii,0.532,0.619,-1,Echolocation,/mnt/ubna_data_01/recover-20220822/UBNA_001/20220819_100000.WAV,recover-20220822,UBNA_001,Telephone Field
728.7485,728.7563,40078.0,52328.0,Pipistrellus nathusii,0.532,0.639,-1,Echolocation,/mnt/ubna_data_01/recover-20220822/UBNA_001/20220819_100000.WAV,recover-20220822,UBNA_001,Telephone Field
728.8545,728.8622,39218.0,52951.0,Pipistrellus nathusii,0.563,0.623,-1,Echolocation,/mnt/ubna_data_01/recover-20220822/UBNA_001/20220819_100000.WAV,recover-20220822,UBNA_001,Telephone Field
729.0345,729.0417,36640.0,61933.0,Pipistrellus nathusii,0.466,0.585,-1,Echolocation,/mnt/ubna_data_01/recover-20220822/UBNA_001/20220819_100000.WAV,recover-20220822,UBNA_001,Telephone Field
729.1385,729.1457,38359.0,48960.0,Pipistrellus nathusii,0.582,0.631,-1,Echolocation,/mnt/ubna_data_01/recover-20220822/UBNA_001/20220819_100000.WAV,recover-20220822,UBNA_001,Telephone Field
729.6155,729.6233,40078.0,63457.0,Pipistrellus nathusii,0.611,0.649,-1,Echolocation,/mnt/ubna_data_01/recover-20220822/UBNA_001/20220819_100000.WAV,recover-20220822,UBNA_001,Telephone Field
729.6965,729.7048,39218.0,53450.0,Pipistrellus nathusii,0.553,0.613,-1,Echolocation,/mnt/ubna_data_01/recover-20220822/UBNA_001/20220819_100000.WAV,recover-20220822,UBNA_001,Telephone Field
729.7905,729.7971,37500.0,52631.0,Pipistrellus nathusii,0.566,0.613,-1,Echolocation,/mnt/ubna_data_01/recover-20220822/UBNA_001/20220819_100000.WAV,recover-20220822,UBNA_001,Telephone Field
729.8745,729.8823,37500.0,60478.0,Pipistrellus nathusii,0.509,0.579,-1,Echolocation,/mnt/ubna_data_01/recover-20220822/UBNA_001/20220819_100000.WAV,recover-20220822,UBNA_001,Telephone Field
729.9485,729.9562,39218.0,54090.0,Pipistrellus nathusii,0.659,0.688,-1,Echolocation,/mnt/ubna_data_01/recover-20220822/UBNA_001/20220819_100000.WAV,recover-20220822,UBNA_001,Telephone Field
730.1895,730.1971,38359.0,61389.0,Pipistrellus nathusii,0.635,0.684,-1,Echolocation,/mnt/ubna_data_01/recover-20220822/UBNA_001/20220819_100000.WAV,recover-20220822,UBNA_001,Telephone Field
730.3055,730.3135,38359.0,63088.0,Pipistrellus nathusii,0.568,0.635,-1,Echolocation,/mnt/ubna_data_01/recover-20220822/UBNA_001/20220819_100000.WAV,recover-20220822,UBNA_001,Telephone Field
730.4225,730.4297,40078.0,52981.0,Pipistrellus nathusii,0.696,0.708,-1,Echolocation,/mnt/ubna_data_01/recover-20220822/UBNA_001/20220819_100000.WAV,recover-20220822,UBNA_001,Telephone Field
730.5215,730.5306,40078.0,66365.0,Pipistrellus nathusii,0.583,0.648,-1,Echolocation,/mnt/ubna_data_01/recover-20220822/UBNA_001/20220819_100000.WAV,recover-20220822,UBNA_001,Telephone Field
730.6255,730.6335,40937.0,49721.0,Pipistrellus nathusii,0.584,0.606,-1,Echolocation,/mnt/ubna_data_01/recover-20220822/UBNA_001/20220819_100000.WAV,recover-20220822,UBNA_001,Telephone Field
730.8065,730.8142,38359.0,58889.0,Pipistrellus nathusii,0.568,0.641,-1,Echolocation,/mnt/ubna_data_01/recover-20220822/UBNA_001/20220819_100000.WAV,recover-20220822,UBNA_001,Telephone Field
730.9015,730.9111,39218.0,62967.0,Pipistrellus nathusii,0.588,0.641,-1,Echolocation,/mnt/ubna_data_01/recover-20220822/UBNA_001/20220819_100000.WAV,recover-20220822,UBNA_001,Telephone Field
730.9995,731.0084,39218.0,55130.0,Pipistrellus nathusii,0.54,0.587,-1,Echolocation,/mnt/ubna_data_01/recover-20220822/UBNA_001/20220819_100000.WAV,recover-20220822,UBNA_001,Telephone Field
731.0985,731.107,37500.0,57799.0,Pipistrellus nathusii,0.546,0.594,-1,Echolocation,/mnt/ubna_data_01/recover-20220822/UBNA_001/20220819_100000.WAV,recover-20220822,UBNA_001,Telephone Field
731.1895,731.1961,40078.0,47619.0,Pipistrellus nathusii,0.57,0.588,-1,Echolocation,/mnt/ubna_data_01/recover-20220822/UBNA_001/20220819_100000.WAV,recover-20220822,UBNA_001,Telephone Field
731.5675,731.5752,37500.0,56943.0,Pipistrellus nathusii,0.547,0.619,-1,Echolocation,/mnt/ubna_data_01/recover-20220822/UBNA_001/20220819_100000.WAV,recover-20220822,UBNA_001,Telephone Field
731.6745,731.6819,37500.0,55435.0,Pipistrellus nathusii,0.554,0.62,-1,Echolocation,/mnt/ubna_data_01/recover-20220822/UBNA_001/20220819_100000.WAV,recover-20220822,UBNA_001,Telephone Field
731.7805,731.7875,40078.0,48632.0,Pipistrellus nathusii,0.615,0.659,-1,Echolocation,/mnt/ubna_data_01/recover-20220822/UBNA_001/20220819_100000.WAV,recover-20220822,UBNA_001,Telephone Field
731.8825,731.8891,37500.0,53476.0,Pipistrellus nathusii,0.495,0.549,-1,Echolocation,/mnt/ubna_data_01/recover-20220822/UBNA_001/20220819_100000.WAV,recover-20220822,UBNA_001,Telephone Field
732.1035,732.1103,39218.0,49730.0,Pipistrellus nathusii,0.506,0.563,-1,Echolocation,/mnt/ubna_data_01/recover-20220822/UBNA_001/20220819_100000.WAV,recover-20220822,UBNA_001,Telephone Field
732.2095,732.2175,38359.0,47001.0,Pipistrellus nathusii,0.594,0.651,-1,Echolocation,/mnt/ubna_data_01/recover-20220822/UBNA_001/20220819_100000.WAV,recover-20220822,UBNA_001,Telephone Field
732.3495,732.3558,41796.0,55861.0,Pipistrellus nathusii,0.475,0.541,-1,Echolocation,/mnt/ubna_data_01/recover-20220822/UBNA_001/20220819_100000.WAV,recover-20220822,UBNA_001,Telephone Field
732.3915,732.3973,40937.0,52310.0,Pipistrellus nathusii,0.547,0.583,-1,Echolocation,/mnt/ubna_data_01/recover-20220822/UBNA_001/20220819_100000.WAV,recover-20220822,UBNA_001,Telephone Field
732.6725,732.6819,39218.0,49626.0,Pipistrellus nathusii,0.496,0.612,-1,Echolocation,/mnt/ubna_data_01/recover-20220822/UBNA_001/20220819_100000.WAV,recover-20220822,UBNA_001,Telephone Field
732.9855,732.9929,37500.0,48413.0,Pipistrellus nathusii,0.437,0.525,-1,Echolocation,/mnt/ubna_data_01/recover-20220822/UBNA_001/20220819_100000.WAV,recover-20220822,UBNA_001,Telephone Field
733.2035,733.2113,38359.0,52058.0,Pipistrellus nathusii,0.473,0.606,-1,Echolocation,/mnt/ubna_data_01/recover-20220822/UBNA_001/20220819_100000.WAV,recover-20220822,UBNA_001,Telephone Field
734.3055,734.3135,38359.0,53224.0,Pipistrellus nathusii,0.409,0.508,-1,Echolocation,/mnt/ubna_data_01/recover-20220822/UBNA_001/20220819_100000.WAV,recover-20220822,UBNA_001,Telephone Field
734.7375,734.7437,40937.0,49665.0,Pipistrellus nathusii,0.55,0.575,-1,Echolocation,/mnt/ubna_data_01/recover-20220822/UBNA_001/20220819_100000.WAV,recover-20220822,UBNA_001,Telephone Field
735.0425,735.0491,40937.0,54000.0,Pipistrellus nathusii,0.467,0.529,-1,Echolocation,/mnt/ubna_data_01/recover-20220822/UBNA_001/20220819_100000.WAV,recover-20220822,UBNA_001,Telephone Field
735.1215,735.1303,40078.0,48479.0,Pipistrellus nathusii,0.4,0.521,-1,Echolocation,/mnt/ubna_data_01/recover-20220822/UBNA_001/20220819_100000.WAV,recover-20220822,UBNA_001,Telephone Field
735.8885,735.8947000000001,41796.0,62922.0,Pipistrellus nathusii,0.496,0.595,-1,Echolocation,/mnt/ubna_data_01/recover-20220822/UBNA_001/20220819_100000.WAV,recover-20220822,UBNA_001,Telephone Field
735.9685,735.9764,40937.0,62691.0,Pipistrellus nathusii,0.471,0.588,-1,Echolocation,/mnt/ubna_data_01/recover-20220822/UBNA_001/20220819_100000.WAV,recover-20220822,UBNA_001,Telephone Field
736.1505,736.159,40078.0,68532.0,Pipistrellus nathusii,0.366,0.504,-1,Echolocation,/mnt/ubna_data_01/recover-20220822/UBNA_001/20220819_100000.WAV,recover-20220822,UBNA_001,Telephone Field
736.2495,736.2576,38359.0,61338.0,Pipistrellus nathusii,0.438,0.516,-1,Echolocation,/mnt/ubna_data_01/recover-20220822/UBNA_001/20220819_100000.WAV,recover-20220822,UBNA_001,Telephone Field
738.5785,738.5863,38359.0,66407.0,Pipistrellus nathusii,0.43,0.545,-1,Echolocation,/mnt/ubna_data_01/recover-20220822/UBNA_001/20220819_100000.WAV,recover-20220822,UBNA_001,Telephone Field
738.8705,738.8791,40078.0,57857.0,Pipistrellus nathusii,0.454,0.579,-1,Echolocation,/mnt/ubna_data_01/recover-20220822/UBNA_001/20220819_100000.WAV,recover-20220822,UBNA_001,Telephone Field
738.9755,738.9829,40937.0,62028.0,Pipistrellus nathusii,0.412,0.535,-1,Echolocation,/mnt/ubna_data_01/recover-20220822/UBNA_001/20220819_100000.WAV,recover-20220822,UBNA_001,Telephone Field
739.1985,739.2071,40078.0,57058.0,Pipistrellus nathusii,0.526,0.629,-1,Echolocation,/mnt/ubna_data_01/recover-20220822/UBNA_001/20220819_100000.WAV,recover-20220822,UBNA_001,Telephone Field
739.3005,739.3081999999999,37500.0,60260.0,Pipistrellus nathusii,0.403,0.528,-1,Echolocation,/mnt/ubna_data_01/recover-20220822/UBNA_001/20220819_100000.WAV,recover-20220822,UBNA_001,Telephone Field
739.5065,739.5135,36640.0,60361.0,Pipistrellus nathusii,0.362,0.55,-1,Echolocation,/mnt/ubna_data_01/recover-20220822/UBNA_001/20220819_100000.WAV,recover-20220822,UBNA_001,Telephone Field
739.6185,739.6278,39218.0,56666.0,Pipistrellus nathusii,0.441,0.549,-1,Echolocation,/mnt/ubna_data_01/recover-20220822/UBNA_001/20220819_100000.WAV,recover-20220822,UBNA_001,Telephone Field
739.7085,739.718,38359.0,55476.0,Pipistrellus nathusii,0.412,0.522,-1,Echolocation,/mnt/ubna_data_01/recover-20220822/UBNA_001/20220819_100000.WAV,recover-20220822,UBNA_001,Telephone Field
739.8045,739.8123,36640.0,59271.0,Pipistrellus nathusii,0.362,0.529,-1,Echolocation,/mnt/ubna_data_01/recover-20220822/UBNA_001/20220819_100000.WAV,recover-20220822,UBNA_001,Telephone Field
739.9055,739.9134,39218.0,53593.0,Pipistrellus nathusii,0.419,0.568,-1,Echolocation,/mnt/ubna_data_01/recover-20220822/UBNA_001/20220819_100000.WAV,recover-20220822,UBNA_001,Telephone Field
739.9885,739.995,37500.0,54478.0,Pipistrellus nathusii,0.36,0.585,-1,Echolocation,/mnt/ubna_data_01/recover-20220822/UBNA_001/20220819_100000.WAV,recover-20220822,UBNA_001,Telephone Field
740.1735,740.1809,36640.0,53144.0,Pipistrellus nathusii,0.425,0.584,-1,Echolocation,/mnt/ubna_data_01/recover-20220822/UBNA_001/20220819_100000.WAV,recover-20220822,UBNA_001,Telephone Field
740.5415,740.549,37500.0,53113.0,Pipistrellus nathusii,0.432,0.568,-1,Echolocation,/mnt/ubna_data_01/recover-20220822/UBNA_001/20220819_100000.WAV,recover-20220822,UBNA_001,Telephone Field
740.6585,740.6657,38359.0,46618.0,Pipistrellus nathusii,0.444,0.568,-1,Echolocation,/mnt/ubna_data_01/recover-20220822/UBNA_001/20220819_100000.WAV,recover-20220822,UBNA_001,Telephone Field
740.7705,740.7767,35781.0,53557.0,Pipistrellus nathusii,0.336,0.555,-1,Echolocation,/mnt/ubna_data_01/recover-20220822/UBNA_001/20220819_100000.WAV,recover-20220822,UBNA_001,Telephone Field
740.8795,740.8869,39218.0,47917.0,Pipistrellus nathusii,0.522,0.577,-1,Echolocation,/mnt/ubna_data_01/recover-20220822/UBNA_001/20220819_100000.WAV,recover-20220822,UBNA_001,Telephone Field
741.3785,741.3855,37500.0,47493.0,Pipistrellus nathusii,0.337,0.503,-1,Echolocation,/mnt/ubna_data_01/recover-20220822/UBNA_001/20220819_100000.WAV,recover-20220822,UBNA_001,Telephone Field
741.6685,741.6768,39218.0,53397.0,Pipistrellus nathusii,0.495,0.549,-1,Echolocation,/mnt/ubna_data_01/recover-20220822/UBNA_001/20220819_100000.WAV,recover-20220822,UBNA_001,Telephone Field
741.7695,741.7771,40937.0,55534.0,Pipistrellus nathusii,0.541,0.632,-1,Echolocation,/mnt/ubna_data_01/recover-20220822/UBNA_001/20220819_100000.WAV,recover-20220822,UBNA_001,Telephone Field
741.9405,741.9475,39218.0,53254.0,Pipistrellus nathusii,0.55,0.578,-1,Echolocation,/mnt/ubna_data_01/recover-20220822/UBNA_001/20220819_100000.WAV,recover-20220822,UBNA_001,Telephone Field
742.0475,742.0552,40078.0,59783.0,Pipistrellus nathusii,0.507,0.597,-1,Echolocation,/mnt/ubna_data_01/recover-20220822/UBNA_001/20220819_100000.WAV,recover-20220822,UBNA_001,Telephone Field
742.1445,742.1518,40937.0,57928.0,Pipistrellus nathusii,0.588,0.63,-1,Echolocation,/mnt/ubna_data_01/recover-20220822/UBNA_001/20220819_100000.WAV,recover-20220822,UBNA_001,Telephone Field
742.2385,742.2465,40078.0,61054.0,Pipistrellus nathusii,0.565,0.623,-1,Echolocation,/mnt/ubna_data_01/recover-20220822/UBNA_001/20220819_100000.WAV,recover-20220822,UBNA_001,Telephone Field
742.3375,742.3462,40078.0,64773.0,Pipistrellus nathusii,0.527,0.604,-1,Echolocation,/mnt/ubna_data_01/recover-20220822/UBNA_001/20220819_100000.WAV,recover-20220822,UBNA_001,Telephone Field
742.4465,742.4544,40078.0,60186.0,Pipistrellus nathusii,0.567,0.648,-1,Echolocation,/mnt/ubna_data_01/recover-20220822/UBNA_001/20220819_100000.WAV,recover-20220822,UBNA_001,Telephone Field
742.5505,742.5581999999999,40078.0,60396.0,Pipistrellus nathusii,0.51,0.573,-1,Echolocation,/mnt/ubna_data_01/recover-20220822/UBNA_001/20220819_100000.WAV,recover-20220822,UBNA_001,Telephone Field
742.6325,742.6395,39218.0,59280.0,Pipistrellus nathusii,0.505,0.629,-1,Echolocation,/mnt/ubna_data_01/recover-20220822/UBNA_001/20220819_100000.WAV,recover-20220822,UBNA_001,Telephone Field
743.3585,743.3661,40937.0,53133.0,Pipistrellus nathusii,0.45,0.535,-1,Echolocation,/mnt/ubna_data_01/recover-20220822/UBNA_001/20220819_100000.WAV,recover-20220822,UBNA_001,Telephone Field
743.5275,743.5356,40078.0,62335.0,Pipistrellus nathusii,0.524,0.611,-1,Echolocation,/mnt/ubna_data_01/recover-20220822/UBNA_001/20220819_100000.WAV,recover-20220822,UBNA_001,Telephone Field
743.6075,743.6154,39218.0,66166.0,Pipistrellus nathusii,0.431,0.546,-1,Echolocation,/mnt/ubna_data_01/recover-20220822/UBNA_001/20220819_100000.WAV,recover-20220822,UBNA_001,Telephone Field
743.6795,743.6881,40937.0,65469.0,Pipistrellus nathusii,0.536,0.596,-1,Echolocation,/mnt/ubna_data_01/recover-20220822/UBNA_001/20220819_100000.WAV,recover-20220822,UBNA_001,Telephone Field
743.7485,743.7555,40078.0,61347.0,Pipistrellus nathusii,0.372,0.501,-1,Echolocation,/mnt/ubna_data_01/recover-20220822/UBNA_001/20220819_100000.WAV,recover-20220822,UBNA_001,Telephone Field
743.7955,743.8043,40937.0,53414.0,Pipistrellus nathusii,0.541,0.598,-1,Echolocation,/mnt/ubna_data_01/recover-20220822/UBNA_001/20220819_100000.WAV,recover-20220822,UBNA_001,Telephone Field
743.8375,743.8462,40937.0,68247.0,Pipistrellus nathusii,0.531,0.592,-1,Echolocation,/mnt/ubna_data_01/recover-20220822/UBNA_001/20220819_100000.WAV,recover-20220822,UBNA_001,Telephone Field
743.9235,743.9311,39218.0,63901.0,Pipistrellus nathusii,0.551,0.611,-1,Echolocation,/mnt/ubna_data_01/recover-20220822/UBNA_001/20220819_100000.WAV,recover-20220822,UBNA_001,Telephone Field
743.9775,743.985,41796.0,54571.0,Pipistrellus nathusii,0.471,0.511,-1,Echolocation,/mnt/ubna_data_01/recover-20220822/UBNA_001/20220819_100000.WAV,recover-20220822,UBNA_001,Telephone Field
744.0175,744.0264999999999,40937.0,68730.0,Pipistrellus nathusii,0.409,0.551,-1,Echolocation,/mnt/ubna_data_01/recover-20220822/UBNA_001/20220819_100000.WAV,recover-20220822,UBNA_001,Telephone Field
744.0715,744.0818,41796.0,54737.0,Pipistrellus nathusii,0.482,0.539,-1,Echolocation,/mnt/ubna_data_01/recover-20220822/UBNA_001/20220819_100000.WAV,recover-20220822,UBNA_001,Telephone Field
744.1895,744.1979,41796.0,66720.0,Pipistrellus nathusii,0.369,0.544,-1,Echolocation,/mnt/ubna_data_01/recover-20220822/UBNA_001/20220819_100000.WAV,recover-20220822,UBNA_001,Telephone Field
744.2855,744.2939,39218.0,64799.0,Pipistrellus nathusii,0.452,0.559,-1,Echolocation,/mnt/ubna_data_01/recover-20220822/UBNA_001/20220819_100000.WAV,recover-20220822,UBNA_001,Telephone Field
744.6675,744.676,38359.0,63373.0,Pipistrellus nathusii,0.404,0.508,-1,Echolocation,/mnt/ubna_data_01/recover-20220822/UBNA_001/20220819_100000.WAV,recover-20220822,UBNA_001,Telephone Field
745.0755,745.0837,39218.0,66344.0,Pipistrellus nathusii,0.448,0.547,-1,Echolocation,/mnt/ubna_data_01/recover-20220822/UBNA_001/20220819_100000.WAV,recover-20220822,UBNA_001,Telephone Field
745.5415,745.55,39218.0,70607.0,Pipistrellus nathusii,0.451,0.54,-1,Echolocation,/mnt/ubna_data_01/recover-20220822/UBNA_001/20220819_100000.WAV,recover-20220822,UBNA_001,Telephone Field
745.6345,745.6421,39218.0,72602.0,Pipistrellus nathusii,0.456,0.522,-1,Echolocation,/mnt/ubna_data_01/recover-20220822/UBNA_001/20220819_100000.WAV,recover-20220822,UBNA_001,Telephone Field
745.7225,745.7301,39218.0,73499.0,Pipistrellus nathusii,0.452,0.531,-1,Echolocation,/mnt/ubna_data_01/recover-20220822/UBNA_001/20220819_100000.WAV,recover-20220822,UBNA_001,Telephone Field
745.8125,745.8201,40078.0,66488.0,Pipistrellus nathusii,0.409,0.524,-1,Echolocation,/mnt/ubna_data_01/recover-20220822/UBNA_001/20220819_100000.WAV,recover-20220822,UBNA_001,Telephone Field
746.0845,746.0914,38359.0,65496.0,Pipistrellus nathusii,0.519,0.571,-1,Echolocation,/mnt/ubna_data_01/recover-20220822/UBNA_001/20220819_100000.WAV,recover-20220822,UBNA_001,Telephone Field
746.6625,746.6707,37500.0,64587.0,Pipistrellus nathusii,0.517,0.576,-1,Echolocation,/mnt/ubna_data_01/recover-20220822/UBNA_001/20220819_100000.WAV,recover-20220822,UBNA_001,Telephone Field
746.7675,746.7755,39218.0,61897.0,Pipistrellus nathusii,0.592,0.657,-1,Echolocation,/mnt/ubna_data_01/recover-20220822/UBNA_001/20220819_100000.WAV,recover-20220822,UBNA_001,Telephone Field
746.9665,746.9736,34921.0,59580.0,Pipistrellus nathusii,0.338,0.523,-1,Echolocation,/mnt/ubna_data_01/recover-20220822/UBNA_001/20220819_100000.WAV,recover-20220822,UBNA_001,Telephone Field
747.0555,747.0626,35781.0,67598.0,Pipistrellus nathusii,0.308,0.501,-1,Echolocation,/mnt/ubna_data_01/recover-20220822/UBNA_001/20220819_100000.WAV,recover-20220822,UBNA_001,Telephone Field
747.3785,747.3869,37500.0,58913.0,Pipistrellus nathusii,0.493,0.585,-1,Echolocation,/mnt/ubna_data_01/recover-20220822/UBNA_001/20220819_100000.WAV,recover-20220822,UBNA_001,Telephone Field
747.5785,747.5852,34921.0,59167.0,Pipistrellus nathusii,0.331,0.524,-1,Echolocation,/mnt/ubna_data_01/recover-20220822/UBNA_001/20220819_100000.WAV,recover-20220822,UBNA_001,Telephone Field
747.6795,747.6867,36640.0,59720.0,Pipistrellus nathusii,0.397,0.531,-1,Echolocation,/mnt/ubna_data_01/recover-20220822/UBNA_001/20220819_100000.WAV,recover-20220822,UBNA_001,Telephone Field
747.7805,747.7873,38359.0,51585.0,Pipistrellus nathusii,0.36,0.54,-1,Echolocation,/mnt/ubna_data_01/recover-20220822/UBNA_001/20220819_100000.WAV,recover-20220822,UBNA_001,Telephone Field
748.7405,748.7469,35781.0,55959.0,Pipistrellus nathusii,0.383,0.584,-1,Echolocation,/mnt/ubna_data_01/recover-20220822/UBNA_001/20220819_100000.WAV,recover-20220822,UBNA_001,Telephone Field
748.8455,748.8517,38359.0,46607.0,Pipistrellus nathusii,0.41,0.533,-1,Echolocation,/mnt/ubna_data_01/recover-20220822/UBNA_001/20220819_100000.WAV,recover-20220822,UBNA_001,Telephone Field
749.2865,749.2916,36640.0,49438.0,Pipistrellus nathusii,0.333,0.555,-1,Echolocation,/mnt/ubna_data_01/recover-20220822/UBNA_001/20220819_100000.WAV,recover-20220822,UBNA_001,Telephone Field
749.6755,749.6817,36640.0,55936.0,Pipistrellus nathusii,0.327,0.562,-1,Echolocation,/mnt/ubna_data_01/recover-20220822/UBNA_001/20220819_100000.WAV,recover-20220822,UBNA_001,Telephone Field
750.2345,750.2416,40937.0,50871.0,Pipistrellus nathusii,0.521,0.549,-1,Echolocation,/mnt/ubna_data_01/recover-20220822/UBNA_001/20220819_100000.WAV,recover-20220822,UBNA_001,Telephone Field
750.4265,750.4325,40937.0,51540.0,Pipistrellus nathusii,0.5,0.534,-1,Echolocation,/mnt/ubna_data_01/recover-20220822/UBNA_001/20220819_100000.WAV,recover-20220822,UBNA_001,Telephone Field
750.5205,750.5281,40937.0,50662.0,Pipistrellus nathusii,0.465,0.503,-1,Echolocation,/mnt/ubna_data_01/recover-20220822/UBNA_001/20220819_100000.WAV,recover-20220822,UBNA_001,Telephone Field
750.7095,750.7177,40937.0,54548.0,Pipistrellus nathusii,0.486,0.542,-1,Echolocation,/mnt/ubna_data_01/recover-20220822/UBNA_001/20220819_100000.WAV,recover-20220822,UBNA_001,Telephone Field
750.8015,750.8092,40078.0,52560.0,Pipistrellus nathusii,0.511,0.557,-1,Echolocation,/mnt/ubna_data_01/recover-20220822/UBNA_001/20220819_100000.WAV,recover-20220822,UBNA_001,Telephone Field
750.9905,750.996,40937.0,53368.0,Pipistrellus nathusii,0.558,0.582,-1,Echolocation,/mnt/ubna_data_01/recover-20220822/UBNA_001/20220819_100000.WAV,recover-20220822,UBNA_001,Telephone Field
751.0785,751.0858,41796.0,54797.0,Pipistrellus nathusii,0.522,0.588,-1,Echolocation,/mnt/ubna_data_01/recover-20220822/UBNA_001/20220819_100000.WAV,recover-20220822,UBNA_001,Telephone Field
751.1735,751.1821,40937.0,50572.0,Pipistrellus nathusii,0.533,0.587,-1,Echolocation,/mnt/ubna_data_01/recover-20220822/UBNA_001/20220819_100000.WAV,recover-20220822,UBNA_001,Telephone Field
751.3425,751.3497,38359.0,56963.0,Pipistrellus nathusii,0.43,0.525,-1,Echolocation,/mnt/ubna_data_01/recover-20220822/UBNA_001/20220819_100000.WAV,recover-20220822,UBNA_001,Telephone Field
751.4825,751.489,38359.0,49930.0,Pipistrellus nathusii,0.352,0.521,-1,Echolocation,/mnt/ubna_data_01/recover-20220822/UBNA_001/20220819_100000.WAV,recover-20220822,UBNA_001,Telephone Field
751.7775,751.7852,40078.0,47288.0,Pipistrellus nathusii,0.441,0.542,-1,Echolocation,/mnt/ubna_data_01/recover-20220822/UBNA_001/20220819_100000.WAV,recover-20220822,UBNA_001,Telephone Field
753.0645,753.0722,41796.0,57368.0,Pipistrellus nathusii,0.487,0.57,-1,Echolocation,/mnt/ubna_data_01/recover-20220822/UBNA_001/20220819_100000.WAV,recover-20220822,UBNA_001,Telephone Field
753.8725,753.879,41796.0,53800.0,Pipistrellus nathusii,0.397,0.52,-1,Echolocation,/mnt/ubna_data_01/recover-20220822/UBNA_001/20220819_100000.WAV,recover-20220822,UBNA_001,Telephone Field
754.0395,754.0455,41796.0,54767.0,Pipistrellus nathusii,0.593,0.629,-1,Echolocation,/mnt/ubna_data_01/recover-20220822/UBNA_001/20220819_100000.WAV,recover-20220822,UBNA_001,Telephone Field
754.1175,754.1249,41796.0,62905.0,Pipistrellus nathusii,0.455,0.605,-1,Echolocation,/mnt/ubna_data_01/recover-20220822/UBNA_001/20220819_100000.WAV,recover-20220822,UBNA_001,Telephone Field
754.3885,754.3958,40078.0,59433.0,Pipistrellus nathusii,0.465,0.534,-1,Echolocation,/mnt/ubna_data_01/recover-20220822/UBNA_001/20220819_100000.WAV,recover-20220822,UBNA_001,Telephone Field
754.4745,754.4818,40078.0,57616.0,Pipistrellus nathusii,0.516,0.601,-1,Echolocation,/mnt/ubna_data_01/recover-20220822/UBNA_001/20220819_100000.WAV,recover-20220822,UBNA_001,Telephone Field
754.6625,754.6691,38359.0,62248.0,Pipistrellus nathusii,0.326,0.513,-1,Echolocation,/mnt/ubna_data_01/recover-20220822/UBNA_001/20220819_100000.WAV,recover-20220822,UBNA_001,Telephone Field
754.7645,754.7719,40078.0,54286.0,Pipistrellus nathusii,0.611,0.644,-1,Echolocation,/mnt/ubna_data_01/recover-20220822/UBNA_001/20220819_100000.WAV,recover-20220822,UBNA_001,Telephone Field
754.9555,754.9649,38359.0,57960.0,Pipistrellus nathusii,0.389,0.506,-1,Echolocation,/mnt/ubna_data_01/recover-20220822/UBNA_001/20220819_100000.WAV,recover-20220822,UBNA_001,Telephone Field
755.5085,755.5156,40078.0,51868.0,Pipistrellus nathusii,0.509,0.534,-1,Echolocation,/mnt/ubna_data_01/recover-20220822/UBNA_001/20220819_100000.WAV,recover-20220822,UBNA_001,Telephone Field
755.5555,755.5645,38359.0,60847.0,Pipistrellus nathusii,0.53,0.57,-1,Echolocation,/mnt/ubna_data_01/recover-20220822/UBNA_001/20220819_100000.WAV,recover-20220822,UBNA_001,Telephone Field
755.6515,755.6604,39218.0,60020.0,Pipistrellus nathusii,0.457,0.504,-1,Echolocation,/mnt/ubna_data_01/recover-20220822/UBNA_001/20220819_100000.WAV,recover-20220822,UBNA_001,Telephone Field
755.8455,755.8552999999999,40078.0,58821.0,Pipistrellus nathusii,0.471,0.584,-1,Echolocation,/mnt/ubna_data_01/recover-20220822/UBNA_001/20220819_100000.WAV,recover-20220822,UBNA_001,Telephone Field
755.9445,755.9536,40078.0,57980.0,Pipistrellus nathusii,0.436,0.588,-1,Echolocation,/mnt/ubna_data_01/recover-20220822/UBNA_001/20220819_100000.WAV,recover-20220822,UBNA_001,Telephone Field
756.0275,756.0334,40937.0,56881.0,Pipistrellus nathusii,0.514,0.543,-1,Echolocation,/mnt/ubna_data_01/recover-20220822/UBNA_001/20220819_100000.WAV,recover-20220822,UBNA_001,Telephone Field
756.0825,756.089,40937.0,64922.0,Pipistrellus nathusii,0.392,0.515,-1,Echolocation,/mnt/ubna_data_01/recover-20220822/UBNA_001/20220819_100000.WAV,recover-20220822,UBNA_001,Telephone Field
756.1855,756.1927,40937.0,63475.0,Pipistrellus nathusii,0.513,0.591,-1,Echolocation,/mnt/ubna_data_01/recover-20220822/UBNA_001/20220819_100000.WAV,recover-20220822,UBNA_001,Telephone Field
756.2875,756.2954,40078.0,57286.0,Pipistrellus nathusii,0.585,0.632,-1,Echolocation,/mnt/ubna_data_01/recover-20220822/UBNA_001/20220819_100000.WAV,recover-20220822,UBNA_001,Telephone Field
756.3795,756.3879,39218.0,63247.0,Pipistrellus nathusii,0.429,0.555,-1,Echolocation,/mnt/ubna_data_01/recover-20220822/UBNA_001/20220819_100000.WAV,recover-20220822,UBNA_001,Telephone Field
756.4755,756.4835,39218.0,66878.0,Pipistrellus nathusii,0.504,0.565,-1,Echolocation,/mnt/ubna_data_01/recover-20220822/UBNA_001/20220819_100000.WAV,recover-20220822,UBNA_001,Telephone Field
756.5865,756.5947,39218.0,54468.0,Pipistrellus nathusii,0.589,0.657,-1,Echolocation,/mnt/ubna_data_01/recover-20220822/UBNA_001/20220819_100000.WAV,recover-20220822,UBNA_001,Telephone Field
756.8875,756.8949,38359.0,56876.0,Pipistrellus nathusii,0.412,0.55,-1,Echolocation,/mnt/ubna_data_01/recover-20220822/UBNA_001/20220819_100000.WAV,recover-20220822,UBNA_001,Telephone Field
756.9895,756.9995,39218.0,63965.0,Pipistrellus nathusii,0.391,0.514,-1,Echolocation,/mnt/ubna_data_01/recover-20220822/UBNA_001/20220819_100000.WAV,recover-20220822,UBNA_001,Telephone Field
757.1795,757.1889,40078.0,60959.0,Pipistrellus nathusii,0.54,0.608,-1,Echolocation,/mnt/ubna_data_01/recover-20220822/UBNA_001/20220819_100000.WAV,recover-20220822,UBNA_001,Telephone Field
757.2795,757.2885,40078.0,55471.0,Pipistrellus nathusii,0.468,0.587,-1,Echolocation,/mnt/ubna_data_01/recover-20220822/UBNA_001/20220819_100000.WAV,recover-20220822,UBNA_001,Telephone Field
757.3735,757.382,38359.0,63174.0,Pipistrellus nathusii,0.478,0.562,-1,Echolocation,/mnt/ubna_data_01/recover-20220822/UBNA_001/20220819_100000.WAV,recover-20220822,UBNA_001,Telephone Field
757.4755,757.4838,37500.0,61955.0,Pipistrellus nathusii,0.439,0.538,-1,Echolocation,/mnt/ubna_data_01/recover-20220822/UBNA_001/20220819_100000.WAV,recover-20220822,UBNA_001,Telephone Field
758.0425,758.0507,40937.0,63623.0,Pipistrellus nathusii,0.468,0.533,-1,Echolocation,/mnt/ubna_data_01/recover-20220822/UBNA_001/20220819_100000.WAV,recover-20220822,UBNA_001,Telephone Field
759.0585,759.0645,41796.0,51085.0,Pipistrellus nathusii,0.52,0.574,-1,Echolocation,/mnt/ubna_data_01/recover-20220822/UBNA_001/20220819_100000.WAV,recover-20220822,UBNA_001,Telephone Field
759.6605,759.6662,40937.0,54532.0,Pipistrellus nathusii,0.424,0.539,-1,Echolocation,/mnt/ubna_data_01/recover-20220822/UBNA_001/20220819_100000.WAV,recover-20220822,UBNA_001,Telephone Field
759.7055,759.7112,44375.0,53079.0,Pipistrellus pipistrellus,0.409,0.512,-1,Echolocation,/mnt/ubna_data_01/recover-20220822/UBNA_001/20220819_100000.WAV,recover-20220822,UBNA_001,Telephone Field
759.7815,759.7872,43515.0,53651.0,Pipistrellus nathusii,0.425,0.567,-1,Echolocation,/mnt/ubna_data_01/recover-20220822/UBNA_001/20220819_100000.WAV,recover-20220822,UBNA_001,Telephone Field
760.0165,760.0243,40937.0,56947.0,Pipistrellus nathusii,0.375,0.528,-1,Echolocation,/mnt/ubna_data_01/recover-20220822/UBNA_001/20220819_100000.WAV,recover-20220822,UBNA_001,Telephone Field
760.1075,760.1164,40078.0,61331.0,Pipistrellus nathusii,0.442,0.54,-1,Echolocation,/mnt/ubna_data_01/recover-20220822/UBNA_001/20220819_100000.WAV,recover-20220822,UBNA_001,Telephone Field
761.1905,761.1981,39218.0,66659.0,Pipistrellus nathusii,0.418,0.51,-1,Echolocation,/mnt/ubna_data_01/recover-20220822/UBNA_001/20220819_100000.WAV,recover-20220822,UBNA_001,Telephone Field
761.4005,761.4075,39218.0,53850.0,Pipistrellus nathusii,0.502,0.584,-1,Echolocation,/mnt/ubna_data_01/recover-20220822/UBNA_001/20220819_100000.WAV,recover-20220822,UBNA_001,Telephone Field
761.5005,761.5081,38359.0,65480.0,Pipistrellus nathusii,0.49,0.543,-1,Echolocation,/mnt/ubna_data_01/recover-20220822/UBNA_001/20220819_100000.WAV,recover-20220822,UBNA_001,Telephone Field
761.5885,761.5963,40078.0,70245.0,Pipistrellus nathusii,0.448,0.523,-1,Echolocation,/mnt/ubna_data_01/recover-20220822/UBNA_001/20220819_100000.WAV,recover-20220822,UBNA_001,Telephone Field
761.7255,761.7334,39218.0,53598.0,Pipistrellus nathusii,0.462,0.587,-1,Echolocation,/mnt/ubna_data_01/recover-20220822/UBNA_001/20220819_100000.WAV,recover-20220822,UBNA_001,Telephone Field
761.8165,761.8235,35781.0,62513.0,Pipistrellus nathusii,0.282,0.548,-1,Echolocation,/mnt/ubna_data_01/recover-20220822/UBNA_001/20220819_100000.WAV,recover-20220822,UBNA_001,Telephone Field
762.0305,762.0386,40078.0,53735.0,Pipistrellus nathusii,0.55,0.654,-1,Echolocation,/mnt/ubna_data_01/recover-20220822/UBNA_001/20220819_100000.WAV,recover-20220822,UBNA_001,Telephone Field
762.1325,762.1399,38359.0,51458.0,Pipistrellus nathusii,0.527,0.623,-1,Echolocation,/mnt/ubna_data_01/recover-20220822/UBNA_001/20220819_100000.WAV,recover-20220822,UBNA_001,Telephone Field
762.2115,762.2168,35781.0,55865.0,Pipistrellus nathusii,0.281,0.529,-1,Echolocation,/mnt/ubna_data_01/recover-20220822/UBNA_001/20220819_100000.WAV,recover-20220822,UBNA_001,Telephone Field
762.2865,762.2925,36640.0,53545.0,Pipistrellus nathusii,0.251,0.517,-1,Echolocation,/mnt/ubna_data_01/recover-20220822/UBNA_001/20220819_100000.WAV,recover-20220822,UBNA_001,Telephone Field
763.2565,763.2628,41796.0,64466.0,Pipistrellus nathusii,0.328,0.563,-1,Echolocation,/mnt/ubna_data_01/recover-20220822/UBNA_001/20220819_100000.WAV,recover-20220822,UBNA_001,Telephone Field
763.6265,763.633,36640.0,64528.0,Pipistrellus nathusii,0.343,0.553,-1,Echolocation,/mnt/ubna_data_01/recover-20220822/UBNA_001/20220819_100000.WAV,recover-20220822,UBNA_001,Telephone Field
763.9385,763.9466,37500.0,63740.0,Pipistrellus nathusii,0.445,0.554,-1,Echolocation,/mnt/ubna_data_01/recover-20220822/UBNA_001/20220819_100000.WAV,recover-20220822,UBNA_001,Telephone Field
764.0455,764.0535,40078.0,58680.0,Pipistrellus nathusii,0.588,0.644,-1,Echolocation,/mnt/ubna_data_01/recover-20220822/UBNA_001/20220819_100000.WAV,recover-20220822,UBNA_001,Telephone Field
764.1455,764.1536,39218.0,64051.0,Pipistrellus nathusii,0.469,0.574,-1,Echolocation,/mnt/ubna_data_01/recover-20220822/UBNA_001/20220819_100000.WAV,recover-20220822,UBNA_001,Telephone Field
764.3165,764.3236,36640.0,69943.0,Pipistrellus nathusii,0.35,0.554,-1,Echolocation,/mnt/ubna_data_01/recover-20220822/UBNA_001/20220819_100000.WAV,recover-20220822,UBNA_001,Telephone Field
764.3945,764.4014,35781.0,65757.0,Pipistrellus nathusii,0.282,0.538,-1,Echolocation,/mnt/ubna_data_01/recover-20220822/UBNA_001/20220819_100000.WAV,recover-20220822,UBNA_001,Telephone Field
764.5105,764.5171,36640.0,65246.0,Pipistrellus nathusii,0.259,0.526,-1,Echolocation,/mnt/ubna_data_01/recover-20220822/UBNA_001/20220819_100000.WAV,recover-20220822,UBNA_001,Telephone Field
766.0305,766.0371,35781.0,65117.0,Pipistrellus nathusii,0.444,0.511,-1,Echolocation,/mnt/ubna_data_01/recover-20220822/UBNA_001/20220819_100000.WAV,recover-20220822,UBNA_001,Telephone Field
766.1285,766.1368,37500.0,57169.0,Pipistrellus nathusii,0.482,0.606,-1,Echolocation,/mnt/ubna_data_01/recover-20220822/UBNA_001/20220819_100000.WAV,recover-20220822,UBNA_001,Telephone Field
766.2265,766.2351,38359.0,61043.0,Pipistrellus nathusii,0.51,0.602,-1,Echolocation,/mnt/ubna_data_01/recover-20220822/UBNA_001/20220819_100000.WAV,recover-20220822,UBNA_001,Telephone Field
766.5115,766.5185,37500.0,59403.0,Pipistrellus nathusii,0.454,0.561,-1,Echolocation,/mnt/ubna_data_01/recover-20220822/UBNA_001/20220819_100000.WAV,recover-20220822,UBNA_001,Telephone Field
766.6115,766.62,39218.0,55624.0,Pipistrellus nathusii,0.508,0.623,-1,Echolocation,/mnt/ubna_data_01/recover-20220822/UBNA_001/20220819_100000.WAV,recover-20220822,UBNA_001,Telephone Field
766.7105,766.7196,38359.0,56764.0,Pipistrellus nathusii,0.441,0.568,-1,Echolocation,/mnt/ubna_data_01/recover-20220822/UBNA_001/20220819_100000.WAV,recover-20220822,UBNA_001,Telephone Field
766.7945,766.8034,39218.0,52204.0,Pipistrellus nathusii,0.432,0.545,-1,Echolocation,/mnt/ubna_data_01/recover-20220822/UBNA_001/20220819_100000.WAV,recover-20220822,UBNA_001,Telephone Field
767.2175,767.223,40937.0,58054.0,Pipistrellus nathusii,0.353,0.51,-1,Echolocation,/mnt/ubna_data_01/recover-20220822/UBNA_001/20220819_100000.WAV,recover-20220822,UBNA_001,Telephone Field
767.3155,767.3209,41796.0,54513.0,Pipistrellus nathusii,0.545,0.612,-1,Echolocation,/mnt/ubna_data_01/recover-20220822/UBNA_001/20220819_100000.WAV,recover-20220822,UBNA_001,Telephone Field
767.4115,767.4177,40078.0,60185.0,Pipistrellus nathusii,0.516,0.588,-1,Echolocation,/mnt/ubna_data_01/recover-20220822/UBNA_001/20220819_100000.WAV,recover-20220822,UBNA_001,Telephone Field
767.5195,767.5267,42656.0,57206.0,Pipistrellus nathusii,0.413,0.516,-1,Echolocation,/mnt/ubna_data_01/recover-20220822/UBNA_001/20220819_100000.WAV,recover-20220822,UBNA_001,Telephone Field
768.3795,768.3868,41796.0,57511.0,Pipistrellus nathusii,0.404,0.504,-1,Echolocation,/mnt/ubna_data_01/recover-20220822/UBNA_001/20220819_100000.WAV,recover-20220822,UBNA_001,Telephone Field
768.7005,768.7091,40937.0,50731.0,Pipistrellus nathusii,0.482,0.509,-1,Echolocation,/mnt/ubna_data_01/recover-20220822/UBNA_001/20220819_100000.WAV,recover-20220822,UBNA_001,Telephone Field
768.8055,768.8143,40078.0,49007.0,Pipistrellus nathusii,0.459,0.518,-1,Echolocation,/mnt/ubna_data_01/recover-20220822/UBNA_001/20220819_100000.WAV,recover-20220822,UBNA_001,Telephone Field
769.0835,769.0916,40078.0,48993.0,Pipistrellus nathusii,0.424,0.513,-1,Echolocation,/mnt/ubna_data_01/recover-20220822/UBNA_001/20220819_100000.WAV,recover-20220822,UBNA_001,Telephone Field
769.1825,769.1904,39218.0,50825.0,Pipistrellus nathusii,0.514,0.581,-1,Echolocation,/mnt/ubna_data_01/recover-20220822/UBNA_001/20220819_100000.WAV,recover-20220822,UBNA_001,Telephone Field
769.2855,769.293,39218.0,50986.0,Pipistrellus nathusii,0.36,0.518,-1,Echolocation,/mnt/ubna_data_01/recover-20220822/UBNA_001/20220819_100000.WAV,recover-20220822,UBNA_001,Telephone Field
771.3275,771.3347,40937.0,58731.0,Pipistrellus nathusii,0.529,0.577,-1,Echolocation,/mnt/ubna_data_01/recover-20220822/UBNA_001/20220819_100000.WAV,recover-20220822,UBNA_001,Telephone Field
771.4305,771.4384,40937.0,55075.0,Pipistrellus nathusii,0.574,0.634,-1,Echolocation,/mnt/ubna_data_01/recover-20220822/UBNA_001/20220819_100000.WAV,recover-20220822,UBNA_001,Telephone Field
771.6315,771.6402,40078.0,59432.0,Pipistrellus nathusii,0.398,0.504,-1,Echolocation,/mnt/ubna_data_01/recover-20220822/UBNA_001/20220819_100000.WAV,recover-20220822,UBNA_001,Telephone Field
771.8255,771.8352,40937.0,59350.0,Pipistrellus nathusii,0.441,0.572,-1,Echolocation,/mnt/ubna_data_01/recover-20220822/UBNA_001/20220819_100000.WAV,recover-20220822,UBNA_001,Telephone Field
771.9245,771.9354,39218.0,58159.0,Pipistrellus nathusii,0.445,0.56,-1,Echolocation,/mnt/ubna_data_01/recover-20220822/UBNA_001/20220819_100000.WAV,recover-20220822,UBNA_001,Telephone Field
772.0225,772.0323,40078.0,61133.0,Pipistrellus nathusii,0.462,0.575,-1,Echolocation,/mnt/ubna_data_01/recover-20220822/UBNA_001/20220819_100000.WAV,recover-20220822,UBNA_001,Telephone Field
772.1265,772.1368,39218.0,60186.0,Pipistrellus nathusii,0.438,0.568,-1,Echolocation,/mnt/ubna_data_01/recover-20220822/UBNA_001/20220819_100000.WAV,recover-20220822,UBNA_001,Telephone Field
772.2315,772.241,39218.0,56028.0,Pipistrellus nathusii,0.55,0.654,-1,Echolocation,/mnt/ubna_data_01/recover-20220822/UBNA_001/20220819_100000.WAV,recover-20220822,UBNA_001,Telephone Field
772.3335,772.3443,38359.0,58869.0,Pipistrellus nathusii,0.399,0.533,-1,Echolocation,/mnt/ubna_data_01/recover-20220822/UBNA_001/20220819_100000.WAV,recover-20220822,UBNA_001,Telephone Field
772.4405,772.4503,37500.0,56403.0,Pipistrellus nathusii,0.389,0.525,-1,Echolocation,/mnt/ubna_data_01/recover-20220822/UBNA_001/20220819_100000.WAV,recover-20220822,UBNA_001,Telephone Field
772.6535,772.6615,37500.0,53443.0,Pipistrellus nathusii,0.506,0.612,-1,Echolocation,/mnt/ubna_data_01/recover-20220822/UBNA_001/20220819_100000.WAV,recover-20220822,UBNA_001,Telephone Field
772.8655,772.8742,37500.0,65364.0,Pipistrellus nathusii,0.492,0.553,-1,Echolocation,/mnt/ubna_data_01/recover-20220822/UBNA_001/20220819_100000.WAV,recover-20220822,UBNA_001,Telephone Field
773.0785,773.0852,35781.0,62348.0,Pipistrellus nathusii,0.35,0.536,-1,Echolocation,/mnt/ubna_data_01/recover-20220822/UBNA_001/20220819_100000.WAV,recover-20220822,UBNA_001,Telephone Field
773.1835,773.1892,37500.0,57070.0,Pipistrellus nathusii,0.355,0.507,-1,Echolocation,/mnt/ubna_data_01/recover-20220822/UBNA_001/20220819_100000.WAV,recover-20220822,UBNA_001,Telephone Field
773.2905,773.2989,37500.0,63022.0,Pipistrellus nathusii,0.443,0.537,-1,Echolocation,/mnt/ubna_data_01/recover-20220822/UBNA_001/20220819_100000.WAV,recover-20220822,UBNA_001,Telephone Field
773.4035,773.4118,39218.0,58813.0,Pipistrellus nathusii,0.562,0.638,-1,Echolocation,/mnt/ubna_data_01/recover-20220822/UBNA_001/20220819_100000.WAV,recover-20220822,UBNA_001,Telephone Field
773.5115,773.5188,40078.0,59650.0,Pipistrellus nathusii,0.638,0.672,-1,Echolocation,/mnt/ubna_data_01/recover-20220822/UBNA_001/20220819_100000.WAV,recover-20220822,UBNA_001,Telephone Field
773.6185,773.6278,40078.0,54203.0,Pipistrellus nathusii,0.471,0.601,-1,Echolocation,/mnt/ubna_data_01/recover-20220822/UBNA_001/20220819_100000.WAV,recover-20220822,UBNA_001,Telephone Field
773.7155,773.7241,37500.0,59748.0,Pipistrellus nathusii,0.473,0.558,-1,Echolocation,/mnt/ubna_data_01/recover-20220822/UBNA_001/20220819_100000.WAV,recover-20220822,UBNA_001,Telephone Field
773.8145,773.8222,36640.0,62621.0,Pipistrellus nathusii,0.344,0.522,-1,Echolocation,/mnt/ubna_data_01/recover-20220822/UBNA_001/20220819_100000.WAV,recover-20220822,UBNA_001,Telephone Field
773.9675,773.9759,37500.0,53576.0,Pipistrellus nathusii,0.482,0.566,-1,Echolocation,/mnt/ubna_data_01/recover-20220822/UBNA_001/20220819_100000.WAV,recover-20220822,UBNA_001,Telephone Field
774.1445,774.1527,37500.0,57229.0,Pipistrellus nathusii,0.462,0.526,-1,Echolocation,/mnt/ubna_data_01/recover-20220822/UBNA_001/20220819_100000.WAV,recover-20220822,UBNA_001,Telephone Field
774.3225,774.3289,42656.0,49789.0,Pipistrellus nathusii,0.483,0.504,-1,Echolocation,/mnt/ubna_data_01/recover-20220822/UBNA_001/20220819_100000.WAV,recover-20220822,UBNA_001,Telephone Field
774.5675,774.5753,39218.0,58132.0,Pipistrellus nathusii,0.553,0.621,-1,Echolocation,/mnt/ubna_data_01/recover-20220822/UBNA_001/20220819_100000.WAV,recover-20220822,UBNA_001,Telephone Field
774.6745,774.6825,38359.0,49860.0,Pipistrellus nathusii,0.482,0.565,-1,Echolocation,/mnt/ubna_data_01/recover-20220822/UBNA_001/20220819_100000.WAV,recover-20220822,UBNA_001,Telephone Field
774.7735,774.7807,40078.0,48868.0,Pipistrellus nathusii,0.612,0.65,-1,Echolocation,/mnt/ubna_data_01/recover-20220822/UBNA_001/20220819_100000.WAV,recover-20220822,UBNA_001,Telephone Field
774.8695,774.8776,38359.0,50856.0,Pipistrellus nathusii,0.555,0.624,-1,Echolocation,/mnt/ubna_data_01/recover-20220822/UBNA_001/20220819_100000.WAV,recover-20220822,UBNA_001,Telephone Field
774.9675,774.9745,40078.0,48899.0,Pipistrellus nathusii,0.453,0.518,-1,Echolocation,/mnt/ubna_data_01/recover-20220822/UBNA_001/20220819_100000.WAV,recover-20220822,UBNA_001,Telephone Field
775.0705,775.0779,39218.0,47019.0,Pipistrellus nathusii,0.481,0.549,-1,Echolocation,/mnt/ubna_data_01/recover-20220822/UBNA_001/20220819_100000.WAV,recover-20220822,UBNA_001,Telephone Field
775.1685,775.1761,37500.0,55751.0,Pipistrellus nathusii,0.561,0.639,-1,Echolocation,/mnt/ubna_data_01/recover-20220822/UBNA_001/20220819_100000.WAV,recover-20220822,UBNA_001,Telephone Field
775.2685,775.2755,41796.0,48061.0,Pipistrellus nathusii,0.577,0.6,-1,Echolocation,/mnt/ubna_data_01/recover-20220822/UBNA_001/20220819_100000.WAV,recover-20220822,UBNA_001,Telephone Field
775.3475,775.3537,40078.0,47338.0,Pipistrellus nathusii,0.486,0.515,-1,Echolocation,/mnt/ubna_data_01/recover-20220822/UBNA_001/20220819_100000.WAV,recover-20220822,UBNA_001,Telephone Field
775.9305,775.9369,41796.0,57967.0,Pipistrellus nathusii,0.552,0.582,-1,Echolocation,/mnt/ubna_data_01/recover-20220822/UBNA_001/20220819_100000.WAV,recover-20220822,UBNA_001,Telephone Field
776.2785,776.2861,40937.0,52654.0,Pipistrellus nathusii,0.646,0.656,-1,Echolocation,/mnt/ubna_data_01/recover-20220822/UBNA_001/20220819_100000.WAV,recover-20220822,UBNA_001,Telephone Field
776.4595,776.467,40078.0,50810.0,Pipistrellus nathusii,0.494,0.531,-1,Echolocation,/mnt/ubna_data_01/recover-20220822/UBNA_001/20220819_100000.WAV,recover-20220822,UBNA_001,Telephone Field
776.9305,776.9372,40078.0,66282.0,Pipistrellus nathusii,0.41,0.536,-1,Echolocation,/mnt/ubna_data_01/recover-20220822/UBNA_001/20220819_100000.WAV,recover-20220822,UBNA_001,Telephone Field
777.4615,777.4683,42656.0,56233.0,Pipistrellus nathusii,0.294,0.507,-1,Echolocation,/mnt/ubna_data_01/recover-20220822/UBNA_001/20220819_100000.WAV,recover-20220822,UBNA_001,Telephone Field
777.5385,777.5458,40937.0,65207.0,Pipistrellus nathusii,0.407,0.582,-1,Echolocation,/mnt/ubna_data_01/recover-20220822/UBNA_001/20220819_100000.WAV,recover-20220822,UBNA_001,Telephone Field
777.6265,777.6343,40937.0,58668.0,Pipistrellus nathusii,0.469,0.572,-1,Echolocation,/mnt/ubna_data_01/recover-20220822/UBNA_001/20220819_100000.WAV,recover-20220822,UBNA_001,Telephone Field
778.0575,778.0661,40937.0,60418.0,Pipistrellus nathusii,0.511,0.66,-1,Echolocation,/mnt/ubna_data_01/recover-20220822/UBNA_001/20220819_100000.WAV,recover-20220822,UBNA_001,Telephone Field
778.2495,778.2576,38359.0,60800.0,Pipistrellus nathusii,0.517,0.579,-1,Echolocation,/mnt/ubna_data_01/recover-20220822/UBNA_001/20220819_100000.WAV,recover-20220822,UBNA_001,Telephone Field
778.3575,778.3676,40078.0,54698.0,Pipistrellus nathusii,0.524,0.604,-1,Echolocation,/mnt/ubna_data_01/recover-20220822/UBNA_001/20220819_100000.WAV,recover-20220822,UBNA_001,Telephone Field
778.3825,778.3896,42656.0,52929.0,Pipistrellus nathusii,0.494,0.528,-1,Echolocation,/mnt/ubna_data_01/recover-20220822/UBNA_001/20220819_100000.WAV,recover-20220822,UBNA_001,Telephone Field
778.4585,778.466,35781.0,62647.0,Pipistrellus nathusii,0.51,0.593,-1,Echolocation,/mnt/ubna_data_01/recover-20220822/UBNA_001/20220819_100000.WAV,recover-20220822,UBNA_001,Telephone Field
778.5615,778.5708,38359.0,56716.0,Pipistrellus nathusii,0.49,0.522,-1,Echolocation,/mnt/ubna_data_01/recover-20220822/UBNA_001/20220819_100000.WAV,recover-20220822,UBNA_001,Telephone Field
778.6355,778.643,40078.0,61155.0,Pipistrellus nathusii,0.615,0.638,-1,Echolocation,/mnt/ubna_data_01/recover-20220822/UBNA_001/20220819_100000.WAV,recover-20220822,UBNA_001,Telephone Field
779.2125,779.2199,40937.0,57837.0,Pipistrellus nathusii,0.572,0.617,-1,Echolocation,/mnt/ubna_data_01/recover-20220822/UBNA_001/20220819_100000.WAV,recover-20220822,UBNA_001,Telephone Field
779.2995,779.3066,38359.0,58080.0,Pipistrellus nathusii,0.571,0.622,-1,Echolocation,/mnt/ubna_data_01/recover-20220822/UBNA_001/20220819_100000.WAV,recover-20220822,UBNA_001,Telephone Field
779.3915,779.401,39218.0,51336.0,Pipistrellus nathusii,0.53,0.631,-1,Echolocation,/mnt/ubna_data_01/recover-20220822/UBNA_001/20220819_100000.WAV,recover-20220822,UBNA_001,Telephone Field
779.9105,779.9168999999999,40937.0,51334.0,Pipistrellus nathusii,0.68,0.693,-1,Echolocation,/mnt/ubna_data_01/recover-20220822/UBNA_001/20220819_100000.WAV,recover-20220822,UBNA_001,Telephone Field
780.2795,780.285,41796.0,62166.0,Pipistrellus nathusii,0.515,0.541,-1,Echolocation,/mnt/ubna_data_01/recover-20220822/UBNA_001/20220819_100000.WAV,recover-20220822,UBNA_001,Telephone Field
780.3585,780.3641,40937.0,64865.0,Pipistrellus nathusii,0.417,0.529,-1,Echolocation,/mnt/ubna_data_01/recover-20220822/UBNA_001/20220819_100000.WAV,recover-20220822,UBNA_001,Telephone Field
780.4475,780.4543,39218.0,58441.0,Pipistrellus nathusii,0.588,0.637,-1,Echolocation,/mnt/ubna_data_01/recover-20220822/UBNA_001/20220819_100000.WAV,recover-20220822,UBNA_001,Telephone Field
780.5475,780.5557,40078.0,56969.0,Pipistrellus nathusii,0.558,0.651,-1,Echolocation,/mnt/ubna_data_01/recover-20220822/UBNA_001/20220819_100000.WAV,recover-20220822,UBNA_001,Telephone Field
780.6405,780.6474,38359.0,65707.0,Pipistrellus nathusii,0.592,0.623,-1,Echolocation,/mnt/ubna_data_01/recover-20220822/UBNA_001/20220819_100000.WAV,recover-20220822,UBNA_001,Telephone Field
780.7335,780.7422,38359.0,66560.0,Pipistrellus nathusii,0.632,0.682,-1,Echolocation,/mnt/ubna_data_01/recover-20220822/UBNA_001/20220819_100000.WAV,recover-20220822,UBNA_001,Telephone Field
780.8325,780.8403,40937.0,57001.0,Pipistrellus nathusii,0.583,0.677,-1,Echolocation,/mnt/ubna_data_01/recover-20220822/UBNA_001/20220819_100000.WAV,recover-20220822,UBNA_001,Telephone Field
780.9245,780.9328,38359.0,59004.0,Pipistrellus nathusii,0.607,0.664,-1,Echolocation,/mnt/ubna_data_01/recover-20220822/UBNA_001/20220819_100000.WAV,recover-20220822,UBNA_001,Telephone Field
781.0895,781.0974,39218.0,66963.0,Pipistrellus nathusii,0.601,0.653,-1,Echolocation,/mnt/ubna_data_01/recover-20220822/UBNA_001/20220819_100000.WAV,recover-20220822,UBNA_001,Telephone Field
781.1865,781.1964,39218.0,57371.0,Pipistrellus nathusii,0.538,0.581,-1,Echolocation,/mnt/ubna_data_01/recover-20220822/UBNA_001/20220819_100000.WAV,recover-20220822,UBNA_001,Telephone Field
781.3535,781.3614,40078.0,46913.0,Pipistrellus nathusii,0.539,0.561,-1,Echolocation,/mnt/ubna_data_01/recover-20220822/UBNA_001/20220819_100000.WAV,recover-20220822,UBNA_001,Telephone Field
781.9875,781.9966,39218.0,56734.0,Pipistrellus nathusii,0.523,0.602,-1,Echolocation,/mnt/ubna_data_01/recover-20220822/UBNA_001/20220819_100000.WAV,recover-20220822,UBNA_001,Telephone Field
782.1725,782.1805,37500.0,54240.0,Pipistrellus nathusii,0.494,0.571,-1,Echolocation,/mnt/ubna_data_01/recover-20220822/UBNA_001/20220819_100000.WAV,recover-20220822,UBNA_001,Telephone Field
782.2725,782.2797,39218.0,50628.0,Pipistrellus nathusii,0.511,0.549,-1,Echolocation,/mnt/ubna_data_01/recover-20220822/UBNA_001/20220819_100000.WAV,recover-20220822,UBNA_001,Telephone Field
782.4585,782.4667,37500.0,58664.0,Pipistrellus nathusii,0.473,0.578,-1,Echolocation,/mnt/ubna_data_01/recover-20220822/UBNA_001/20220819_100000.WAV,recover-20220822,UBNA_001,Telephone Field
782.5595,782.5694,38359.0,62129.0,Pipistrellus nathusii,0.48,0.591,-1,Echolocation,/mnt/ubna_data_01/recover-20220822/UBNA_001/20220819_100000.WAV,recover-20220822,UBNA_001,Telephone Field
782.6615,782.6714,39218.0,50853.0,Pipistrellus nathusii,0.576,0.633,-1,Echolocation,/mnt/ubna_data_01/recover-20220822/UBNA_001/20220819_100000.WAV,recover-20220822,UBNA_001,Telephone Field
782.8435,782.8526,38359.0,56323.0,Pipistrellus nathusii,0.449,0.528,-1,Echolocation,/mnt/ubna_data_01/recover-20220822/UBNA_001/20220819_100000.WAV,recover-20220822,UBNA_001,Telephone Field
782.9575,782.9656,39218.0,54393.0,Pipistrellus nathusii,0.529,0.608,-1,Echolocation,/mnt/ubna_data_01/recover-20220822/UBNA_001/20220819_100000.WAV,recover-20220822,UBNA_001,Telephone Field
783.0635,783.0732,37500.0,62195.0,Pipistrellus nathusii,0.443,0.512,-1,Echolocation,/mnt/ubna_data_01/recover-20220822/UBNA_001/20220819_100000.WAV,recover-20220822,UBNA_001,Telephone Field
783.1805,783.1888,38359.0,49709.0,Pipistrellus nathusii,0.466,0.571,-1,Echolocation,/mnt/ubna_data_01/recover-20220822/UBNA_001/20220819_100000.WAV,recover-20220822,UBNA_001,Telephone Field
783.2535,783.262,41796.0,52139.0,Pipistrellus nathusii,0.476,0.514,-1,Echolocation,/mnt/ubna_data_01/recover-20220822/UBNA_001/20220819_100000.WAV,recover-20220822,UBNA_001,Telephone Field
783.3755,783.3816,36640.0,53967.0,Pipistrellus nathusii,0.418,0.583,-1,Echolocation,/mnt/ubna_data_01/recover-20220822/UBNA_001/20220819_100000.WAV,recover-20220822,UBNA_001,Telephone Field
783.4525,783.4607,41796.0,51086.0,Pipistrellus nathusii,0.578,0.59,-1,Echolocation,/mnt/ubna_data_01/recover-20220822/UBNA_001/20220819_100000.WAV,recover-20220822,UBNA_001,Telephone Field
783.5825,783.5909,36640.0,57617.0,Pipistrellus nathusii,0.404,0.542,-1,Echolocation,/mnt/ubna_data_01/recover-20220822/UBNA_001/20220819_100000.WAV,recover-20220822,UBNA_001,Telephone Field
783.7965,783.8059,40937.0,50089.0,Pipistrellus nathusii,0.527,0.558,-1,Echolocation,/mnt/ubna_data_01/recover-20220822/UBNA_001/20220819_100000.WAV,recover-20220822,UBNA_001,Telephone Field
783.8995,783.9086,38359.0,56550.0,Pipistrellus nathusii,0.465,0.535,-1,Echolocation,/mnt/ubna_data_01/recover-20220822/UBNA_001/20220819_100000.WAV,recover-20220822,UBNA_001,Telephone Field
784.3505,784.3575,40937.0,50049.0,Pipistrellus nathusii,0.483,0.531,-1,Echolocation,/mnt/ubna_data_01/recover-20220822/UBNA_001/20220819_100000.WAV,recover-20220822,UBNA_001,Telephone Field
784.8665,784.8743,40078.0,53212.0,Pipistrellus nathusii,0.435,0.551,-1,Echolocation,/mnt/ubna_data_01/recover-20220822/UBNA_001/20220819_100000.WAV,recover-20220822,UBNA_001,Telephone Field
784.9615,784.9696,39218.0,58779.0,Pipistrellus nathusii,0.46,0.555,-1,Echolocation,/mnt/ubna_data_01/recover-20220822/UBNA_001/20220819_100000.WAV,recover-20220822,UBNA_001,Telephone Field
785.1365,785.1458,39218.0,59295.0,Pipistrellus nathusii,0.396,0.513,-1,Echolocation,/mnt/ubna_data_01/recover-20220822/UBNA_001/20220819_100000.WAV,recover-20220822,UBNA_001,Telephone Field
785.2305,785.2399,37500.0,60167.0,Pipistrellus nathusii,0.401,0.505,-1,Echolocation,/mnt/ubna_data_01/recover-20220822/UBNA_001/20220819_100000.WAV,recover-20220822,UBNA_001,Telephone Field
785.4265,785.4353,38359.0,59014.0,Pipistrellus nathusii,0.44,0.534,-1,Echolocation,/mnt/ubna_data_01/recover-20220822/UBNA_001/20220819_100000.WAV,recover-20220822,UBNA_001,Telephone Field
785.5285,785.5378,38359.0,53170.0,Pipistrellus nathusii,0.407,0.504,-1,Echolocation,/mnt/ubna_data_01/recover-20220822/UBNA_001/20220819_100000.WAV,recover-20220822,UBNA_001,Telephone Field
785.7225,785.7332,38359.0,57377.0,Pipistrellus nathusii,0.483,0.582,-1,Echolocation,/mnt/ubna_data_01/recover-20220822/UBNA_001/20220819_100000.WAV,recover-20220822,UBNA_001,Telephone Field
785.8225,785.8309,40078.0,55221.0,Pipistrellus nathusii,0.432,0.551,-1,Echolocation,/mnt/ubna_data_01/recover-20220822/UBNA_001/20220819_100000.WAV,recover-20220822,UBNA_001,Telephone Field
786.0115,786.0196,38359.0,54761.0,Pipistrellus nathusii,0.476,0.58,-1,Echolocation,/mnt/ubna_data_01/recover-20220822/UBNA_001/20220819_100000.WAV,recover-20220822,UBNA_001,Telephone Field
786.1085,786.1161,38359.0,47855.0,Pipistrellus nathusii,0.369,0.551,-1,Echolocation,/mnt/ubna_data_01/recover-20220822/UBNA_001/20220819_100000.WAV,recover-20220822,UBNA_001,Telephone Field
786.2905,786.2988,35781.0,56965.0,Pipistrellus nathusii,0.483,0.567,-1,Echolocation,/mnt/ubna_data_01/recover-20220822/UBNA_001/20220819_100000.WAV,recover-20220822,UBNA_001,Telephone Field
786.3875,786.3968,37500.0,52002.0,Pipistrellus nathusii,0.396,0.52,-1,Echolocation,/mnt/ubna_data_01/recover-20220822/UBNA_001/20220819_100000.WAV,recover-20220822,UBNA_001,Telephone Field
786.4835,786.492,40078.0,54475.0,Pipistrellus nathusii,0.546,0.608,-1,Echolocation,/mnt/ubna_data_01/recover-20220822/UBNA_001/20220819_100000.WAV,recover-20220822,UBNA_001,Telephone Field
786.6435,786.6535,37500.0,57884.0,Pipistrellus nathusii,0.419,0.536,-1,Echolocation,/mnt/ubna_data_01/recover-20220822/UBNA_001/20220819_100000.WAV,recover-20220822,UBNA_001,Telephone Field
786.8885,786.8949,41796.0,52872.0,Pipistrellus nathusii,0.476,0.543,-1,Echolocation,/mnt/ubna_data_01/recover-20220822/UBNA_001/20220819_100000.WAV,recover-20220822,UBNA_001,Telephone Field
787.1995,787.2073,41796.0,47996.0,Pipistrellus nathusii,0.508,0.525,-1,Echolocation,/mnt/ubna_data_01/recover-20220822/UBNA_001/20220819_100000.WAV,recover-20220822,UBNA_001,Telephone Field
787.3985,787.4048,41796.0,52900.0,Pipistrellus nathusii,0.457,0.523,-1,Echolocation,/mnt/ubna_data_01/recover-20220822/UBNA_001/20220819_100000.WAV,recover-20220822,UBNA_001,Telephone Field
787.8035,787.8099,41796.0,59827.0,Pipistrellus nathusii,0.475,0.567,-1,Echolocation,/mnt/ubna_data_01/recover-20220822/UBNA_001/20220819_100000.WAV,recover-20220822,UBNA_001,Telephone Field
787.8975,787.9046,36640.0,59230.0,Pipistrellus nathusii,0.327,0.521,-1,Echolocation,/mnt/ubna_data_01/recover-20220822/UBNA_001/20220819_100000.WAV,recover-20220822,UBNA_001,Telephone Field
788.1795,788.1862,40078.0,61803.0,Pipistrellus nathusii,0.251,0.514,-1,Echolocation,/mnt/ubna_data_01/recover-20220822/UBNA_001/20220819_100000.WAV,recover-20220822,UBNA_001,Telephone Field
788.2755,788.2821,40078.0,63456.0,Pipistrellus nathusii,0.259,0.537,-1,Echolocation,/mnt/ubna_data_01/recover-20220822/UBNA_001/20220819_100000.WAV,recover-20220822,UBNA_001,Telephone Field
788.3515,788.3582,38359.0,63176.0,Myotis daubentonii,0.234,0.504,-1,Echolocation,/mnt/ubna_data_01/recover-20220822/UBNA_001/20220819_100000.WAV,recover-20220822,UBNA_001,Telephone Field
788.4615,788.4684,40937.0,65745.0,Pipistrellus nathusii,0.216,0.509,-1,Echolocation,/mnt/ubna_data_01/recover-20220822/UBNA_001/20220819_100000.WAV,recover-20220822,UBNA_001,Telephone Field
788.7015,788.708,40937.0,63736.0,Pipistrellus nathusii,0.253,0.528,-1,Echolocation,/mnt/ubna_data_01/recover-20220822/UBNA_001/20220819_100000.WAV,recover-20220822,UBNA_001,Telephone Field
790.9645,790.9702,36640.0,59298.0,Pipistrellus nathusii,0.408,0.561,-1,Echolocation,/mnt/ubna_data_01/recover-20220822/UBNA_001/20220819_100000.WAV,recover-20220822,UBNA_001,Telephone Field
791.2365,791.2441,38359.0,57712.0,Pipistrellus nathusii,0.43,0.538,-1,Echolocation,/mnt/ubna_data_01/recover-20220822/UBNA_001/20220819_100000.WAV,recover-20220822,UBNA_001,Telephone Field
791.3325,791.3388,38359.0,58368.0,Pipistrellus nathusii,0.284,0.564,-1,Echolocation,/mnt/ubna_data_01/recover-20220822/UBNA_001/20220819_100000.WAV,recover-20220822,UBNA_001,Telephone Field
791.8125,791.8203,36640.0,57295.0,Pipistrellus nathusii,0.36,0.505,-1,Echolocation,/mnt/ubna_data_01/recover-20220822/UBNA_001/20220819_100000.WAV,recover-20220822,UBNA_001,Telephone Field
792.0035,792.0116,39218.0,47861.0,Pipistrellus nathusii,0.392,0.526,-1,Echolocation,/mnt/ubna_data_01/recover-20220822/UBNA_001/20220819_100000.WAV,recover-20220822,UBNA_001,Telephone Field
792.4875,792.4946,37500.0,56995.0,Pipistrellus nathusii,0.413,0.537,-1,Echolocation,/mnt/ubna_data_01/recover-20220822/UBNA_001/20220819_100000.WAV,recover-20220822,UBNA_001,Telephone Field
793.0675,793.0747,38359.0,50401.0,Pipistrellus nathusii,0.369,0.54,-1,Echolocation,/mnt/ubna_data_01/recover-20220822/UBNA_001/20220819_100000.WAV,recover-20220822,UBNA_001,Telephone Field
794.4105,794.4203,40078.0,53707.0,Pipistrellus nathusii,0.489,0.595,-1,Echolocation,/mnt/ubna_data_01/recover-20220822/UBNA_001/20220819_100000.WAV,recover-20220822,UBNA_001,Telephone Field
795.4265,795.4339,41796.0,48332.0,Pipistrellus nathusii,0.474,0.555,-1,Echolocation,/mnt/ubna_data_01/recover-20220822/UBNA_001/20220819_100000.WAV,recover-20220822,UBNA_001,Telephone Field
798.1425,798.1494,40937.0,52211.0,Pipistrellus nathusii,0.481,0.544,-1,Echolocation,/mnt/ubna_data_01/recover-20220822/UBNA_001/20220819_100000.WAV,recover-20220822,UBNA_001,Telephone Field
798.6735,798.6813,40078.0,47537.0,Pipistrellus nathusii,0.467,0.501,-1,Echolocation,/mnt/ubna_data_01/recover-20220822/UBNA_001/20220819_100000.WAV,recover-20220822,UBNA_001,Telephone Field
798.7815,798.7927,40937.0,51540.0,Pipistrellus nathusii,0.433,0.525,-1,Echolocation,/mnt/ubna_data_01/recover-20220822/UBNA_001/20220819_100000.WAV,recover-20220822,UBNA_001,Telephone Field
798.9925,799.0,40078.0,52922.0,Pipistrellus nathusii,0.408,0.558,-1,Echolocation,/mnt/ubna_data_01/recover-20220822/UBNA_001/20220819_100000.WAV,recover-20220822,UBNA_001,Telephone Field
799.0845,799.0921,40937.0,52106.0,Pipistrellus nathusii,0.512,0.538,-1,Echolocation,/mnt/ubna_data_01/recover-20220822/UBNA_001/20220819_100000.WAV,recover-20220822,UBNA_001,Telephone Field
799.2565,799.2638,38359.0,52013.0,Pipistrellus nathusii,0.328,0.54,-1,Echolocation,/mnt/ubna_data_01/recover-20220822/UBNA_001/20220819_100000.WAV,recover-20220822,UBNA_001,Telephone Field
803.9125,803.9204,41796.0,50684.0,Pipistrellus nathusii,0.544,0.608,-1,Echolocation,/mnt/ubna_data_01/recover-20220822/UBNA_001/20220819_100000.WAV,recover-20220822,UBNA_001,Telephone Field
804.1995,804.2082,40078.0,50824.0,Pipistrellus nathusii,0.509,0.559,-1,Echolocation,/mnt/ubna_data_01/recover-20220822/UBNA_001/20220819_100000.WAV,recover-20220822,UBNA_001,Telephone Field
804.4665,804.4759,40937.0,53395.0,Pipistrellus nathusii,0.544,0.639,-1,Echolocation,/mnt/ubna_data_01/recover-20220822/UBNA_001/20220819_100000.WAV,recover-20220822,UBNA_001,Telephone Field
804.6535,804.6637,40937.0,46951.0,Pipistrellus nathusii,0.516,0.534,-1,Echolocation,/mnt/ubna_data_01/recover-20220822/UBNA_001/20220819_100000.WAV,recover-20220822,UBNA_001,Telephone Field
805.0115,805.0225,41796.0,51120.0,Pipistrellus nathusii,0.531,0.57,-1,Echolocation,/mnt/ubna_data_01/recover-20220822/UBNA_001/20220819_100000.WAV,recover-20220822,UBNA_001,Telephone Field
805.0925,805.1004,41796.0,47555.0,Pipistrellus nathusii,0.547,0.565,-1,Echolocation,/mnt/ubna_data_01/recover-20220822/UBNA_001/20220819_100000.WAV,recover-20220822,UBNA_001,Telephone Field
805.2405,805.2495,40937.0,52983.0,Pipistrellus nathusii,0.472,0.593,-1,Echolocation,/mnt/ubna_data_01/recover-20220822/UBNA_001/20220819_100000.WAV,recover-20220822,UBNA_001,Telephone Field
805.3395,805.3468,40937.0,47503.0,Pipistrellus nathusii,0.493,0.52,-1,Echolocation,/mnt/ubna_data_01/recover-20220822/UBNA_001/20220819_100000.WAV,recover-20220822,UBNA_001,Telephone Field
805.6765,805.6878,40937.0,49178.0,Pipistrellus nathusii,0.466,0.503,-1,Echolocation,/mnt/ubna_data_01/recover-20220822/UBNA_001/20220819_100000.WAV,recover-20220822,UBNA_001,Telephone Field
812.5285,812.5352,40937.0,52822.0,Pipistrellus nathusii,0.534,0.584,-1,Echolocation,/mnt/ubna_data_01/recover-20220822/UBNA_001/20220819_100000.WAV,recover-20220822,UBNA_001,Telephone Field
813.0815,813.0909,40078.0,49102.0,Pipistrellus nathusii,0.541,0.576,-1,Echolocation,/mnt/ubna_data_01/recover-20220822/UBNA_001/20220819_100000.WAV,recover-20220822,UBNA_001,Telephone Field
813.1765,813.187,40078.0,53634.0,Pipistrellus nathusii,0.454,0.517,-1,Echolocation,/mnt/ubna_data_01/recover-20220822/UBNA_001/20220819_100000.WAV,recover-20220822,UBNA_001,Telephone Field
813.2715,813.2813,40078.0,51917.0,Pipistrellus nathusii,0.493,0.542,-1,Echolocation,/mnt/ubna_data_01/recover-20220822/UBNA_001/20220819_100000.WAV,recover-20220822,UBNA_001,Telephone Field
813.3715,813.3838,41796.0,51579.0,Pipistrellus nathusii,0.486,0.532,-1,Echolocation,/mnt/ubna_data_01/recover-20220822/UBNA_001/20220819_100000.WAV,recover-20220822,UBNA_001,Telephone Field
813.4705,813.4808,40937.0,48869.0,Pipistrellus nathusii,0.573,0.598,-1,Echolocation,/mnt/ubna_data_01/recover-20220822/UBNA_001/20220819_100000.WAV,recover-20220822,UBNA_001,Telephone Field
813.5675,813.5764,40937.0,51361.0,Pipistrellus nathusii,0.531,0.586,-1,Echolocation,/mnt/ubna_data_01/recover-20220822/UBNA_001/20220819_100000.WAV,recover-20220822,UBNA_001,Telephone Field
813.6635,813.6722,40078.0,52080.0,Pipistrellus nathusii,0.473,0.517,-1,Echolocation,/mnt/ubna_data_01/recover-20220822/UBNA_001/20220819_100000.WAV,recover-20220822,UBNA_001,Telephone Field
813.7645,813.7726,40937.0,53031.0,Pipistrellus nathusii,0.574,0.598,-1,Echolocation,/mnt/ubna_data_01/recover-20220822/UBNA_001/20220819_100000.WAV,recover-20220822,UBNA_001,Telephone Field
813.8605,813.8685,40078.0,51914.0,Pipistrellus nathusii,0.557,0.592,-1,Echolocation,/mnt/ubna_data_01/recover-20220822/UBNA_001/20220819_100000.WAV,recover-20220822,UBNA_001,Telephone Field
813.9635,813.9711,41796.0,51586.0,Pipistrellus nathusii,0.559,0.589,-1,Echolocation,/mnt/ubna_data_01/recover-20220822/UBNA_001/20220819_100000.WAV,recover-20220822,UBNA_001,Telephone Field
815.0805,815.0877,40078.0,50860.0,Pipistrellus nathusii,0.516,0.547,-1,Echolocation,/mnt/ubna_data_01/recover-20220822/UBNA_001/20220819_100000.WAV,recover-20220822,UBNA_001,Telephone Field
818.9335,818.9432,41796.0,50941.0,Pipistrellus nathusii,0.474,0.534,-1,Echolocation,/mnt/ubna_data_01/recover-20220822/UBNA_001/20220819_100000.WAV,recover-20220822,UBNA_001,Telephone Field
819.0405,819.0505,41796.0,50351.0,Pipistrellus nathusii,0.484,0.509,-1,Echolocation,/mnt/ubna_data_01/recover-20220822/UBNA_001/20220819_100000.WAV,recover-20220822,UBNA_001,Telephone Field
819.1245,819.1317,40937.0,51312.0,Pipistrellus nathusii,0.487,0.527,-1,Echolocation,/mnt/ubna_data_01/recover-20220822/UBNA_001/20220819_100000.WAV,recover-20220822,UBNA_001,Telephone Field
819.3855,819.3956,41796.0,49379.0,Pipistrellus nathusii,0.471,0.505,-1,Echolocation,/mnt/ubna_data_01/recover-20220822/UBNA_001/20220819_100000.WAV,recover-20220822,UBNA_001,Telephone Field
822.3375,822.3443,40937.0,47312.0,Pipistrellus nathusii,0.459,0.518,-1,Echolocation,/mnt/ubna_data_01/recover-20220822/UBNA_001/20220819_100000.WAV,recover-20220822,UBNA_001,Telephone Field
822.5365,822.5438,40937.0,49430.0,Pipistrellus nathusii,0.414,0.504,-1,Echolocation,/mnt/ubna_data_01/recover-20220822/UBNA_001/20220819_100000.WAV,recover-20220822,UBNA_001,Telephone Field
828.0995,828.1094,40937.0,53024.0,Pipistrellus nathusii,0.491,0.558,-1,Echolocation,/mnt/ubna_data_01/recover-20220822/UBNA_001/20220819_100000.WAV,recover-20220822,UBNA_001,Telephone Field
828.4865,828.4939,41796.0,52980.0,Pipistrellus nathusii,0.468,0.515,-1,Echolocation,/mnt/ubna_data_01/recover-20220822/UBNA_001/20220819_100000.WAV,recover-20220822,UBNA_001,Telephone Field
828.5805,828.5911,40937.0,49706.0,Pipistrellus nathusii,0.466,0.519,-1,Echolocation,/mnt/ubna_data_01/recover-20220822/UBNA_001/20220819_100000.WAV,recover-20220822,UBNA_001,Telephone Field
828.8325,828.8421,41796.0,49401.0,Pipistrellus nathusii,0.469,0.502,-1,Echolocation,/mnt/ubna_data_01/recover-20220822/UBNA_001/20220819_100000.WAV,recover-20220822,UBNA_001,Telephone Field
835.0985000000001,835.1077,40937.0,51386.0,Pipistrellus nathusii,0.521,0.545,-1,Echolocation,/mnt/ubna_data_01/recover-20220822/UBNA_001/20220819_100000.WAV,recover-20220822,UBNA_001,Telephone Field
835.3075,835.3159,40937.0,52385.0,Pipistrellus nathusii,0.551,0.598,-1,Echolocation,/mnt/ubna_data_01/recover-20220822/UBNA_001/20220819_100000.WAV,recover-20220822,UBNA_001,Telephone Field
835.6085,835.6196,40937.0,49800.0,Pipistrellus nathusii,0.538,0.567,-1,Echolocation,/mnt/ubna_data_01/recover-20220822/UBNA_001/20220819_100000.WAV,recover-20220822,UBNA_001,Telephone Field
835.6995,835.7099,40937.0,53038.0,Pipistrellus nathusii,0.516,0.58,-1,Echolocation,/mnt/ubna_data_01/recover-20220822/UBNA_001/20220819_100000.WAV,recover-20220822,UBNA_001,Telephone Field
835.7975,835.8061,40078.0,47692.0,Pipistrellus nathusii,0.5,0.537,-1,Echolocation,/mnt/ubna_data_01/recover-20220822/UBNA_001/20220819_100000.WAV,recover-20220822,UBNA_001,Telephone Field
835.9025,835.9144,41796.0,47059.0,Pipistrellus nathusii,0.488,0.504,-1,Echolocation,/mnt/ubna_data_01/recover-20220822/UBNA_001/20220819_100000.WAV,recover-20220822,UBNA_001,Telephone Field
836.0875,836.0964,40937.0,58844.0,Pipistrellus nathusii,0.502,0.584,-1,Echolocation,/mnt/ubna_data_01/recover-20220822/UBNA_001/20220819_100000.WAV,recover-20220822,UBNA_001,Telephone Field
836.1855,836.1942,40937.0,55348.0,Pipistrellus nathusii,0.513,0.57,-1,Echolocation,/mnt/ubna_data_01/recover-20220822/UBNA_001/20220819_100000.WAV,recover-20220822,UBNA_001,Telephone Field
840.4495,840.4569,40937.0,54829.0,Pipistrellus nathusii,0.548,0.611,-1,Echolocation,/mnt/ubna_data_01/recover-20220822/UBNA_001/20220819_100000.WAV,recover-20220822,UBNA_001,Telephone Field
840.5475,840.555,41796.0,52305.0,Pipistrellus nathusii,0.449,0.516,-1,Echolocation,/mnt/ubna_data_01/recover-20220822/UBNA_001/20220819_100000.WAV,recover-20220822,UBNA_001,Telephone Field
840.7515,840.7601,40937.0,51813.0,Pipistrellus nathusii,0.544,0.582,-1,Echolocation,/mnt/ubna_data_01/recover-20220822/UBNA_001/20220819_100000.WAV,recover-20220822,UBNA_001,Telephone Field
840.9475,840.9557,40937.0,55124.0,Pipistrellus nathusii,0.571,0.594,-1,Echolocation,/mnt/ubna_data_01/recover-20220822/UBNA_001/20220819_100000.WAV,recover-20220822,UBNA_001,Telephone Field
841.0375,841.0446,40078.0,49268.0,Pipistrellus nathusii,0.469,0.516,-1,Echolocation,/mnt/ubna_data_01/recover-20220822/UBNA_001/20220819_100000.WAV,recover-20220822,UBNA_001,Telephone Field
842.6315,842.638,42656.0,56690.0,Pipistrellus pipistrellus,0.238,0.631,-1,Echolocation,/mnt/ubna_data_01/recover-20220822/UBNA_001/20220819_100000.WAV,recover-20220822,UBNA_001,Telephone Field
842.7175,842.7248,41796.0,56574.0,Pipistrellus nathusii,0.201,0.508,-1,Echolocation,/mnt/ubna_data_01/recover-20220822/UBNA_001/20220819_100000.WAV,recover-20220822,UBNA_001,Telephone Field
852.0925,852.1017,40937.0,49691.0,Pipistrellus nathusii,0.558,0.592,-1,Echolocation,/mnt/ubna_data_01/recover-20220822/UBNA_001/20220819_100000.WAV,recover-20220822,UBNA_001,Telephone Field
852.2865,852.2962,40937.0,51558.0,Pipistrellus nathusii,0.499,0.567,-1,Echolocation,/mnt/ubna_data_01/recover-20220822/UBNA_001/20220819_100000.WAV,recover-20220822,UBNA_001,Telephone Field
852.3855,852.3946,40937.0,55153.0,Pipistrellus nathusii,0.529,0.637,-1,Echolocation,/mnt/ubna_data_01/recover-20220822/UBNA_001/20220819_100000.WAV,recover-20220822,UBNA_001,Telephone Field
852.5145,852.5243,40937.0,53080.0,Pipistrellus nathusii,0.525,0.55,-1,Echolocation,/mnt/ubna_data_01/recover-20220822/UBNA_001/20220819_100000.WAV,recover-20220822,UBNA_001,Telephone Field
852.8635,852.8731,41796.0,48682.0,Pipistrellus nathusii,0.5,0.571,-1,Echolocation,/mnt/ubna_data_01/recover-20220822/UBNA_001/20220819_100000.WAV,recover-20220822,UBNA_001,Telephone Field
853.0475,853.0573,40078.0,48357.0,Pipistrellus nathusii,0.508,0.53,-1,Echolocation,/mnt/ubna_data_01/recover-20220822/UBNA_001/20220819_100000.WAV,recover-20220822,UBNA_001,Telephone Field
853.3635,853.3747,40078.0,53359.0,Pipistrellus nathusii,0.484,0.522,-1,Echolocation,/mnt/ubna_data_01/recover-20220822/UBNA_001/20220819_100000.WAV,recover-20220822,UBNA_001,Telephone Field
853.4435,853.4517,41796.0,54091.0,Pipistrellus nathusii,0.492,0.537,-1,Echolocation,/mnt/ubna_data_01/recover-20220822/UBNA_001/20220819_100000.WAV,recover-20220822,UBNA_001,Telephone Field
870.7085,870.7154,40078.0,50926.0,Pipistrellus nathusii,0.637,0.683,-1,Echolocation,/mnt/ubna_data_01/recover-20220822/UBNA_001/20220819_100000.WAV,recover-20220822,UBNA_001,Telephone Field
870.9155,870.9219,38359.0,50762.0,Pipistrellus nathusii,0.365,0.521,-1,Echolocation,/mnt/ubna_data_01/recover-20220822/UBNA_001/20220819_100000.WAV,recover-20220822,UBNA_001,Telephone Field
871.0675,871.0735,39218.0,50827.0,Pipistrellus nathusii,0.367,0.522,-1,Echolocation,/mnt/ubna_data_01/recover-20220822/UBNA_001/20220819_100000.WAV,recover-20220822,UBNA_001,Telephone Field
871.2275,871.2342,40078.0,49061.0,Pipistrellus nathusii,0.486,0.538,-1,Echolocation,/mnt/ubna_data_01/recover-20220822/UBNA_001/20220819_100000.WAV,recover-20220822,UBNA_001,Telephone Field
872.1335,872.1413,39218.0,50154.0,Pipistrellus nathusii,0.419,0.513,-1,Echolocation,/mnt/ubna_data_01/recover-20220822/UBNA_001/20220819_100000.WAV,recover-20220822,UBNA_001,Telephone Field
872.5645,872.5726,39218.0,49833.0,Pipistrellus nathusii,0.357,0.534,-1,Echolocation,/mnt/ubna_data_01/recover-20220822/UBNA_001/20220819_100000.WAV,recover-20220822,UBNA_001,Telephone Field
872.9055,872.914,40078.0,53225.0,Pipistrellus nathusii,0.525,0.618,-1,Echolocation,/mnt/ubna_data_01/recover-20220822/UBNA_001/20220819_100000.WAV,recover-20220822,UBNA_001,Telephone Field
873.2175,873.2259,38359.0,51349.0,Pipistrellus nathusii,0.39,0.505,-1,Echolocation,/mnt/ubna_data_01/recover-20220822/UBNA_001/20220819_100000.WAV,recover-20220822,UBNA_001,Telephone Field
873.6425,873.6513,37500.0,49494.0,Pipistrellus nathusii,0.45,0.535,-1,Echolocation,/mnt/ubna_data_01/recover-20220822/UBNA_001/20220819_100000.WAV,recover-20220822,UBNA_001,Telephone Field
877.1625,877.1731,41796.0,51412.0,Pipistrellus nathusii,0.507,0.547,-1,Echolocation,/mnt/ubna_data_01/recover-20220822/UBNA_001/20220819_100000.WAV,recover-20220822,UBNA_001,Telephone Field
877.3835,877.39,41796.0,50743.0,Pipistrellus nathusii,0.474,0.566,-1,Echolocation,/mnt/ubna_data_01/recover-20220822/UBNA_001/20220819_100000.WAV,recover-20220822,UBNA_001,Telephone Field
877.5945,877.6044,40937.0,50063.0,Pipistrellus nathusii,0.47,0.504,-1,Echolocation,/mnt/ubna_data_01/recover-20220822/UBNA_001/20220819_100000.WAV,recover-20220822,UBNA_001,Telephone Field
877.6985,877.7055,40937.0,47689.0,Pipistrellus nathusii,0.577,0.6,-1,Echolocation,/mnt/ubna_data_01/recover-20220822/UBNA_001/20220819_100000.WAV,recover-20220822,UBNA_001,Telephone Field
877.8055,877.8129,40937.0,49445.0,Pipistrellus nathusii,0.52,0.555,-1,Echolocation,/mnt/ubna_data_01/recover-20220822/UBNA_001/20220819_100000.WAV,recover-20220822,UBNA_001,Telephone Field
878.1125,878.1217,40078.0,55239.0,Pipistrellus nathusii,0.468,0.513,-1,Echolocation,/mnt/ubna_data_01/recover-20220822/UBNA_001/20220819_100000.WAV,recover-20220822,UBNA_001,Telephone Field
878.4065,878.4155,41796.0,50415.0,Pipistrellus nathusii,0.495,0.533,-1,Echolocation,/mnt/ubna_data_01/recover-20220822/UBNA_001/20220819_100000.WAV,recover-20220822,UBNA_001,Telephone Field
879.0785,879.0869,40937.0,49677.0,Pipistrellus nathusii,0.517,0.579,-1,Echolocation,/mnt/ubna_data_01/recover-20220822/UBNA_001/20220819_100000.WAV,recover-20220822,UBNA_001,Telephone Field
879.1785,879.1869,40078.0,49301.0,Pipistrellus nathusii,0.456,0.551,-1,Echolocation,/mnt/ubna_data_01/recover-20220822/UBNA_001/20220819_100000.WAV,recover-20220822,UBNA_001,Telephone Field
879.2835,879.2924,38359.0,47760.0,Pipistrellus nathusii,0.44,0.587,-1,Echolocation,/mnt/ubna_data_01/recover-20220822/UBNA_001/20220819_100000.WAV,recover-20220822,UBNA_001,Telephone Field
879.4205,879.4289,40937.0,49756.0,Pipistrellus nathusii,0.429,0.549,-1,Echolocation,/mnt/ubna_data_01/recover-20220822/UBNA_001/20220819_100000.WAV,recover-20220822,UBNA_001,Telephone Field
879.7255,879.7322,40078.0,52211.0,Pipistrellus nathusii,0.372,0.501,-1,Echolocation,/mnt/ubna_data_01/recover-20220822/UBNA_001/20220819_100000.WAV,recover-20220822,UBNA_001,Telephone Field
879.8275,879.8354,39218.0,49653.0,Pipistrellus nathusii,0.496,0.548,-1,Echolocation,/mnt/ubna_data_01/recover-20220822/UBNA_001/20220819_100000.WAV,recover-20220822,UBNA_001,Telephone Field
879.9415,879.9502,40937.0,54369.0,Pipistrellus nathusii,0.355,0.558,-1,Echolocation,/mnt/ubna_data_01/recover-20220822/UBNA_001/20220819_100000.WAV,recover-20220822,UBNA_001,Telephone Field
880.1505,880.159,40078.0,50344.0,Pipistrellus nathusii,0.463,0.586,-1,Echolocation,/mnt/ubna_data_01/recover-20220822/UBNA_001/20220819_100000.WAV,recover-20220822,UBNA_001,Telephone Field
880.2605,880.2684,40937.0,54230.0,Pipistrellus nathusii,0.519,0.667,-1,Echolocation,/mnt/ubna_data_01/recover-20220822/UBNA_001/20220819_100000.WAV,recover-20220822,UBNA_001,Telephone Field
880.3745,880.3817,40078.0,50053.0,Pipistrellus nathusii,0.487,0.558,-1,Echolocation,/mnt/ubna_data_01/recover-20220822/UBNA_001/20220819_100000.WAV,recover-20220822,UBNA_001,Telephone Field
880.4875,880.4951,40078.0,53699.0,Pipistrellus nathusii,0.497,0.586,-1,Echolocation,/mnt/ubna_data_01/recover-20220822/UBNA_001/20220819_100000.WAV,recover-20220822,UBNA_001,Telephone Field
880.6025,880.6103,40078.0,49979.0,Pipistrellus nathusii,0.498,0.594,-1,Echolocation,/mnt/ubna_data_01/recover-20220822/UBNA_001/20220819_100000.WAV,recover-20220822,UBNA_001,Telephone Field
880.7185,880.7255,41796.0,54579.0,Pipistrellus nathusii,0.508,0.59,-1,Echolocation,/mnt/ubna_data_01/recover-20220822/UBNA_001/20220819_100000.WAV,recover-20220822,UBNA_001,Telephone Field
880.8295,880.8362,40937.0,51719.0,Pipistrellus nathusii,0.621,0.657,-1,Echolocation,/mnt/ubna_data_01/recover-20220822/UBNA_001/20220819_100000.WAV,recover-20220822,UBNA_001,Telephone Field
880.9435,880.9501,41796.0,55277.0,Pipistrellus nathusii,0.552,0.596,-1,Echolocation,/mnt/ubna_data_01/recover-20220822/UBNA_001/20220819_100000.WAV,recover-20220822,UBNA_001,Telephone Field
881.0285,881.0355,40078.0,51317.0,Pipistrellus nathusii,0.546,0.615,-1,Echolocation,/mnt/ubna_data_01/recover-20220822/UBNA_001/20220819_100000.WAV,recover-20220822,UBNA_001,Telephone Field
881.1155,881.122,41796.0,49416.0,Pipistrellus nathusii,0.468,0.504,-1,Echolocation,/mnt/ubna_data_01/recover-20220822/UBNA_001/20220819_100000.WAV,recover-20220822,UBNA_001,Telephone Field
881.2115,881.2198,41796.0,56106.0,Pipistrellus nathusii,0.481,0.56,-1,Echolocation,/mnt/ubna_data_01/recover-20220822/UBNA_001/20220819_100000.WAV,recover-20220822,UBNA_001,Telephone Field
881.4595,881.4674,40937.0,55438.0,Pipistrellus nathusii,0.491,0.659,-1,Echolocation,/mnt/ubna_data_01/recover-20220822/UBNA_001/20220819_100000.WAV,recover-20220822,UBNA_001,Telephone Field
881.6345,881.6416,40937.0,55513.0,Pipistrellus nathusii,0.433,0.556,-1,Echolocation,/mnt/ubna_data_01/recover-20220822/UBNA_001/20220819_100000.WAV,recover-20220822,UBNA_001,Telephone Field
881.8535,881.8636,40937.0,56066.0,Pipistrellus nathusii,0.469,0.598,-1,Echolocation,/mnt/ubna_data_01/recover-20220822/UBNA_001/20220819_100000.WAV,recover-20220822,UBNA_001,Telephone Field
881.9465,881.9541,41796.0,52239.0,Pipistrellus nathusii,0.477,0.542,-1,Echolocation,/mnt/ubna_data_01/recover-20220822/UBNA_001/20220819_100000.WAV,recover-20220822,UBNA_001,Telephone Field
882.0395,882.0482,39218.0,47758.0,Pipistrellus nathusii,0.571,0.599,-1,Echolocation,/mnt/ubna_data_01/recover-20220822/UBNA_001/20220819_100000.WAV,recover-20220822,UBNA_001,Telephone Field
882.1505,882.1587,40937.0,52925.0,Pipistrellus nathusii,0.705,0.741,-1,Echolocation,/mnt/ubna_data_01/recover-20220822/UBNA_001/20220819_100000.WAV,recover-20220822,UBNA_001,Telephone Field
882.4495,882.4587,40937.0,53062.0,Pipistrellus nathusii,0.592,0.671,-1,Echolocation,/mnt/ubna_data_01/recover-20220822/UBNA_001/20220819_100000.WAV,recover-20220822,UBNA_001,Telephone Field
882.6145,882.6237,41796.0,50760.0,Pipistrellus nathusii,0.481,0.516,-1,Echolocation,/mnt/ubna_data_01/recover-20220822/UBNA_001/20220819_100000.WAV,recover-20220822,UBNA_001,Telephone Field
882.8115,882.8201,42656.0,53485.0,Pipistrellus nathusii,0.503,0.531,-1,Echolocation,/mnt/ubna_data_01/recover-20220822/UBNA_001/20220819_100000.WAV,recover-20220822,UBNA_001,Telephone Field
883.1035,883.1093,40937.0,49770.0,Pipistrellus nathusii,0.536,0.563,-1,Echolocation,/mnt/ubna_data_01/recover-20220822/UBNA_001/20220819_100000.WAV,recover-20220822,UBNA_001,Telephone Field
883.2275,883.2366,40937.0,52466.0,Pipistrellus nathusii,0.562,0.626,-1,Echolocation,/mnt/ubna_data_01/recover-20220822/UBNA_001/20220819_100000.WAV,recover-20220822,UBNA_001,Telephone Field
883.3265,883.334,40937.0,50205.0,Pipistrellus nathusii,0.528,0.568,-1,Echolocation,/mnt/ubna_data_01/recover-20220822/UBNA_001/20220819_100000.WAV,recover-20220822,UBNA_001,Telephone Field
883.4225,883.43,40937.0,51684.0,Pipistrellus nathusii,0.533,0.568,-1,Echolocation,/mnt/ubna_data_01/recover-20220822/UBNA_001/20220819_100000.WAV,recover-20220822,UBNA_001,Telephone Field
884.2755,884.2831,40078.0,53949.0,Pipistrellus nathusii,0.521,0.599,-1,Echolocation,/mnt/ubna_data_01/recover-20220822/UBNA_001/20220819_100000.WAV,recover-20220822,UBNA_001,Telephone Field
884.3545,884.3635,39218.0,56089.0,Pipistrellus nathusii,0.633,0.655,-1,Echolocation,/mnt/ubna_data_01/recover-20220822/UBNA_001/20220819_100000.WAV,recover-20220822,UBNA_001,Telephone Field
884.4435,884.4523,40078.0,55486.0,Pipistrellus nathusii,0.607,0.646,-1,Echolocation,/mnt/ubna_data_01/recover-20220822/UBNA_001/20220819_100000.WAV,recover-20220822,UBNA_001,Telephone Field
884.5345,884.5421,40078.0,52042.0,Pipistrellus nathusii,0.632,0.662,-1,Echolocation,/mnt/ubna_data_01/recover-20220822/UBNA_001/20220819_100000.WAV,recover-20220822,UBNA_001,Telephone Field
884.6285,884.6349,38359.0,51598.0,Pipistrellus nathusii,0.516,0.583,-1,Echolocation,/mnt/ubna_data_01/recover-20220822/UBNA_001/20220819_100000.WAV,recover-20220822,UBNA_001,Telephone Field
884.7285,884.7383,39218.0,55927.0,Pipistrellus nathusii,0.532,0.606,-1,Echolocation,/mnt/ubna_data_01/recover-20220822/UBNA_001/20220819_100000.WAV,recover-20220822,UBNA_001,Telephone Field
884.8325,884.843,39218.0,55250.0,Pipistrellus nathusii,0.54,0.593,-1,Echolocation,/mnt/ubna_data_01/recover-20220822/UBNA_001/20220819_100000.WAV,recover-20220822,UBNA_001,Telephone Field
884.9375,884.9468,37500.0,56800.0,Pipistrellus nathusii,0.512,0.583,-1,Echolocation,/mnt/ubna_data_01/recover-20220822/UBNA_001/20220819_100000.WAV,recover-20220822,UBNA_001,Telephone Field
885.1595,885.1703,37500.0,54906.0,Pipistrellus nathusii,0.509,0.563,-1,Echolocation,/mnt/ubna_data_01/recover-20220822/UBNA_001/20220819_100000.WAV,recover-20220822,UBNA_001,Telephone Field
885.2615,885.269,40078.0,52539.0,Pipistrellus nathusii,0.539,0.609,-1,Echolocation,/mnt/ubna_data_01/recover-20220822/UBNA_001/20220819_100000.WAV,recover-20220822,UBNA_001,Telephone Field
885.5735,885.581,35781.0,50100.0,Pipistrellus nathusii,0.366,0.582,-1,Echolocation,/mnt/ubna_data_01/recover-20220822/UBNA_001/20220819_100000.WAV,recover-20220822,UBNA_001,Telephone Field
885.6805,885.6883,38359.0,48704.0,Pipistrellus nathusii,0.458,0.578,-1,Echolocation,/mnt/ubna_data_01/recover-20220822/UBNA_001/20220819_100000.WAV,recover-20220822,UBNA_001,Telephone Field
885.7845,885.7913,38359.0,51370.0,Pipistrellus nathusii,0.594,0.644,-1,Echolocation,/mnt/ubna_data_01/recover-20220822/UBNA_001/20220819_100000.WAV,recover-20220822,UBNA_001,Telephone Field
885.8755,885.8831,38359.0,49377.0,Pipistrellus nathusii,0.512,0.567,-1,Echolocation,/mnt/ubna_data_01/recover-20220822/UBNA_001/20220819_100000.WAV,recover-20220822,UBNA_001,Telephone Field
891.5015,891.5064,49531.0,56130.0,Pipistrellus pipistrellus,0.467,0.54,-1,Echolocation,/mnt/ubna_data_01/recover-20220822/UBNA_001/20220819_100000.WAV,recover-20220822,UBNA_001,Telephone Field
891.7575,891.7624,49531.0,56427.0,Pipistrellus pipistrellus,0.458,0.501,-1,Echolocation,/mnt/ubna_data_01/recover-20220822/UBNA_001/20220819_100000.WAV,recover-20220822,UBNA_001,Telephone Field
892.3395,892.3448,47812.0,55295.0,Pipistrellus pipistrellus,0.48,0.52,-1,Echolocation,/mnt/ubna_data_01/recover-20220822/UBNA_001/20220819_100000.WAV,recover-20220822,UBNA_001,Telephone Field
896.6505,896.6591,42656.0,48880.0,Pipistrellus nathusii,0.433,0.501,-1,Echolocation,/mnt/ubna_data_01/recover-20220822/UBNA_001/20220819_100000.WAV,recover-20220822,UBNA_001,Telephone Field
903.6135,903.6218,42656.0,51350.0,Pipistrellus nathusii,0.415,0.538,-1,Echolocation,/mnt/ubna_data_01/recover-20220822/UBNA_001/20220819_100000.WAV,recover-20220822,UBNA_001,Telephone Field
904.1955,904.2051,40937.0,52149.0,Pipistrellus nathusii,0.586,0.634,-1,Echolocation,/mnt/ubna_data_01/recover-20220822/UBNA_001/20220819_100000.WAV,recover-20220822,UBNA_001,Telephone Field
904.2925,904.3016,40937.0,50976.0,Pipistrellus nathusii,0.482,0.568,-1,Echolocation,/mnt/ubna_data_01/recover-20220822/UBNA_001/20220819_100000.WAV,recover-20220822,UBNA_001,Telephone Field
904.5535,904.5633,40078.0,51870.0,Pipistrellus nathusii,0.564,0.617,-1,Echolocation,/mnt/ubna_data_01/recover-20220822/UBNA_001/20220819_100000.WAV,recover-20220822,UBNA_001,Telephone Field
904.9025,904.9105,41796.0,51607.0,Pipistrellus nathusii,0.469,0.554,-1,Echolocation,/mnt/ubna_data_01/recover-20220822/UBNA_001/20220819_100000.WAV,recover-20220822,UBNA_001,Telephone Field
905.1705,905.1783,40078.0,57332.0,Pipistrellus nathusii,0.475,0.523,-1,Echolocation,/mnt/ubna_data_01/recover-20220822/UBNA_001/20220819_100000.WAV,recover-20220822,UBNA_001,Telephone Field
905.3625,905.3692,40937.0,49743.0,Pipistrellus nathusii,0.438,0.505,-1,Echolocation,/mnt/ubna_data_01/recover-20220822/UBNA_001/20220819_100000.WAV,recover-20220822,UBNA_001,Telephone Field
927.9925,928.0002,40078.0,49418.0,Pipistrellus nathusii,0.476,0.545,-1,Echolocation,/mnt/ubna_data_01/recover-20220822/UBNA_001/20220819_100000.WAV,recover-20220822,UBNA_001,Telephone Field
932.6575,932.6645,41796.0,53328.0,Pipistrellus nathusii,0.549,0.639,-1,Echolocation,/mnt/ubna_data_01/recover-20220822/UBNA_001/20220819_100000.WAV,recover-20220822,UBNA_001,Telephone Field
933.1045,933.1098,38359.0,51153.0,Pipistrellus nathusii,0.214,0.516,-1,Echolocation,/mnt/ubna_data_01/recover-20220822/UBNA_001/20220819_100000.WAV,recover-20220822,UBNA_001,Telephone Field
934.0655,934.0715,40937.0,53936.0,Pipistrellus nathusii,0.388,0.51,-1,Echolocation,/mnt/ubna_data_01/recover-20220822/UBNA_001/20220819_100000.WAV,recover-20220822,UBNA_001,Telephone Field
934.2915,934.2982,40078.0,49443.0,Pipistrellus nathusii,0.434,0.526,-1,Echolocation,/mnt/ubna_data_01/recover-20220822/UBNA_001/20220819_100000.WAV,recover-20220822,UBNA_001,Telephone Field
934.8445,934.8519,40937.0,54096.0,Pipistrellus nathusii,0.428,0.562,-1,Echolocation,/mnt/ubna_data_01/recover-20220822/UBNA_001/20220819_100000.WAV,recover-20220822,UBNA_001,Telephone Field
954.1045,954.1111,40937.0,53220.0,Pipistrellus nathusii,0.545,0.599,-1,Echolocation,/mnt/ubna_data_01/recover-20220822/UBNA_001/20220819_100000.WAV,recover-20220822,UBNA_001,Telephone Field
954.3265,954.3337,40078.0,53085.0,Pipistrellus nathusii,0.419,0.547,-1,Echolocation,/mnt/ubna_data_01/recover-20220822/UBNA_001/20220819_100000.WAV,recover-20220822,UBNA_001,Telephone Field
954.4355,954.4425,38359.0,49334.0,Pipistrellus nathusii,0.394,0.553,-1,Echolocation,/mnt/ubna_data_01/recover-20220822/UBNA_001/20220819_100000.WAV,recover-20220822,UBNA_001,Telephone Field
954.6565,954.6643,39218.0,46296.0,Pipistrellus nathusii,0.364,0.55,-1,Echolocation,/mnt/ubna_data_01/recover-20220822/UBNA_001/20220819_100000.WAV,recover-20220822,UBNA_001,Telephone Field
963.5145,963.5194,47812.0,79597.0,Myotis alcathoe,0.425,0.524,-1,Echolocation,/mnt/ubna_data_01/recover-20220822/UBNA_001/20220819_100000.WAV,recover-20220822,UBNA_001,Telephone Field
963.7035,963.7081,49531.0,79948.0,Myotis alcathoe,0.353,0.513,-1,Echolocation,/mnt/ubna_data_01/recover-20220822/UBNA_001/20220819_100000.WAV,recover-20220822,UBNA_001,Telephone Field
964.0245,964.0289,41796.0,82236.0,Myotis alcathoe,0.584,0.634,-1,Echolocation,/mnt/ubna_data_01/recover-20220822/UBNA_001/20220819_100000.WAV,recover-20220822,UBNA_001,Telephone Field
964.3775,964.3805,52968.0,71420.0,Myotis alcathoe,0.393,0.518,-1,Echolocation,/mnt/ubna_data_01/recover-20220822/UBNA_001/20220819_100000.WAV,recover-20220822,UBNA_001,Telephone Field
964.4365,964.4398,52109.0,72242.0,Myotis alcathoe,0.427,0.559,-1,Echolocation,/mnt/ubna_data_01/recover-20220822/UBNA_001/20220819_100000.WAV,recover-20220822,UBNA_001,Telephone Field
964.5705,964.574,55546.0,75484.0,Myotis alcathoe,0.412,0.543,-1,Echolocation,/mnt/ubna_data_01/recover-20220822/UBNA_001/20220819_100000.WAV,recover-20220822,UBNA_001,Telephone Field
964.6695,964.673,53828.0,73280.0,Myotis alcathoe,0.414,0.517,-1,Echolocation,/mnt/ubna_data_01/recover-20220822/UBNA_001/20220819_100000.WAV,recover-20220822,UBNA_001,Telephone Field
965.0805,965.0836,53828.0,80115.0,Myotis alcathoe,0.5,0.551,-1,Echolocation,/mnt/ubna_data_01/recover-20220822/UBNA_001/20220819_100000.WAV,recover-20220822,UBNA_001,Telephone Field
965.1285,965.1318,54687.0,77205.0,Myotis alcathoe,0.494,0.597,-1,Echolocation,/mnt/ubna_data_01/recover-20220822/UBNA_001/20220819_100000.WAV,recover-20220822,UBNA_001,Telephone Field
965.1855,965.1896,47812.0,82274.0,Myotis alcathoe,0.485,0.512,-1,Echolocation,/mnt/ubna_data_01/recover-20220822/UBNA_001/20220819_100000.WAV,recover-20220822,UBNA_001,Telephone Field
965.2875,965.2908,48671.0,81468.0,Myotis alcathoe,0.502,0.556,-1,Echolocation,/mnt/ubna_data_01/recover-20220822/UBNA_001/20220819_100000.WAV,recover-20220822,UBNA_001,Telephone Field
965.3265,965.3301,53828.0,82481.0,Myotis alcathoe,0.528,0.581,-1,Echolocation,/mnt/ubna_data_01/recover-20220822/UBNA_001/20220819_100000.WAV,recover-20220822,UBNA_001,Telephone Field
965.4095,965.4132,55546.0,84219.0,Myotis alcathoe,0.509,0.554,-1,Echolocation,/mnt/ubna_data_01/recover-20220822/UBNA_001/20220819_100000.WAV,recover-20220822,UBNA_001,Telephone Field
965.4565,965.4608,48671.0,81716.0,Myotis alcathoe,0.486,0.521,-1,Echolocation,/mnt/ubna_data_01/recover-20220822/UBNA_001/20220819_100000.WAV,recover-20220822,UBNA_001,Telephone Field
965.5765,965.5804,55546.0,86076.0,Myotis alcathoe,0.517,0.596,-1,Echolocation,/mnt/ubna_data_01/recover-20220822/UBNA_001/20220819_100000.WAV,recover-20220822,UBNA_001,Telephone Field
965.6385,965.6417,49531.0,78761.0,Myotis alcathoe,0.539,0.599,-1,Echolocation,/mnt/ubna_data_01/recover-20220822/UBNA_001/20220819_100000.WAV,recover-20220822,UBNA_001,Telephone Field
965.6715,965.6758,48671.0,89036.0,Myotis alcathoe,0.583,0.622,-1,Echolocation,/mnt/ubna_data_01/recover-20220822/UBNA_001/20220819_100000.WAV,recover-20220822,UBNA_001,Telephone Field
965.7135,965.7179,56406.0,92469.0,Myotis alcathoe,0.519,0.546,-1,Echolocation,/mnt/ubna_data_01/recover-20220822/UBNA_001/20220819_100000.WAV,recover-20220822,UBNA_001,Telephone Field
965.7515,965.7554,55546.0,85273.0,Myotis alcathoe,0.516,0.566,-1,Echolocation,/mnt/ubna_data_01/recover-20220822/UBNA_001/20220819_100000.WAV,recover-20220822,UBNA_001,Telephone Field
965.7875,965.792,56406.0,92374.0,Myotis alcathoe,0.485,0.518,-1,Echolocation,/mnt/ubna_data_01/recover-20220822/UBNA_001/20220819_100000.WAV,recover-20220822,UBNA_001,Telephone Field
965.8235,965.8277,48671.0,85360.0,Myotis alcathoe,0.503,0.583,-1,Echolocation,/mnt/ubna_data_01/recover-20220822/UBNA_001/20220819_100000.WAV,recover-20220822,UBNA_001,Telephone Field
965.8875,965.8923,50390.0,95879.0,Myotis alcathoe,0.535,0.554,-1,Echolocation,/mnt/ubna_data_01/recover-20220822/UBNA_001/20220819_100000.WAV,recover-20220822,UBNA_001,Telephone Field
965.9355,965.9394,48671.0,89112.0,Myotis alcathoe,0.52,0.558,-1,Echolocation,/mnt/ubna_data_01/recover-20220822/UBNA_001/20220819_100000.WAV,recover-20220822,UBNA_001,Telephone Field
965.9755,965.9801,46953.0,85627.0,Myotis alcathoe,0.509,0.591,-1,Echolocation,/mnt/ubna_data_01/recover-20220822/UBNA_001/20220819_100000.WAV,recover-20220822,UBNA_001,Telephone Field
966.0345,966.0388,46093.0,95462.0,Myotis alcathoe,0.431,0.521,-1,Echolocation,/mnt/ubna_data_01/recover-20220822/UBNA_001/20220819_100000.WAV,recover-20220822,UBNA_001,Telephone Field
966.0915,966.0961,47812.0,92955.0,Myotis alcathoe,0.479,0.556,-1,Echolocation,/mnt/ubna_data_01/recover-20220822/UBNA_001/20220819_100000.WAV,recover-20220822,UBNA_001,Telephone Field
967.7005,967.7059,46953.0,59635.0,Pipistrellus pipistrellus,0.431,0.509,-1,Echolocation,/mnt/ubna_data_01/recover-20220822/UBNA_001/20220819_100000.WAV,recover-20220822,UBNA_001,Telephone Field
968.3155,968.3204,47812.0,58119.0,Pipistrellus pipistrellus,0.504,0.541,-1,Echolocation,/mnt/ubna_data_01/recover-20220822/UBNA_001/20220819_100000.WAV,recover-20220822,UBNA_001,Telephone Field
968.4135,968.4191,48671.0,61787.0,Pipistrellus pipistrellus,0.469,0.511,-1,Echolocation,/mnt/ubna_data_01/recover-20220822/UBNA_001/20220819_100000.WAV,recover-20220822,UBNA_001,Telephone Field
969.1915,969.1963,44375.0,57034.0,Pipistrellus pipistrellus,0.483,0.57,-1,Echolocation,/mnt/ubna_data_01/recover-20220822/UBNA_001/20220819_100000.WAV,recover-20220822,UBNA_001,Telephone Field
979.1595,979.1652,47812.0,62220.0,Pipistrellus pipistrellus,0.497,0.573,-1,Echolocation,/mnt/ubna_data_01/recover-20220822/UBNA_001/20220819_100000.WAV,recover-20220822,UBNA_001,Telephone Field
979.2555,979.2613,48671.0,63523.0,Pipistrellus pipistrellus,0.459,0.543,-1,Echolocation,/mnt/ubna_data_01/recover-20220822/UBNA_001/20220819_100000.WAV,recover-20220822,UBNA_001,Telephone Field
979.3525,979.3599,48671.0,66316.0,Pipistrellus pipistrellus,0.508,0.671,-1,Echolocation,/mnt/ubna_data_01/recover-20220822/UBNA_001/20220819_100000.WAV,recover-20220822,UBNA_001,Telephone Field
979.6335,979.6415,46953.0,62904.0,Pipistrellus pipistrellus,0.461,0.574,-1,Echolocation,/mnt/ubna_data_01/recover-20220822/UBNA_001/20220819_100000.WAV,recover-20220822,UBNA_001,Telephone Field
979.7405,979.7479,46093.0,60239.0,Pipistrellus pipistrellus,0.432,0.573,-1,Echolocation,/mnt/ubna_data_01/recover-20220822/UBNA_001/20220819_100000.WAV,recover-20220822,UBNA_001,Telephone Field
979.8235,979.8319,46953.0,68752.0,Pipistrellus pipistrellus,0.515,0.684,-1,Echolocation,/mnt/ubna_data_01/recover-20220822/UBNA_001/20220819_100000.WAV,recover-20220822,UBNA_001,Telephone Field
979.8825,979.8923,45234.0,68884.0,Pipistrellus pipistrellus,0.432,0.635,-1,Echolocation,/mnt/ubna_data_01/recover-20220822/UBNA_001/20220819_100000.WAV,recover-20220822,UBNA_001,Telephone Field
979.9315,979.938,44375.0,69483.0,Pipistrellus pipistrellus,0.389,0.553,-1,Echolocation,/mnt/ubna_data_01/recover-20220822/UBNA_001/20220819_100000.WAV,recover-20220822,UBNA_001,Telephone Field
979.9845,979.9907,46093.0,66229.0,Pipistrellus pipistrellus,0.343,0.518,-1,Echolocation,/mnt/ubna_data_01/recover-20220822/UBNA_001/20220819_100000.WAV,recover-20220822,UBNA_001,Telephone Field
980.0805,980.0862,46093.0,62822.0,Pipistrellus pipistrellus,0.336,0.506,-1,Echolocation,/mnt/ubna_data_01/recover-20220822/UBNA_001/20220819_100000.WAV,recover-20220822,UBNA_001,Telephone Field
980.6325,980.6376,47812.0,62725.0,Pipistrellus pipistrellus,0.553,0.627,-1,Echolocation,/mnt/ubna_data_01/recover-20220822/UBNA_001/20220819_100000.WAV,recover-20220822,UBNA_001,Telephone Field
980.7195,980.7253,46093.0,62494.0,Pipistrellus pipistrellus,0.592,0.647,-1,Echolocation,/mnt/ubna_data_01/recover-20220822/UBNA_001/20220819_100000.WAV,recover-20220822,UBNA_001,Telephone Field
980.8145,980.8202,47812.0,61988.0,Pipistrellus pipistrellus,0.621,0.721,-1,Echolocation,/mnt/ubna_data_01/recover-20220822/UBNA_001/20220819_100000.WAV,recover-20220822,UBNA_001,Telephone Field
980.9025,980.9086,46953.0,60686.0,Pipistrellus pipistrellus,0.561,0.663,-1,Echolocation,/mnt/ubna_data_01/recover-20220822/UBNA_001/20220819_100000.WAV,recover-20220822,UBNA_001,Telephone Field
981.0995,981.1067,46953.0,61646.0,Pipistrellus pipistrellus,0.583,0.717,-1,Echolocation,/mnt/ubna_data_01/recover-20220822/UBNA_001/20220819_100000.WAV,recover-20220822,UBNA_001,Telephone Field
981.2965,981.3038,46953.0,58622.0,Pipistrellus pipistrellus,0.567,0.664,-1,Echolocation,/mnt/ubna_data_01/recover-20220822/UBNA_001/20220819_100000.WAV,recover-20220822,UBNA_001,Telephone Field
981.5295,981.5364,47812.0,56765.0,Pipistrellus pipistrellus,0.567,0.627,-1,Echolocation,/mnt/ubna_data_01/recover-20220822/UBNA_001/20220819_100000.WAV,recover-20220822,UBNA_001,Telephone Field
982.4945,982.4986,49531.0,63553.0,Pipistrellus pipistrellus,0.459,0.552,-1,Echolocation,/mnt/ubna_data_01/recover-20220822/UBNA_001/20220819_100000.WAV,recover-20220822,UBNA_001,Telephone Field
982.5715,982.5769,47812.0,63973.0,Pipistrellus pipistrellus,0.495,0.595,-1,Echolocation,/mnt/ubna_data_01/recover-20220822/UBNA_001/20220819_100000.WAV,recover-20220822,UBNA_001,Telephone Field
982.7235000000001,982.7292,46093.0,63364.0,Pipistrellus pipistrellus,0.304,0.504,-1,Echolocation,/mnt/ubna_data_01/recover-20220822/UBNA_001/20220819_100000.WAV,recover-20220822,UBNA_001,Telephone Field
982.8035,982.8089,45234.0,69615.0,Pipistrellus pipistrellus,0.461,0.641,-1,Echolocation,/mnt/ubna_data_01/recover-20220822/UBNA_001/20220819_100000.WAV,recover-20220822,UBNA_001,Telephone Field
982.9685,982.9738,46093.0,67324.0,Pipistrellus pipistrellus,0.457,0.577,-1,Echolocation,/mnt/ubna_data_01/recover-20220822/UBNA_001/20220819_100000.WAV,recover-20220822,UBNA_001,Telephone Field
983.1485,983.1543,44375.0,71658.0,Pipistrellus pipistrellus,0.549,0.687,-1,Echolocation,/mnt/ubna_data_01/recover-20220822/UBNA_001/20220819_100000.WAV,recover-20220822,UBNA_001,Telephone Field
983.2365,983.2432,43515.0,69063.0,Pipistrellus pipistrellus,0.532,0.7,-1,Echolocation,/mnt/ubna_data_01/recover-20220822/UBNA_001/20220819_100000.WAV,recover-20220822,UBNA_001,Telephone Field
983.3225,983.3288,44375.0,68610.0,Pipistrellus pipistrellus,0.329,0.64,-1,Echolocation,/mnt/ubna_data_01/recover-20220822/UBNA_001/20220819_100000.WAV,recover-20220822,UBNA_001,Telephone Field
983.4055,983.4112,45234.0,67081.0,Pipistrellus pipistrellus,0.505,0.713,-1,Echolocation,/mnt/ubna_data_01/recover-20220822/UBNA_001/20220819_100000.WAV,recover-20220822,UBNA_001,Telephone Field
983.4905,983.4962,44375.0,69032.0,Pipistrellus pipistrellus,0.534,0.684,-1,Echolocation,/mnt/ubna_data_01/recover-20220822/UBNA_001/20220819_100000.WAV,recover-20220822,UBNA_001,Telephone Field
983.5745,983.5805,44375.0,65576.0,Pipistrellus pipistrellus,0.511,0.711,-1,Echolocation,/mnt/ubna_data_01/recover-20220822/UBNA_001/20220819_100000.WAV,recover-20220822,UBNA_001,Telephone Field
983.7035,983.7089,46953.0,71839.0,Pipistrellus pipistrellus,0.411,0.535,-1,Echolocation,/mnt/ubna_data_01/recover-20220822/UBNA_001/20220819_100000.WAV,recover-20220822,UBNA_001,Telephone Field
983.7945,983.8001,41796.0,70381.0,Pipistrellus pipistrellus,0.442,0.675,-1,Echolocation,/mnt/ubna_data_01/recover-20220822/UBNA_001/20220819_100000.WAV,recover-20220822,UBNA_001,Telephone Field
983.9705,983.9778,44375.0,66235.0,Pipistrellus pipistrellus,0.39,0.678,-1,Echolocation,/mnt/ubna_data_01/recover-20220822/UBNA_001/20220819_100000.WAV,recover-20220822,UBNA_001,Telephone Field
984.0545,984.0637,45234.0,66325.0,Pipistrellus pipistrellus,0.483,0.667,-1,Echolocation,/mnt/ubna_data_01/recover-20220822/UBNA_001/20220819_100000.WAV,recover-20220822,UBNA_001,Telephone Field
984.1405,984.1488,45234.0,69351.0,Pipistrellus pipistrellus,0.543,0.703,-1,Echolocation,/mnt/ubna_data_01/recover-20220822/UBNA_001/20220819_100000.WAV,recover-20220822,UBNA_001,Telephone Field
984.2345,984.2414,43515.0,70265.0,Pipistrellus pipistrellus,0.55,0.665,-1,Echolocation,/mnt/ubna_data_01/recover-20220822/UBNA_001/20220819_100000.WAV,recover-20220822,UBNA_001,Telephone Field
984.3255,984.3348,46093.0,69983.0,Pipistrellus pipistrellus,0.502,0.67,-1,Echolocation,/mnt/ubna_data_01/recover-20220822/UBNA_001/20220819_100000.WAV,recover-20220822,UBNA_001,Telephone Field
984.4145,984.4226,46093.0,68582.0,Pipistrellus pipistrellus,0.586,0.737,-1,Echolocation,/mnt/ubna_data_01/recover-20220822/UBNA_001/20220819_100000.WAV,recover-20220822,UBNA_001,Telephone Field
984.5005,984.5095,46093.0,61874.0,Pipistrellus pipistrellus,0.444,0.585,-1,Echolocation,/mnt/ubna_data_01/recover-20220822/UBNA_001/20220819_100000.WAV,recover-20220822,UBNA_001,Telephone Field
984.6625,984.6694,46093.0,64918.0,Pipistrellus pipistrellus,0.46,0.677,-1,Echolocation,/mnt/ubna_data_01/recover-20220822/UBNA_001/20220819_100000.WAV,recover-20220822,UBNA_001,Telephone Field
984.9225,984.9309,45234.0,63911.0,Pipistrellus pipistrellus,0.51,0.638,-1,Echolocation,/mnt/ubna_data_01/recover-20220822/UBNA_001/20220819_100000.WAV,recover-20220822,UBNA_001,Telephone Field
984.9965,985.0038,44375.0,61951.0,Pipistrellus pipistrellus,0.484,0.661,-1,Echolocation,/mnt/ubna_data_01/recover-20220822/UBNA_001/20220819_100000.WAV,recover-20220822,UBNA_001,Telephone Field
985.0575,985.0656,46093.0,66880.0,Pipistrellus pipistrellus,0.502,0.636,-1,Echolocation,/mnt/ubna_data_01/recover-20220822/UBNA_001/20220819_100000.WAV,recover-20220822,UBNA_001,Telephone Field
985.1245,985.1315,44375.0,64089.0,Pipistrellus pipistrellus,0.538,0.667,-1,Echolocation,/mnt/ubna_data_01/recover-20220822/UBNA_001/20220819_100000.WAV,recover-20220822,UBNA_001,Telephone Field
986.7225,986.7295,46953.0,58863.0,Pipistrellus pipistrellus,0.487,0.516,-1,Echolocation,/mnt/ubna_data_01/recover-20220822/UBNA_001/20220819_100000.WAV,recover-20220822,UBNA_001,Telephone Field
986.7945,986.7997,46093.0,61369.0,Pipistrellus pipistrellus,0.459,0.543,-1,Echolocation,/mnt/ubna_data_01/recover-20220822/UBNA_001/20220819_100000.WAV,recover-20220822,UBNA_001,Telephone Field
986.8615,986.8672,46093.0,62865.0,Pipistrellus pipistrellus,0.53,0.625,-1,Echolocation,/mnt/ubna_data_01/recover-20220822/UBNA_001/20220819_100000.WAV,recover-20220822,UBNA_001,Telephone Field
986.9365,986.942,46093.0,64070.0,Pipistrellus pipistrellus,0.421,0.54,-1,Echolocation,/mnt/ubna_data_01/recover-20220822/UBNA_001/20220819_100000.WAV,recover-20220822,UBNA_001,Telephone Field
987.0264999999999,987.0324,46953.0,62620.0,Pipistrellus pipistrellus,0.476,0.556,-1,Echolocation,/mnt/ubna_data_01/recover-20220822/UBNA_001/20220819_100000.WAV,recover-20220822,UBNA_001,Telephone Field
987.0935,987.0976,46953.0,60605.0,Pipistrellus pipistrellus,0.487,0.517,-1,Echolocation,/mnt/ubna_data_01/recover-20220822/UBNA_001/20220819_100000.WAV,recover-20220822,UBNA_001,Telephone Field
987.4255,987.4308,47812.0,67204.0,Pipistrellus pipistrellus,0.414,0.518,-1,Echolocation,/mnt/ubna_data_01/recover-20220822/UBNA_001/20220819_100000.WAV,recover-20220822,UBNA_001,Telephone Field
987.4955,987.5002,48671.0,64798.0,Pipistrellus pipistrellus,0.509,0.578,-1,Echolocation,/mnt/ubna_data_01/recover-20220822/UBNA_001/20220819_100000.WAV,recover-20220822,UBNA_001,Telephone Field
987.5675,987.5727,47812.0,67069.0,Pipistrellus pipistrellus,0.448,0.533,-1,Echolocation,/mnt/ubna_data_01/recover-20220822/UBNA_001/20220819_100000.WAV,recover-20220822,UBNA_001,Telephone Field
987.6485,987.6543,46093.0,58973.0,Pipistrellus pipistrellus,0.576,0.645,-1,Echolocation,/mnt/ubna_data_01/recover-20220822/UBNA_001/20220819_100000.WAV,recover-20220822,UBNA_001,Telephone Field
987.7285,987.7366,46953.0,62123.0,Pipistrellus pipistrellus,0.531,0.669,-1,Echolocation,/mnt/ubna_data_01/recover-20220822/UBNA_001/20220819_100000.WAV,recover-20220822,UBNA_001,Telephone Field
987.8145,987.8201,46953.0,61816.0,Pipistrellus pipistrellus,0.622,0.681,-1,Echolocation,/mnt/ubna_data_01/recover-20220822/UBNA_001/20220819_100000.WAV,recover-20220822,UBNA_001,Telephone Field
987.9035,987.9091,48671.0,59748.0,Pipistrellus pipistrellus,0.531,0.586,-1,Echolocation,/mnt/ubna_data_01/recover-20220822/UBNA_001/20220819_100000.WAV,recover-20220822,UBNA_001,Telephone Field
987.9885,987.9947,46953.0,61861.0,Pipistrellus pipistrellus,0.591,0.675,-1,Echolocation,/mnt/ubna_data_01/recover-20220822/UBNA_001/20220819_100000.WAV,recover-20220822,UBNA_001,Telephone Field
988.0785,988.0864,46953.0,62315.0,Pipistrellus pipistrellus,0.521,0.643,-1,Echolocation,/mnt/ubna_data_01/recover-20220822/UBNA_001/20220819_100000.WAV,recover-20220822,UBNA_001,Telephone Field
988.2755,988.2829,46093.0,57509.0,Pipistrellus pipistrellus,0.538,0.62,-1,Echolocation,/mnt/ubna_data_01/recover-20220822/UBNA_001/20220819_100000.WAV,recover-20220822,UBNA_001,Telephone Field
988.3585,988.366,46953.0,56955.0,Pipistrellus pipistrellus,0.585,0.659,-1,Echolocation,/mnt/ubna_data_01/recover-20220822/UBNA_001/20220819_100000.WAV,recover-20220822,UBNA_001,Telephone Field
988.4505,988.4567,47812.0,55957.0,Pipistrellus pipistrellus,0.533,0.539,-1,Echolocation,/mnt/ubna_data_01/recover-20220822/UBNA_001/20220819_100000.WAV,recover-20220822,UBNA_001,Telephone Field
988.5485,988.5549,46953.0,55812.0,Pipistrellus pipistrellus,0.524,0.551,-1,Echolocation,/mnt/ubna_data_01/recover-20220822/UBNA_001/20220819_100000.WAV,recover-20220822,UBNA_001,Telephone Field
988.6405,988.6471,46093.0,58011.0,Pipistrellus pipistrellus,0.5,0.57,-1,Echolocation,/mnt/ubna_data_01/recover-20220822/UBNA_001/20220819_100000.WAV,recover-20220822,UBNA_001,Telephone Field
988.7405,988.747,46093.0,56535.0,Pipistrellus pipistrellus,0.486,0.515,-1,Echolocation,/mnt/ubna_data_01/recover-20220822/UBNA_001/20220819_100000.WAV,recover-20220822,UBNA_001,Telephone Field
988.8355,988.8424,46953.0,56497.0,Pipistrellus pipistrellus,0.554,0.588,-1,Echolocation,/mnt/ubna_data_01/recover-20220822/UBNA_001/20220819_100000.WAV,recover-20220822,UBNA_001,Telephone Field
989.0335,989.0394,46953.0,54829.0,Pipistrellus pipistrellus,0.555,0.569,-1,Echolocation,/mnt/ubna_data_01/recover-20220822/UBNA_001/20220819_100000.WAV,recover-20220822,UBNA_001,Telephone Field
989.1355,989.1421,46093.0,56618.0,Pipistrellus pipistrellus,0.523,0.554,-1,Echolocation,/mnt/ubna_data_01/recover-20220822/UBNA_001/20220819_100000.WAV,recover-20220822,UBNA_001,Telephone Field
989.2305,989.2372,46953.0,56824.0,Pipistrellus pipistrellus,0.567,0.608,-1,Echolocation,/mnt/ubna_data_01/recover-20220822/UBNA_001/20220819_100000.WAV,recover-20220822,UBNA_001,Telephone Field
989.5115,989.5187,45234.0,55365.0,Pipistrellus pipistrellus,0.516,0.556,-1,Echolocation,/mnt/ubna_data_01/recover-20220822/UBNA_001/20220819_100000.WAV,recover-20220822,UBNA_001,Telephone Field
989.7055,989.7122,46953.0,55970.0,Pipistrellus pipistrellus,0.567,0.584,-1,Echolocation,/mnt/ubna_data_01/recover-20220822/UBNA_001/20220819_100000.WAV,recover-20220822,UBNA_001,Telephone Field
989.9075,989.9139,46093.0,53717.0,Pipistrellus pipistrellus,0.516,0.531,-1,Echolocation,/mnt/ubna_data_01/recover-20220822/UBNA_001/20220819_100000.WAV,recover-20220822,UBNA_001,Telephone Field
1018.0845,1018.0934,40078.0,47411.0,Pipistrellus nathusii,0.488,0.564,-1,Echolocation,/mnt/ubna_data_01/recover-20220822/UBNA_001/20220819_100000.WAV,recover-20220822,UBNA_001,Telephone Field
1032.9415,1032.9475,47812.0,55348.0,Pipistrellus pipistrellus,0.549,0.575,-1,Echolocation,/mnt/ubna_data_01/recover-20220822/UBNA_001/20220819_100000.WAV,recover-20220822,UBNA_001,Telephone Field
1033.2105,1033.2189,46953.0,57454.0,Pipistrellus pipistrellus,0.459,0.632,-1,Echolocation,/mnt/ubna_data_01/recover-20220822/UBNA_001/20220819_100000.WAV,recover-20220822,UBNA_001,Telephone Field
1035.5245,1035.5312,46953.0,54253.0,Pipistrellus pipistrellus,0.486,0.526,-1,Echolocation,/mnt/ubna_data_01/recover-20220822/UBNA_001/20220819_100000.WAV,recover-20220822,UBNA_001,Telephone Field
1035.7065,1035.7116,46093.0,54623.0,Pipistrellus pipistrellus,0.507,0.527,-1,Echolocation,/mnt/ubna_data_01/recover-20220822/UBNA_001/20220819_100000.WAV,recover-20220822,UBNA_001,Telephone Field
1035.7945,1035.8,48671.0,58123.0,Pipistrellus pipistrellus,0.48,0.526,-1,Echolocation,/mnt/ubna_data_01/recover-20220822/UBNA_001/20220819_100000.WAV,recover-20220822,UBNA_001,Telephone Field
1036.0765,1036.0825,46953.0,60395.0,Pipistrellus pipistrellus,0.434,0.558,-1,Echolocation,/mnt/ubna_data_01/recover-20220822/UBNA_001/20220819_100000.WAV,recover-20220822,UBNA_001,Telephone Field
1036.2505,1036.2577,47812.0,64167.0,Pipistrellus pipistrellus,0.419,0.581,-1,Echolocation,/mnt/ubna_data_01/recover-20220822/UBNA_001/20220819_100000.WAV,recover-20220822,UBNA_001,Telephone Field
1036.3445,1036.3525,46953.0,57546.0,Pipistrellus pipistrellus,0.42,0.562,-1,Echolocation,/mnt/ubna_data_01/recover-20220822/UBNA_001/20220819_100000.WAV,recover-20220822,UBNA_001,Telephone Field
1036.4405,1036.4477,47812.0,59948.0,Pipistrellus pipistrellus,0.446,0.543,-1,Echolocation,/mnt/ubna_data_01/recover-20220822/UBNA_001/20220819_100000.WAV,recover-20220822,UBNA_001,Telephone Field
1036.5395,1036.5455,46953.0,57691.0,Pipistrellus pipistrellus,0.464,0.551,-1,Echolocation,/mnt/ubna_data_01/recover-20220822/UBNA_001/20220819_100000.WAV,recover-20220822,UBNA_001,Telephone Field
1036.7525,1036.7574,49531.0,59419.0,Pipistrellus pipistrellus,0.375,0.519,-1,Echolocation,/mnt/ubna_data_01/recover-20220822/UBNA_001/20220819_100000.WAV,recover-20220822,UBNA_001,Telephone Field
1036.8435,1036.8504,45234.0,58131.0,Pipistrellus pipistrellus,0.482,0.588,-1,Echolocation,/mnt/ubna_data_01/recover-20220822/UBNA_001/20220819_100000.WAV,recover-20220822,UBNA_001,Telephone Field
1037.0775,1037.0848,46953.0,61135.0,Pipistrellus pipistrellus,0.493,0.632,-1,Echolocation,/mnt/ubna_data_01/recover-20220822/UBNA_001/20220819_100000.WAV,recover-20220822,UBNA_001,Telephone Field
1037.2785,1037.2871,46093.0,62625.0,Pipistrellus pipistrellus,0.436,0.635,-1,Echolocation,/mnt/ubna_data_01/recover-20220822/UBNA_001/20220819_100000.WAV,recover-20220822,UBNA_001,Telephone Field
1037.4825,1037.4918,45234.0,61505.0,Pipistrellus pipistrellus,0.41,0.601,-1,Echolocation,/mnt/ubna_data_01/recover-20220822/UBNA_001/20220819_100000.WAV,recover-20220822,UBNA_001,Telephone Field
1037.5875,1037.5986,45234.0,63091.0,Pipistrellus pipistrellus,0.439,0.621,-1,Echolocation,/mnt/ubna_data_01/recover-20220822/UBNA_001/20220819_100000.WAV,recover-20220822,UBNA_001,Telephone Field
1037.6835,1037.6953,44375.0,64558.0,Pipistrellus pipistrellus,0.415,0.592,-1,Echolocation,/mnt/ubna_data_01/recover-20220822/UBNA_001/20220819_100000.WAV,recover-20220822,UBNA_001,Telephone Field
1037.8735,1037.8848,46093.0,60594.0,Pipistrellus pipistrellus,0.387,0.57,-1,Echolocation,/mnt/ubna_data_01/recover-20220822/UBNA_001/20220819_100000.WAV,recover-20220822,UBNA_001,Telephone Field
1037.9515,1037.9601,46953.0,61616.0,Pipistrellus pipistrellus,0.475,0.61,-1,Echolocation,/mnt/ubna_data_01/recover-20220822/UBNA_001/20220819_100000.WAV,recover-20220822,UBNA_001,Telephone Field
1038.0185,1038.0228,46953.0,59868.0,Pipistrellus pipistrellus,0.487,0.536,-1,Echolocation,/mnt/ubna_data_01/recover-20220822/UBNA_001/20220819_100000.WAV,recover-20220822,UBNA_001,Telephone Field
1038.0805,1038.0844,47812.0,61179.0,Pipistrellus pipistrellus,0.483,0.542,-1,Echolocation,/mnt/ubna_data_01/recover-20220822/UBNA_001/20220819_100000.WAV,recover-20220822,UBNA_001,Telephone Field
1038.7335,1038.7382,49531.0,66818.0,Pipistrellus pipistrellus,0.395,0.613,-1,Echolocation,/mnt/ubna_data_01/recover-20220822/UBNA_001/20220819_100000.WAV,recover-20220822,UBNA_001,Telephone Field
1038.8095,1038.8166,44375.0,73828.0,Pipistrellus pipistrellus,0.529,0.734,-1,Echolocation,/mnt/ubna_data_01/recover-20220822/UBNA_001/20220819_100000.WAV,recover-20220822,UBNA_001,Telephone Field
1038.8935,1038.9009,47812.0,63301.0,Pipistrellus pipistrellus,0.435,0.622,-1,Echolocation,/mnt/ubna_data_01/recover-20220822/UBNA_001/20220819_100000.WAV,recover-20220822,UBNA_001,Telephone Field
1038.9775,1038.9864,44375.0,69854.0,Pipistrellus pipistrellus,0.402,0.614,-1,Echolocation,/mnt/ubna_data_01/recover-20220822/UBNA_001/20220819_100000.WAV,recover-20220822,UBNA_001,Telephone Field
1039.0595,1039.0665,45234.0,73027.0,Pipistrellus pipistrellus,0.435,0.673,-1,Echolocation,/mnt/ubna_data_01/recover-20220822/UBNA_001/20220819_100000.WAV,recover-20220822,UBNA_001,Telephone Field
1039.2065,1039.2156,45234.0,68643.0,Pipistrellus pipistrellus,0.438,0.716,-1,Echolocation,/mnt/ubna_data_01/recover-20220822/UBNA_001/20220819_100000.WAV,recover-20220822,UBNA_001,Telephone Field
1039.2905,1039.2992,44375.0,70377.0,Pipistrellus pipistrellus,0.373,0.666,-1,Echolocation,/mnt/ubna_data_01/recover-20220822/UBNA_001/20220819_100000.WAV,recover-20220822,UBNA_001,Telephone Field
1039.3815,1039.3901,44375.0,71600.0,Pipistrellus pipistrellus,0.369,0.65,-1,Echolocation,/mnt/ubna_data_01/recover-20220822/UBNA_001/20220819_100000.WAV,recover-20220822,UBNA_001,Telephone Field
1039.4485,1039.4541,45234.0,76556.0,Pipistrellus pipistrellus,0.436,0.582,-1,Echolocation,/mnt/ubna_data_01/recover-20220822/UBNA_001/20220819_100000.WAV,recover-20220822,UBNA_001,Telephone Field
1039.5015,1039.5077,43515.0,81124.0,Pipistrellus pipistrellus,0.399,0.612,-1,Echolocation,/mnt/ubna_data_01/recover-20220822/UBNA_001/20220819_100000.WAV,recover-20220822,UBNA_001,Telephone Field
1039.5535,1039.5597,42656.0,78015.0,Pipistrellus pipistrellus,0.319,0.583,-1,Echolocation,/mnt/ubna_data_01/recover-20220822/UBNA_001/20220819_100000.WAV,recover-20220822,UBNA_001,Telephone Field
1039.6005,1039.6061,42656.0,75721.0,Pipistrellus pipistrellus,0.227,0.578,-1,Echolocation,/mnt/ubna_data_01/recover-20220822/UBNA_001/20220819_100000.WAV,recover-20220822,UBNA_001,Telephone Field
1039.8995,1039.905,44375.0,65760.0,Pipistrellus pipistrellus,0.228,0.525,-1,Echolocation,/mnt/ubna_data_01/recover-20220822/UBNA_001/20220819_100000.WAV,recover-20220822,UBNA_001,Telephone Field
1039.9735,1039.9802,43515.0,78319.0,Pipistrellus pipistrellus,0.39,0.646,-1,Echolocation,/mnt/ubna_data_01/recover-20220822/UBNA_001/20220819_100000.WAV,recover-20220822,UBNA_001,Telephone Field
1040.0585,1040.0653,45234.0,63794.0,Pipistrellus pipistrellus,0.451,0.533,-1,Echolocation,/mnt/ubna_data_01/recover-20220822/UBNA_001/20220819_100000.WAV,recover-20220822,UBNA_001,Telephone Field
1040.2295,1040.2384,46953.0,59370.0,Pipistrellus pipistrellus,0.471,0.555,-1,Echolocation,/mnt/ubna_data_01/recover-20220822/UBNA_001/20220819_100000.WAV,recover-20220822,UBNA_001,Telephone Field
1040.3145,1040.321,45234.0,61025.0,Pipistrellus pipistrellus,0.501,0.563,-1,Echolocation,/mnt/ubna_data_01/recover-20220822/UBNA_001/20220819_100000.WAV,recover-20220822,UBNA_001,Telephone Field
1040.4945,1040.5035,45234.0,63090.0,Pipistrellus pipistrellus,0.427,0.593,-1,Echolocation,/mnt/ubna_data_01/recover-20220822/UBNA_001/20220819_100000.WAV,recover-20220822,UBNA_001,Telephone Field
1040.5845,1040.5908,48671.0,57559.0,Pipistrellus pipistrellus,0.607,0.651,-1,Echolocation,/mnt/ubna_data_01/recover-20220822/UBNA_001/20220819_100000.WAV,recover-20220822,UBNA_001,Telephone Field
1040.6695,1040.6763,46953.0,56197.0,Pipistrellus pipistrellus,0.522,0.553,-1,Echolocation,/mnt/ubna_data_01/recover-20220822/UBNA_001/20220819_100000.WAV,recover-20220822,UBNA_001,Telephone Field
1041.3565,1041.3623,48671.0,60852.0,Pipistrellus pipistrellus,0.53,0.576,-1,Echolocation,/mnt/ubna_data_01/recover-20220822/UBNA_001/20220819_100000.WAV,recover-20220822,UBNA_001,Telephone Field
1041.6745,1041.682,46093.0,58240.0,Pipistrellus pipistrellus,0.488,0.546,-1,Echolocation,/mnt/ubna_data_01/recover-20220822/UBNA_001/20220819_100000.WAV,recover-20220822,UBNA_001,Telephone Field
1042.5745,1042.5811,46953.0,56726.0,Pipistrellus pipistrellus,0.444,0.528,-1,Echolocation,/mnt/ubna_data_01/recover-20220822/UBNA_001/20220819_100000.WAV,recover-20220822,UBNA_001,Telephone Field
1044.3185,1044.3243,49531.0,59104.0,Pipistrellus pipistrellus,0.557,0.577,-1,Echolocation,/mnt/ubna_data_01/recover-20220822/UBNA_001/20220819_100000.WAV,recover-20220822,UBNA_001,Telephone Field
1045.6115,1045.6163,44375.0,57943.0,Pipistrellus pipistrellus,0.461,0.566,-1,Echolocation,/mnt/ubna_data_01/recover-20220822/UBNA_001/20220819_100000.WAV,recover-20220822,UBNA_001,Telephone Field
1045.7895,1045.7946,46093.0,55994.0,Pipistrellus pipistrellus,0.501,0.528,-1,Echolocation,/mnt/ubna_data_01/recover-20220822/UBNA_001/20220819_100000.WAV,recover-20220822,UBNA_001,Telephone Field
1048.0065,1048.0157,41796.0,48328.0,Pipistrellus nathusii,0.448,0.523,-1,Echolocation,/mnt/ubna_data_01/recover-20220822/UBNA_001/20220819_100000.WAV,recover-20220822,UBNA_001,Telephone Field
1048.1925,1048.2018,41796.0,53505.0,Pipistrellus nathusii,0.26,0.514,-1,Echolocation,/mnt/ubna_data_01/recover-20220822/UBNA_001/20220819_100000.WAV,recover-20220822,UBNA_001,Telephone Field
1048.4635,1048.4697,40078.0,55677.0,Pipistrellus nathusii,0.357,0.505,-1,Echolocation,/mnt/ubna_data_01/recover-20220822/UBNA_001/20220819_100000.WAV,recover-20220822,UBNA_001,Telephone Field
1052.5795,1052.5852,47812.0,57351.0,Pipistrellus pipistrellus,0.534,0.636,-1,Echolocation,/mnt/ubna_data_01/recover-20220822/UBNA_001/20220819_100000.WAV,recover-20220822,UBNA_001,Telephone Field
1053.2775,1053.2844,43515.0,63711.0,Pipistrellus pipistrellus,0.186,0.511,-1,Echolocation,/mnt/ubna_data_01/recover-20220822/UBNA_001/20220819_100000.WAV,recover-20220822,UBNA_001,Telephone Field
1053.4995,1053.5049,44375.0,62594.0,Pipistrellus pipistrellus,0.384,0.589,-1,Echolocation,/mnt/ubna_data_01/recover-20220822/UBNA_001/20220819_100000.WAV,recover-20220822,UBNA_001,Telephone Field
1061.3965,1061.4032,47812.0,53672.0,Pipistrellus pipistrellus,0.534,0.59,-1,Echolocation,/mnt/ubna_data_01/recover-20220822/UBNA_001/20220819_100000.WAV,recover-20220822,UBNA_001,Telephone Field
1061.5525,1061.559,48671.0,55717.0,Pipistrellus pipistrellus,0.446,0.519,-1,Echolocation,/mnt/ubna_data_01/recover-20220822/UBNA_001/20220819_100000.WAV,recover-20220822,UBNA_001,Telephone Field
1061.6415,1061.647,46093.0,55812.0,Pipistrellus pipistrellus,0.528,0.564,-1,Echolocation,/mnt/ubna_data_01/recover-20220822/UBNA_001/20220819_100000.WAV,recover-20220822,UBNA_001,Telephone Field
1068.6125,1068.6201,40078.0,48983.0,Pipistrellus nathusii,0.427,0.523,-1,Echolocation,/mnt/ubna_data_01/recover-20220822/UBNA_001/20220819_100000.WAV,recover-20220822,UBNA_001,Telephone Field
1069.5165,1069.5253,41796.0,53433.0,Pipistrellus nathusii,0.467,0.517,-1,Echolocation,/mnt/ubna_data_01/recover-20220822/UBNA_001/20220819_100000.WAV,recover-20220822,UBNA_001,Telephone Field
1069.9525,1069.9597,41796.0,56191.0,Pipistrellus nathusii,0.335,0.503,-1,Echolocation,/mnt/ubna_data_01/recover-20220822/UBNA_001/20220819_100000.WAV,recover-20220822,UBNA_001,Telephone Field
1070.0515,1070.0579,47812.0,53774.0,Pipistrellus pipistrellus,0.486,0.518,-1,Echolocation,/mnt/ubna_data_01/recover-20220822/UBNA_001/20220819_100000.WAV,recover-20220822,UBNA_001,Telephone Field
1070.2535,1070.2605,47812.0,54396.0,Pipistrellus pipistrellus,0.479,0.53,-1,Echolocation,/mnt/ubna_data_01/recover-20220822/UBNA_001/20220819_100000.WAV,recover-20220822,UBNA_001,Telephone Field
1071.1225,1071.1284,43515.0,51650.0,Pipistrellus pipistrellus,0.517,0.554,-1,Echolocation,/mnt/ubna_data_01/recover-20220822/UBNA_001/20220819_100000.WAV,recover-20220822,UBNA_001,Telephone Field
1071.5255,1071.5329,45234.0,50884.0,Pipistrellus pipistrellus,0.47,0.504,-1,Echolocation,/mnt/ubna_data_01/recover-20220822/UBNA_001/20220819_100000.WAV,recover-20220822,UBNA_001,Telephone Field
1074.7185,1074.7231,49531.0,60534.0,Pipistrellus pipistrellus,0.484,0.511,-1,Echolocation,/mnt/ubna_data_01/recover-20220822/UBNA_001/20220819_100000.WAV,recover-20220822,UBNA_001,Telephone Field
1074.9895,1074.994,47812.0,59436.0,Pipistrellus pipistrellus,0.556,0.585,-1,Echolocation,/mnt/ubna_data_01/recover-20220822/UBNA_001/20220819_100000.WAV,recover-20220822,UBNA_001,Telephone Field
1075.0855,1075.0921,46953.0,58718.0,Pipistrellus pipistrellus,0.512,0.612,-1,Echolocation,/mnt/ubna_data_01/recover-20220822/UBNA_001/20220819_100000.WAV,recover-20220822,UBNA_001,Telephone Field
1075.1845,1075.19,46953.0,55428.0,Pipistrellus pipistrellus,0.564,0.591,-1,Echolocation,/mnt/ubna_data_01/recover-20220822/UBNA_001/20220819_100000.WAV,recover-20220822,UBNA_001,Telephone Field
1075.3045,1075.3116,46953.0,57366.0,Pipistrellus pipistrellus,0.501,0.593,-1,Echolocation,/mnt/ubna_data_01/recover-20220822/UBNA_001/20220819_100000.WAV,recover-20220822,UBNA_001,Telephone Field
1075.3795,1075.3843,46093.0,61186.0,Pipistrellus pipistrellus,0.468,0.528,-1,Echolocation,/mnt/ubna_data_01/recover-20220822/UBNA_001/20220819_100000.WAV,recover-20220822,UBNA_001,Telephone Field
1075.5265,1075.5324,46953.0,59789.0,Pipistrellus pipistrellus,0.511,0.566,-1,Echolocation,/mnt/ubna_data_01/recover-20220822/UBNA_001/20220819_100000.WAV,recover-20220822,UBNA_001,Telephone Field
1075.6165,1075.6212,44375.0,57590.0,Pipistrellus pipistrellus,0.431,0.513,-1,Echolocation,/mnt/ubna_data_01/recover-20220822/UBNA_001/20220819_100000.WAV,recover-20220822,UBNA_001,Telephone Field
1075.7065,1075.712,45234.0,62247.0,Pipistrellus pipistrellus,0.458,0.556,-1,Echolocation,/mnt/ubna_data_01/recover-20220822/UBNA_001/20220819_100000.WAV,recover-20220822,UBNA_001,Telephone Field
1075.8085,1075.8152,45234.0,54255.0,Pipistrellus pipistrellus,0.557,0.603,-1,Echolocation,/mnt/ubna_data_01/recover-20220822/UBNA_001/20220819_100000.WAV,recover-20220822,UBNA_001,Telephone Field
1076.0725,1076.0773,48671.0,62253.0,Pipistrellus pipistrellus,0.557,0.714,-1,Echolocation,/mnt/ubna_data_01/recover-20220822/UBNA_001/20220819_100000.WAV,recover-20220822,UBNA_001,Telephone Field
1076.1785,1076.1839,48671.0,53927.0,Pipistrellus pipistrellus,0.451,0.559,-1,Echolocation,/mnt/ubna_data_01/recover-20220822/UBNA_001/20220819_100000.WAV,recover-20220822,UBNA_001,Telephone Field
1076.2775,1076.2841,47812.0,59015.0,Pipistrellus pipistrellus,0.388,0.607,-1,Echolocation,/mnt/ubna_data_01/recover-20220822/UBNA_001/20220819_100000.WAV,recover-20220822,UBNA_001,Telephone Field
1077.1705,1077.175,42656.0,61069.0,Myotis mystacinus,0.186,0.507,-1,Echolocation,/mnt/ubna_data_01/recover-20220822/UBNA_001/20220819_100000.WAV,recover-20220822,UBNA_001,Telephone Field
1077.3275,1077.331,50390.0,62447.0,Pipistrellus pipistrellus,0.2,0.509,-1,Echolocation,/mnt/ubna_data_01/recover-20220822/UBNA_001/20220819_100000.WAV,recover-20220822,UBNA_001,Telephone Field
1077.4785,1077.4829,46093.0,58380.0,Pipistrellus pipistrellus,0.22,0.541,-1,Echolocation,/mnt/ubna_data_01/recover-20220822/UBNA_001/20220819_100000.WAV,recover-20220822,UBNA_001,Telephone Field
1077.7305,1077.7347,47812.0,59599.0,Pipistrellus pipistrellus,0.317,0.508,-1,Echolocation,/mnt/ubna_data_01/recover-20220822/UBNA_001/20220819_100000.WAV,recover-20220822,UBNA_001,Telephone Field
1078.2545,1078.2595,48671.0,60166.0,Pipistrellus pipistrellus,0.537,0.592,-1,Echolocation,/mnt/ubna_data_01/recover-20220822/UBNA_001/20220819_100000.WAV,recover-20220822,UBNA_001,Telephone Field
1078.4775,1078.482,46953.0,58535.0,Pipistrellus pipistrellus,0.475,0.545,-1,Echolocation,/mnt/ubna_data_01/recover-20220822/UBNA_001/20220819_100000.WAV,recover-20220822,UBNA_001,Telephone Field
1078.6455,1078.6509,47812.0,55014.0,Pipistrellus pipistrellus,0.477,0.551,-1,Echolocation,/mnt/ubna_data_01/recover-20220822/UBNA_001/20220819_100000.WAV,recover-20220822,UBNA_001,Telephone Field
1080.2245,1080.2295,47812.0,62131.0,Pipistrellus pipistrellus,0.507,0.623,-1,Echolocation,/mnt/ubna_data_01/recover-20220822/UBNA_001/20220819_100000.WAV,recover-20220822,UBNA_001,Telephone Field
1080.2935,1080.2981,46953.0,62056.0,Pipistrellus pipistrellus,0.582,0.664,-1,Echolocation,/mnt/ubna_data_01/recover-20220822/UBNA_001/20220819_100000.WAV,recover-20220822,UBNA_001,Telephone Field
1080.3555,1080.3593,47812.0,62386.0,Pipistrellus pipistrellus,0.467,0.558,-1,Echolocation,/mnt/ubna_data_01/recover-20220822/UBNA_001/20220819_100000.WAV,recover-20220822,UBNA_001,Telephone Field
1080.4175,1080.4221,46953.0,63385.0,Pipistrellus pipistrellus,0.402,0.51,-1,Echolocation,/mnt/ubna_data_01/recover-20220822/UBNA_001/20220819_100000.WAV,recover-20220822,UBNA_001,Telephone Field
1080.8665,1080.8704,46093.0,60153.0,Pipistrellus pipistrellus,0.437,0.52,-1,Echolocation,/mnt/ubna_data_01/recover-20220822/UBNA_001/20220819_100000.WAV,recover-20220822,UBNA_001,Telephone Field
1080.9415,1080.9455,46093.0,59925.0,Pipistrellus pipistrellus,0.475,0.539,-1,Echolocation,/mnt/ubna_data_01/recover-20220822/UBNA_001/20220819_100000.WAV,recover-20220822,UBNA_001,Telephone Field
1081.0415,1081.0463,46953.0,61237.0,Pipistrellus pipistrellus,0.425,0.538,-1,Echolocation,/mnt/ubna_data_01/recover-20220822/UBNA_001/20220819_100000.WAV,recover-20220822,UBNA_001,Telephone Field
1081.0935,1081.0984,46953.0,60685.0,Pipistrellus pipistrellus,0.543,0.645,-1,Echolocation,/mnt/ubna_data_01/recover-20220822/UBNA_001/20220819_100000.WAV,recover-20220822,UBNA_001,Telephone Field
1081.1745,1081.1793,45234.0,61198.0,Pipistrellus pipistrellus,0.512,0.698,-1,Echolocation,/mnt/ubna_data_01/recover-20220822/UBNA_001/20220819_100000.WAV,recover-20220822,UBNA_001,Telephone Field
1081.2675,1081.2748,44375.0,65531.0,Pipistrellus pipistrellus,0.44,0.698,-1,Echolocation,/mnt/ubna_data_01/recover-20220822/UBNA_001/20220819_100000.WAV,recover-20220822,UBNA_001,Telephone Field
1081.4695,1081.4749,46093.0,61558.0,Pipistrellus pipistrellus,0.398,0.601,-1,Echolocation,/mnt/ubna_data_01/recover-20220822/UBNA_001/20220819_100000.WAV,recover-20220822,UBNA_001,Telephone Field
1082.0665,1082.0735,47812.0,64324.0,Pipistrellus pipistrellus,0.587,0.722,-1,Echolocation,/mnt/ubna_data_01/recover-20220822/UBNA_001/20220819_100000.WAV,recover-20220822,UBNA_001,Telephone Field
1082.1435,1082.1514,47812.0,66630.0,Pipistrellus pipistrellus,0.545,0.719,-1,Echolocation,/mnt/ubna_data_01/recover-20220822/UBNA_001/20220819_100000.WAV,recover-20220822,UBNA_001,Telephone Field
1082.2255,1082.2319,46953.0,67253.0,Pipistrellus pipistrellus,0.621,0.747,-1,Echolocation,/mnt/ubna_data_01/recover-20220822/UBNA_001/20220819_100000.WAV,recover-20220822,UBNA_001,Telephone Field
1082.3105,1082.3153,47812.0,61330.0,Pipistrellus pipistrellus,0.595,0.642,-1,Echolocation,/mnt/ubna_data_01/recover-20220822/UBNA_001/20220819_100000.WAV,recover-20220822,UBNA_001,Telephone Field
1082.3965,1082.4013,47812.0,61309.0,Pipistrellus pipistrellus,0.528,0.568,-1,Echolocation,/mnt/ubna_data_01/recover-20220822/UBNA_001/20220819_100000.WAV,recover-20220822,UBNA_001,Telephone Field
1082.8565,1082.8623,43515.0,62138.0,Pipistrellus pipistrellus,0.325,0.584,-1,Echolocation,/mnt/ubna_data_01/recover-20220822/UBNA_001/20220819_100000.WAV,recover-20220822,UBNA_001,Telephone Field
1082.9225,1082.9295,46093.0,62482.0,Pipistrellus pipistrellus,0.456,0.537,-1,Echolocation,/mnt/ubna_data_01/recover-20220822/UBNA_001/20220819_100000.WAV,recover-20220822,UBNA_001,Telephone Field
1082.9995,1083.0083,46953.0,59556.0,Pipistrellus pipistrellus,0.324,0.596,-1,Echolocation,/mnt/ubna_data_01/recover-20220822/UBNA_001/20220819_100000.WAV,recover-20220822,UBNA_001,Telephone Field
1084.8975,1084.9035,47812.0,55064.0,Pipistrellus pipistrellus,0.562,0.581,-1,Echolocation,/mnt/ubna_data_01/recover-20220822/UBNA_001/20220819_100000.WAV,recover-20220822,UBNA_001,Telephone Field
1085.8165,1085.8208,49531.0,61606.0,Pipistrellus pipistrellus,0.532,0.59,-1,Echolocation,/mnt/ubna_data_01/recover-20220822/UBNA_001/20220819_100000.WAV,recover-20220822,UBNA_001,Telephone Field
1085.9895,1085.9955,46953.0,61957.0,Pipistrellus pipistrellus,0.445,0.584,-1,Echolocation,/mnt/ubna_data_01/recover-20220822/UBNA_001/20220819_100000.WAV,recover-20220822,UBNA_001,Telephone Field
1086.0775,1086.0865,45234.0,65171.0,Pipistrellus pipistrellus,0.4,0.594,-1,Echolocation,/mnt/ubna_data_01/recover-20220822/UBNA_001/20220819_100000.WAV,recover-20220822,UBNA_001,Telephone Field
1086.1645,1086.1716,47812.0,61214.0,Pipistrellus pipistrellus,0.515,0.624,-1,Echolocation,/mnt/ubna_data_01/recover-20220822/UBNA_001/20220819_100000.WAV,recover-20220822,UBNA_001,Telephone Field
1086.2585,1086.2675,46093.0,61517.0,Pipistrellus pipistrellus,0.313,0.539,-1,Echolocation,/mnt/ubna_data_01/recover-20220822/UBNA_001/20220819_100000.WAV,recover-20220822,UBNA_001,Telephone Field
1086.4545,1086.463,46953.0,59345.0,Pipistrellus pipistrellus,0.412,0.551,-1,Echolocation,/mnt/ubna_data_01/recover-20220822/UBNA_001/20220819_100000.WAV,recover-20220822,UBNA_001,Telephone Field
1086.5495,1086.5574,47812.0,63977.0,Pipistrellus pipistrellus,0.476,0.666,-1,Echolocation,/mnt/ubna_data_01/recover-20220822/UBNA_001/20220819_100000.WAV,recover-20220822,UBNA_001,Telephone Field
1086.6495,1086.6575,46093.0,55957.0,Pipistrellus pipistrellus,0.46,0.54,-1,Echolocation,/mnt/ubna_data_01/recover-20220822/UBNA_001/20220819_100000.WAV,recover-20220822,UBNA_001,Telephone Field
1086.7765,1086.7845,47812.0,62395.0,Pipistrellus pipistrellus,0.521,0.646,-1,Echolocation,/mnt/ubna_data_01/recover-20220822/UBNA_001/20220819_100000.WAV,recover-20220822,UBNA_001,Telephone Field
1086.8555,1086.8638,47812.0,61345.0,Pipistrellus pipistrellus,0.453,0.592,-1,Echolocation,/mnt/ubna_data_01/recover-20220822/UBNA_001/20220819_100000.WAV,recover-20220822,UBNA_001,Telephone Field
1086.9595,1086.9673,46953.0,57386.0,Pipistrellus pipistrellus,0.424,0.527,-1,Echolocation,/mnt/ubna_data_01/recover-20220822/UBNA_001/20220819_100000.WAV,recover-20220822,UBNA_001,Telephone Field
1087.0625,1087.0706,46953.0,64993.0,Pipistrellus pipistrellus,0.429,0.639,-1,Echolocation,/mnt/ubna_data_01/recover-20220822/UBNA_001/20220819_100000.WAV,recover-20220822,UBNA_001,Telephone Field
1087.1665,1087.1761,45234.0,64322.0,Pipistrellus pipistrellus,0.511,0.675,-1,Echolocation,/mnt/ubna_data_01/recover-20220822/UBNA_001/20220819_100000.WAV,recover-20220822,UBNA_001,Telephone Field
1087.2605,1087.2708,46093.0,66105.0,Pipistrellus pipistrellus,0.47,0.613,-1,Echolocation,/mnt/ubna_data_01/recover-20220822/UBNA_001/20220819_100000.WAV,recover-20220822,UBNA_001,Telephone Field
1087.3625,1087.371,46093.0,67466.0,Pipistrellus pipistrellus,0.571,0.694,-1,Echolocation,/mnt/ubna_data_01/recover-20220822/UBNA_001/20220819_100000.WAV,recover-20220822,UBNA_001,Telephone Field
1087.4575,1087.4677,45234.0,66871.0,Pipistrellus pipistrellus,0.322,0.537,-1,Echolocation,/mnt/ubna_data_01/recover-20220822/UBNA_001/20220819_100000.WAV,recover-20220822,UBNA_001,Telephone Field
1087.5565,1087.5662,46093.0,59085.0,Pipistrellus pipistrellus,0.376,0.556,-1,Echolocation,/mnt/ubna_data_01/recover-20220822/UBNA_001/20220819_100000.WAV,recover-20220822,UBNA_001,Telephone Field
1087.6365,1087.6435,46093.0,63482.0,Pipistrellus pipistrellus,0.457,0.621,-1,Echolocation,/mnt/ubna_data_01/recover-20220822/UBNA_001/20220819_100000.WAV,recover-20220822,UBNA_001,Telephone Field
1087.7195,1087.7278,46093.0,67802.0,Pipistrellus pipistrellus,0.416,0.568,-1,Echolocation,/mnt/ubna_data_01/recover-20220822/UBNA_001/20220819_100000.WAV,recover-20220822,UBNA_001,Telephone Field
1087.8095,1087.8179,44375.0,73259.0,Pipistrellus pipistrellus,0.561,0.698,-1,Echolocation,/mnt/ubna_data_01/recover-20220822/UBNA_001/20220819_100000.WAV,recover-20220822,UBNA_001,Telephone Field
1087.9925,1087.9999,46093.0,68954.0,Pipistrellus pipistrellus,0.433,0.576,-1,Echolocation,/mnt/ubna_data_01/recover-20220822/UBNA_001/20220819_100000.WAV,recover-20220822,UBNA_001,Telephone Field
1088.0815,1088.0873,46093.0,69330.0,Pipistrellus pipistrellus,0.465,0.591,-1,Echolocation,/mnt/ubna_data_01/recover-20220822/UBNA_001/20220819_100000.WAV,recover-20220822,UBNA_001,Telephone Field
1088.1685,1088.175,46093.0,72462.0,Pipistrellus pipistrellus,0.436,0.57,-1,Echolocation,/mnt/ubna_data_01/recover-20220822/UBNA_001/20220819_100000.WAV,recover-20220822,UBNA_001,Telephone Field
1088.2355,1088.2416,46093.0,72310.0,Pipistrellus pipistrellus,0.387,0.55,-1,Echolocation,/mnt/ubna_data_01/recover-20220822/UBNA_001/20220819_100000.WAV,recover-20220822,UBNA_001,Telephone Field
1088.3545,1088.3619,45234.0,74703.0,Pipistrellus pipistrellus,0.353,0.615,-1,Echolocation,/mnt/ubna_data_01/recover-20220822/UBNA_001/20220819_100000.WAV,recover-20220822,UBNA_001,Telephone Field
1088.4465,1088.4526,44375.0,70298.0,Pipistrellus pipistrellus,0.487,0.602,-1,Echolocation,/mnt/ubna_data_01/recover-20220822/UBNA_001/20220819_100000.WAV,recover-20220822,UBNA_001,Telephone Field
1088.5345,1088.5414,44375.0,74890.0,Pipistrellus pipistrellus,0.598,0.739,-1,Echolocation,/mnt/ubna_data_01/recover-20220822/UBNA_001/20220819_100000.WAV,recover-20220822,UBNA_001,Telephone Field
1088.6055,1088.6111,43515.0,75381.0,Pipistrellus pipistrellus,0.411,0.605,-1,Echolocation,/mnt/ubna_data_01/recover-20220822/UBNA_001/20220819_100000.WAV,recover-20220822,UBNA_001,Telephone Field
1088.6705,1088.6769,45234.0,71481.0,Pipistrellus pipistrellus,0.533,0.666,-1,Echolocation,/mnt/ubna_data_01/recover-20220822/UBNA_001/20220819_100000.WAV,recover-20220822,UBNA_001,Telephone Field
1088.7405,1088.7483,45234.0,70586.0,Pipistrellus pipistrellus,0.522,0.685,-1,Echolocation,/mnt/ubna_data_01/recover-20220822/UBNA_001/20220819_100000.WAV,recover-20220822,UBNA_001,Telephone Field
1088.8305,1088.8388,46093.0,64306.0,Pipistrellus pipistrellus,0.525,0.719,-1,Echolocation,/mnt/ubna_data_01/recover-20220822/UBNA_001/20220819_100000.WAV,recover-20220822,UBNA_001,Telephone Field
1088.9225,1088.9287,44375.0,69960.0,Pipistrellus pipistrellus,0.489,0.631,-1,Echolocation,/mnt/ubna_data_01/recover-20220822/UBNA_001/20220819_100000.WAV,recover-20220822,UBNA_001,Telephone Field
1089.0125,1089.0192,45234.0,63019.0,Pipistrellus pipistrellus,0.451,0.575,-1,Echolocation,/mnt/ubna_data_01/recover-20220822/UBNA_001/20220819_100000.WAV,recover-20220822,UBNA_001,Telephone Field
1089.5805,1089.5867,45234.0,64027.0,Pipistrellus pipistrellus,0.504,0.606,-1,Echolocation,/mnt/ubna_data_01/recover-20220822/UBNA_001/20220819_100000.WAV,recover-20220822,UBNA_001,Telephone Field
1089.7345,1089.7402,44375.0,63757.0,Pipistrellus pipistrellus,0.509,0.672,-1,Echolocation,/mnt/ubna_data_01/recover-20220822/UBNA_001/20220819_100000.WAV,recover-20220822,UBNA_001,Telephone Field
1089.8255,1089.8304,46953.0,59090.0,Pipistrellus pipistrellus,0.566,0.623,-1,Echolocation,/mnt/ubna_data_01/recover-20220822/UBNA_001/20220819_100000.WAV,recover-20220822,UBNA_001,Telephone Field
1089.9105,1089.9166,45234.0,63072.0,Pipistrellus pipistrellus,0.559,0.697,-1,Echolocation,/mnt/ubna_data_01/recover-20220822/UBNA_001/20220819_100000.WAV,recover-20220822,UBNA_001,Telephone Field
1090.0875,1090.0925,45234.0,58913.0,Pipistrellus pipistrellus,0.547,0.601,-1,Echolocation,/mnt/ubna_data_01/recover-20220822/UBNA_001/20220819_100000.WAV,recover-20220822,UBNA_001,Telephone Field
1090.1745,1090.1794,47812.0,58009.0,Pipistrellus pipistrellus,0.59,0.632,-1,Echolocation,/mnt/ubna_data_01/recover-20220822/UBNA_001/20220819_100000.WAV,recover-20220822,UBNA_001,Telephone Field
1090.2615,1090.2671,46093.0,59188.0,Pipistrellus pipistrellus,0.502,0.633,-1,Echolocation,/mnt/ubna_data_01/recover-20220822/UBNA_001/20220819_100000.WAV,recover-20220822,UBNA_001,Telephone Field
1090.5335,1090.5389,46953.0,55060.0,Pipistrellus pipistrellus,0.528,0.544,-1,Echolocation,/mnt/ubna_data_01/recover-20220822/UBNA_001/20220819_100000.WAV,recover-20220822,UBNA_001,Telephone Field
1091.0145,1091.0202,45234.0,53076.0,Pipistrellus pipistrellus,0.515,0.544,-1,Echolocation,/mnt/ubna_data_01/recover-20220822/UBNA_001/20220819_100000.WAV,recover-20220822,UBNA_001,Telephone Field
1094.5805,1094.5862,46953.0,59922.0,Pipistrellus pipistrellus,0.493,0.538,-1,Echolocation,/mnt/ubna_data_01/recover-20220822/UBNA_001/20220819_100000.WAV,recover-20220822,UBNA_001,Telephone Field
1094.6685,1094.6736,47812.0,59353.0,Pipistrellus pipistrellus,0.558,0.583,-1,Echolocation,/mnt/ubna_data_01/recover-20220822/UBNA_001/20220819_100000.WAV,recover-20220822,UBNA_001,Telephone Field
1094.7595,1094.7657,46953.0,56939.0,Pipistrellus pipistrellus,0.486,0.533,-1,Echolocation,/mnt/ubna_data_01/recover-20220822/UBNA_001/20220819_100000.WAV,recover-20220822,UBNA_001,Telephone Field
1096.1315,1096.137,47812.0,61295.0,Pipistrellus pipistrellus,0.56,0.663,-1,Echolocation,/mnt/ubna_data_01/recover-20220822/UBNA_001/20220819_100000.WAV,recover-20220822,UBNA_001,Telephone Field
1096.2985,1096.304,47812.0,62497.0,Pipistrellus pipistrellus,0.592,0.657,-1,Echolocation,/mnt/ubna_data_01/recover-20220822/UBNA_001/20220819_100000.WAV,recover-20220822,UBNA_001,Telephone Field
1096.3825,1096.3877,46953.0,62564.0,Pipistrellus pipistrellus,0.612,0.729,-1,Echolocation,/mnt/ubna_data_01/recover-20220822/UBNA_001/20220819_100000.WAV,recover-20220822,UBNA_001,Telephone Field
1096.4625,1096.4708,46953.0,62300.0,Pipistrellus pipistrellus,0.542,0.688,-1,Echolocation,/mnt/ubna_data_01/recover-20220822/UBNA_001/20220819_100000.WAV,recover-20220822,UBNA_001,Telephone Field
1096.5545,1096.5608,46953.0,59761.0,Pipistrellus pipistrellus,0.484,0.546,-1,Echolocation,/mnt/ubna_data_01/recover-20220822/UBNA_001/20220819_100000.WAV,recover-20220822,UBNA_001,Telephone Field
1096.6425,1096.6491,46953.0,62718.0,Pipistrellus pipistrellus,0.523,0.641,-1,Echolocation,/mnt/ubna_data_01/recover-20220822/UBNA_001/20220819_100000.WAV,recover-20220822,UBNA_001,Telephone Field
1096.7385,1096.7447,46093.0,63276.0,Pipistrellus pipistrellus,0.506,0.597,-1,Echolocation,/mnt/ubna_data_01/recover-20220822/UBNA_001/20220819_100000.WAV,recover-20220822,UBNA_001,Telephone Field
1096.8325,1096.8402,47812.0,60907.0,Pipistrellus pipistrellus,0.436,0.594,-1,Echolocation,/mnt/ubna_data_01/recover-20220822/UBNA_001/20220819_100000.WAV,recover-20220822,UBNA_001,Telephone Field
1096.9275,1096.9356,46093.0,59859.0,Pipistrellus pipistrellus,0.474,0.594,-1,Echolocation,/mnt/ubna_data_01/recover-20220822/UBNA_001/20220819_100000.WAV,recover-20220822,UBNA_001,Telephone Field
1097.0065,1097.0127,46093.0,61452.0,Pipistrellus pipistrellus,0.501,0.633,-1,Echolocation,/mnt/ubna_data_01/recover-20220822/UBNA_001/20220819_100000.WAV,recover-20220822,UBNA_001,Telephone Field
1097.0665,1097.0727,46953.0,58824.0,Pipistrellus pipistrellus,0.467,0.519,-1,Echolocation,/mnt/ubna_data_01/recover-20220822/UBNA_001/20220819_100000.WAV,recover-20220822,UBNA_001,Telephone Field
1097.5485,1097.5531,46953.0,61452.0,Pipistrellus pipistrellus,0.452,0.537,-1,Echolocation,/mnt/ubna_data_01/recover-20220822/UBNA_001/20220819_100000.WAV,recover-20220822,UBNA_001,Telephone Field
1097.6255,1097.6323,45234.0,56263.0,Pipistrellus pipistrellus,0.535,0.615,-1,Echolocation,/mnt/ubna_data_01/recover-20220822/UBNA_001/20220819_100000.WAV,recover-20220822,UBNA_001,Telephone Field
1097.7115,1097.7186,46093.0,59380.0,Pipistrellus pipistrellus,0.499,0.639,-1,Echolocation,/mnt/ubna_data_01/recover-20220822/UBNA_001/20220819_100000.WAV,recover-20220822,UBNA_001,Telephone Field
1097.8275,1097.8333,47812.0,61430.0,Pipistrellus pipistrellus,0.499,0.577,-1,Echolocation,/mnt/ubna_data_01/recover-20220822/UBNA_001/20220819_100000.WAV,recover-20220822,UBNA_001,Telephone Field
1097.9155,1097.9241,46093.0,62322.0,Pipistrellus pipistrellus,0.465,0.663,-1,Echolocation,/mnt/ubna_data_01/recover-20220822/UBNA_001/20220819_100000.WAV,recover-20220822,UBNA_001,Telephone Field
1098.0105,1098.0166,48671.0,58321.0,Pipistrellus pipistrellus,0.489,0.62,-1,Echolocation,/mnt/ubna_data_01/recover-20220822/UBNA_001/20220819_100000.WAV,recover-20220822,UBNA_001,Telephone Field
1098.1055,1098.1111,46093.0,59378.0,Pipistrellus pipistrellus,0.493,0.6,-1,Echolocation,/mnt/ubna_data_01/recover-20220822/UBNA_001/20220819_100000.WAV,recover-20220822,UBNA_001,Telephone Field
1098.2015,1098.2102,45234.0,60643.0,Pipistrellus pipistrellus,0.466,0.634,-1,Echolocation,/mnt/ubna_data_01/recover-20220822/UBNA_001/20220819_100000.WAV,recover-20220822,UBNA_001,Telephone Field
1098.4035,1098.4118,43515.0,63546.0,Pipistrellus pipistrellus,0.32,0.639,-1,Echolocation,/mnt/ubna_data_01/recover-20220822/UBNA_001/20220819_100000.WAV,recover-20220822,UBNA_001,Telephone Field
1098.7275,1098.7315,49531.0,68256.0,Myotis alcathoe,0.166,0.517,-1,Echolocation,/mnt/ubna_data_01/recover-20220822/UBNA_001/20220819_100000.WAV,recover-20220822,UBNA_001,Telephone Field
1098.8245,1098.8281,49531.0,64344.0,Pipistrellus pipistrellus,0.175,0.505,-1,Echolocation,/mnt/ubna_data_01/recover-20220822/UBNA_001/20220819_100000.WAV,recover-20220822,UBNA_001,Telephone Field
1099.6085,1099.6144,45234.0,57521.0,Pipistrellus pipistrellus,0.434,0.564,-1,Echolocation,/mnt/ubna_data_01/recover-20220822/UBNA_001/20220819_100000.WAV,recover-20220822,UBNA_001,Telephone Field
1099.6915,1099.6972,46953.0,57865.0,Pipistrellus pipistrellus,0.506,0.604,-1,Echolocation,/mnt/ubna_data_01/recover-20220822/UBNA_001/20220819_100000.WAV,recover-20220822,UBNA_001,Telephone Field
1099.7815,1099.7868,46093.0,56340.0,Pipistrellus pipistrellus,0.423,0.504,-1,Echolocation,/mnt/ubna_data_01/recover-20220822/UBNA_001/20220819_100000.WAV,recover-20220822,UBNA_001,Telephone Field
1099.8715,1099.8762,45234.0,54433.0,Pipistrellus pipistrellus,0.501,0.542,-1,Echolocation,/mnt/ubna_data_01/recover-20220822/UBNA_001/20220819_100000.WAV,recover-20220822,UBNA_001,Telephone Field
1099.9605,1099.9654,46953.0,58406.0,Pipistrellus pipistrellus,0.501,0.569,-1,Echolocation,/mnt/ubna_data_01/recover-20220822/UBNA_001/20220819_100000.WAV,recover-20220822,UBNA_001,Telephone Field
1100.8685,1100.8738,46953.0,57349.0,Pipistrellus pipistrellus,0.502,0.546,-1,Echolocation,/mnt/ubna_data_01/recover-20220822/UBNA_001/20220819_100000.WAV,recover-20220822,UBNA_001,Telephone Field
1100.9385,1100.9453,46953.0,59665.0,Pipistrellus pipistrellus,0.472,0.569,-1,Echolocation,/mnt/ubna_data_01/recover-20220822/UBNA_001/20220819_100000.WAV,recover-20220822,UBNA_001,Telephone Field
1101.0205,1101.0256,46093.0,58618.0,Pipistrellus pipistrellus,0.58,0.603,-1,Echolocation,/mnt/ubna_data_01/recover-20220822/UBNA_001/20220819_100000.WAV,recover-20220822,UBNA_001,Telephone Field
1101.1025,1101.1093,46953.0,60850.0,Pipistrellus pipistrellus,0.501,0.608,-1,Echolocation,/mnt/ubna_data_01/recover-20220822/UBNA_001/20220819_100000.WAV,recover-20220822,UBNA_001,Telephone Field
1101.1855,1101.1936,46953.0,59433.0,Pipistrellus pipistrellus,0.484,0.609,-1,Echolocation,/mnt/ubna_data_01/recover-20220822/UBNA_001/20220819_100000.WAV,recover-20220822,UBNA_001,Telephone Field
1101.3175,1101.3224,46093.0,62263.0,Pipistrellus pipistrellus,0.426,0.518,-1,Echolocation,/mnt/ubna_data_01/recover-20220822/UBNA_001/20220819_100000.WAV,recover-20220822,UBNA_001,Telephone Field
1101.4135,1101.4197,46953.0,63206.0,Pipistrellus pipistrellus,0.581,0.676,-1,Echolocation,/mnt/ubna_data_01/recover-20220822/UBNA_001/20220819_100000.WAV,recover-20220822,UBNA_001,Telephone Field
1101.4995,1101.5056,46093.0,67947.0,Pipistrellus pipistrellus,0.597,0.723,-1,Echolocation,/mnt/ubna_data_01/recover-20220822/UBNA_001/20220819_100000.WAV,recover-20220822,UBNA_001,Telephone Field
1101.5865,1101.591,48671.0,65847.0,Pipistrellus pipistrellus,0.442,0.537,-1,Echolocation,/mnt/ubna_data_01/recover-20220822/UBNA_001/20220819_100000.WAV,recover-20220822,UBNA_001,Telephone Field
1101.6605,1101.6651,47812.0,67041.0,Pipistrellus pipistrellus,0.538,0.641,-1,Echolocation,/mnt/ubna_data_01/recover-20220822/UBNA_001/20220819_100000.WAV,recover-20220822,UBNA_001,Telephone Field
1101.7215,1101.7275,46953.0,63732.0,Pipistrellus pipistrellus,0.597,0.698,-1,Echolocation,/mnt/ubna_data_01/recover-20220822/UBNA_001/20220819_100000.WAV,recover-20220822,UBNA_001,Telephone Field
1101.7985,1101.8034,47812.0,64025.0,Pipistrellus pipistrellus,0.583,0.641,-1,Echolocation,/mnt/ubna_data_01/recover-20220822/UBNA_001/20220819_100000.WAV,recover-20220822,UBNA_001,Telephone Field
1101.8915,1101.8977,46093.0,62216.0,Pipistrellus pipistrellus,0.595,0.685,-1,Echolocation,/mnt/ubna_data_01/recover-20220822/UBNA_001/20220819_100000.WAV,recover-20220822,UBNA_001,Telephone Field
1101.9455,1101.9513,46093.0,65038.0,Pipistrellus pipistrellus,0.527,0.606,-1,Echolocation,/mnt/ubna_data_01/recover-20220822/UBNA_001/20220819_100000.WAV,recover-20220822,UBNA_001,Telephone Field
1102.0415,1102.046,46953.0,62560.0,Pipistrellus pipistrellus,0.536,0.609,-1,Echolocation,/mnt/ubna_data_01/recover-20220822/UBNA_001/20220819_100000.WAV,recover-20220822,UBNA_001,Telephone Field
1102.4905,1102.4954,45234.0,69403.0,Pipistrellus pipistrellus,0.373,0.579,-1,Echolocation,/mnt/ubna_data_01/recover-20220822/UBNA_001/20220819_100000.WAV,recover-20220822,UBNA_001,Telephone Field
1102.5595,1102.5655,46093.0,64337.0,Pipistrellus pipistrellus,0.555,0.708,-1,Echolocation,/mnt/ubna_data_01/recover-20220822/UBNA_001/20220819_100000.WAV,recover-20220822,UBNA_001,Telephone Field
1102.6365,1102.6415,46953.0,62481.0,Pipistrellus pipistrellus,0.546,0.656,-1,Echolocation,/mnt/ubna_data_01/recover-20220822/UBNA_001/20220819_100000.WAV,recover-20220822,UBNA_001,Telephone Field
1102.7125,1102.7177,46093.0,61589.0,Pipistrellus pipistrellus,0.464,0.605,-1,Echolocation,/mnt/ubna_data_01/recover-20220822/UBNA_001/20220819_100000.WAV,recover-20220822,UBNA_001,Telephone Field
1102.7975,1102.8045,45234.0,59603.0,Pipistrellus pipistrellus,0.254,0.607,-1,Echolocation,/mnt/ubna_data_01/recover-20220822/UBNA_001/20220819_100000.WAV,recover-20220822,UBNA_001,Telephone Field
1102.8815,1102.8877,44375.0,65754.0,Pipistrellus pipistrellus,0.43,0.643,-1,Echolocation,/mnt/ubna_data_01/recover-20220822/UBNA_001/20220819_100000.WAV,recover-20220822,UBNA_001,Telephone Field
1102.9735,1102.9793,44375.0,60805.0,Pipistrellus pipistrellus,0.482,0.697,-1,Echolocation,/mnt/ubna_data_01/recover-20220822/UBNA_001/20220819_100000.WAV,recover-20220822,UBNA_001,Telephone Field
1103.0625,1103.0698,45234.0,65193.0,Pipistrellus pipistrellus,0.422,0.667,-1,Echolocation,/mnt/ubna_data_01/recover-20220822/UBNA_001/20220819_100000.WAV,recover-20220822,UBNA_001,Telephone Field
1103.1585,1103.1631,46953.0,62613.0,Pipistrellus pipistrellus,0.412,0.551,-1,Echolocation,/mnt/ubna_data_01/recover-20220822/UBNA_001/20220819_100000.WAV,recover-20220822,UBNA_001,Telephone Field
1103.2495,1103.2551,46093.0,62982.0,Pipistrellus pipistrellus,0.447,0.558,-1,Echolocation,/mnt/ubna_data_01/recover-20220822/UBNA_001/20220819_100000.WAV,recover-20220822,UBNA_001,Telephone Field
1103.3465,1103.3517,46953.0,60820.0,Pipistrellus pipistrellus,0.403,0.522,-1,Echolocation,/mnt/ubna_data_01/recover-20220822/UBNA_001/20220819_100000.WAV,recover-20220822,UBNA_001,Telephone Field
1103.4335,1103.4393,45234.0,67833.0,Pipistrellus pipistrellus,0.471,0.626,-1,Echolocation,/mnt/ubna_data_01/recover-20220822/UBNA_001/20220819_100000.WAV,recover-20220822,UBNA_001,Telephone Field
1103.5345,1103.54,46093.0,62830.0,Pipistrellus pipistrellus,0.424,0.593,-1,Echolocation,/mnt/ubna_data_01/recover-20220822/UBNA_001/20220819_100000.WAV,recover-20220822,UBNA_001,Telephone Field
1103.6355,1103.6442,47812.0,61386.0,Pipistrellus pipistrellus,0.333,0.614,-1,Echolocation,/mnt/ubna_data_01/recover-20220822/UBNA_001/20220819_100000.WAV,recover-20220822,UBNA_001,Telephone Field
1103.7265,1103.7311,47812.0,59863.0,Pipistrellus pipistrellus,0.487,0.563,-1,Echolocation,/mnt/ubna_data_01/recover-20220822/UBNA_001/20220819_100000.WAV,recover-20220822,UBNA_001,Telephone Field
1103.9695,1103.9739,48671.0,62445.0,Pipistrellus pipistrellus,0.459,0.566,-1,Echolocation,/mnt/ubna_data_01/recover-20220822/UBNA_001/20220819_100000.WAV,recover-20220822,UBNA_001,Telephone Field
1104.0465,1104.0552,46093.0,67816.0,Pipistrellus pipistrellus,0.527,0.715,-1,Echolocation,/mnt/ubna_data_01/recover-20220822/UBNA_001/20220819_100000.WAV,recover-20220822,UBNA_001,Telephone Field
1104.1375,1104.1455,46953.0,63506.0,Pipistrellus pipistrellus,0.532,0.627,-1,Echolocation,/mnt/ubna_data_01/recover-20220822/UBNA_001/20220819_100000.WAV,recover-20220822,UBNA_001,Telephone Field
1104.2295,1104.2369,43515.0,61576.0,Pipistrellus pipistrellus,0.465,0.642,-1,Echolocation,/mnt/ubna_data_01/recover-20220822/UBNA_001/20220819_100000.WAV,recover-20220822,UBNA_001,Telephone Field
1104.3145,1104.3242,44375.0,64810.0,Pipistrellus pipistrellus,0.527,0.67,-1,Echolocation,/mnt/ubna_data_01/recover-20220822/UBNA_001/20220819_100000.WAV,recover-20220822,UBNA_001,Telephone Field
1104.4415,1104.4489,49531.0,62768.0,Pipistrellus pipistrellus,0.501,0.589,-1,Echolocation,/mnt/ubna_data_01/recover-20220822/UBNA_001/20220819_100000.WAV,recover-20220822,UBNA_001,Telephone Field
1104.5975,1104.6051,44375.0,60455.0,Pipistrellus pipistrellus,0.392,0.542,-1,Echolocation,/mnt/ubna_data_01/recover-20220822/UBNA_001/20220819_100000.WAV,recover-20220822,UBNA_001,Telephone Field
1104.6865,1104.6937,47812.0,63465.0,Pipistrellus pipistrellus,0.402,0.522,-1,Echolocation,/mnt/ubna_data_01/recover-20220822/UBNA_001/20220819_100000.WAV,recover-20220822,UBNA_001,Telephone Field
1104.7635,1104.7715,46093.0,66949.0,Pipistrellus pipistrellus,0.449,0.567,-1,Echolocation,/mnt/ubna_data_01/recover-20220822/UBNA_001/20220819_100000.WAV,recover-20220822,UBNA_001,Telephone Field
1104.8345,1104.8425,46093.0,65312.0,Pipistrellus pipistrellus,0.445,0.542,-1,Echolocation,/mnt/ubna_data_01/recover-20220822/UBNA_001/20220819_100000.WAV,recover-20220822,UBNA_001,Telephone Field
1104.9025,1104.9107,45234.0,62152.0,Pipistrellus pipistrellus,0.493,0.664,-1,Echolocation,/mnt/ubna_data_01/recover-20220822/UBNA_001/20220819_100000.WAV,recover-20220822,UBNA_001,Telephone Field
1105.0855,1105.0907,44375.0,55761.0,Pipistrellus pipistrellus,0.591,0.62,-1,Echolocation,/mnt/ubna_data_01/recover-20220822/UBNA_001/20220819_100000.WAV,recover-20220822,UBNA_001,Telephone Field
1105.3915,1105.4002,46953.0,58392.0,Pipistrellus pipistrellus,0.443,0.553,-1,Echolocation,/mnt/ubna_data_01/recover-20220822/UBNA_001/20220819_100000.WAV,recover-20220822,UBNA_001,Telephone Field
1106.4795,1106.4853,47812.0,60927.0,Pipistrellus pipistrellus,0.423,0.608,-1,Echolocation,/mnt/ubna_data_01/recover-20220822/UBNA_001/20220819_100000.WAV,recover-20220822,UBNA_001,Telephone Field
1107.2235,1107.2291,45234.0,71261.0,Pipistrellus pipistrellus,0.28,0.572,-1,Echolocation,/mnt/ubna_data_01/recover-20220822/UBNA_001/20220819_100000.WAV,recover-20220822,UBNA_001,Telephone Field
1107.4205,1107.4252,47812.0,67426.0,Pipistrellus pipistrellus,0.382,0.502,-1,Echolocation,/mnt/ubna_data_01/recover-20220822/UBNA_001/20220819_100000.WAV,recover-20220822,UBNA_001,Telephone Field
1107.5735,1107.5778,43515.0,76347.0,Myotis mystacinus,0.259,0.536,-1,Echolocation,/mnt/ubna_data_01/recover-20220822/UBNA_001/20220819_100000.WAV,recover-20220822,UBNA_001,Telephone Field
1107.9095,1107.9148,46953.0,68996.0,Pipistrellus pipistrellus,0.436,0.599,-1,Echolocation,/mnt/ubna_data_01/recover-20220822/UBNA_001/20220819_100000.WAV,recover-20220822,UBNA_001,Telephone Field
1107.9855,1107.9903,48671.0,69199.0,Pipistrellus pipistrellus,0.5,0.605,-1,Echolocation,/mnt/ubna_data_01/recover-20220822/UBNA_001/20220819_100000.WAV,recover-20220822,UBNA_001,Telephone Field
1108.5875,1108.5941,47812.0,68621.0,Pipistrellus pipistrellus,0.451,0.642,-1,Echolocation,/mnt/ubna_data_01/recover-20220822/UBNA_001/20220819_100000.WAV,recover-20220822,UBNA_001,Telephone Field
1108.6705,1108.6757,48671.0,64980.0,Pipistrellus pipistrellus,0.491,0.635,-1,Echolocation,/mnt/ubna_data_01/recover-20220822/UBNA_001/20220819_100000.WAV,recover-20220822,UBNA_001,Telephone Field
1108.7605,1108.7661,46953.0,60994.0,Pipistrellus pipistrellus,0.467,0.569,-1,Echolocation,/mnt/ubna_data_01/recover-20220822/UBNA_001/20220819_100000.WAV,recover-20220822,UBNA_001,Telephone Field
1108.8475,1108.8541,46093.0,61058.0,Pipistrellus pipistrellus,0.501,0.673,-1,Echolocation,/mnt/ubna_data_01/recover-20220822/UBNA_001/20220819_100000.WAV,recover-20220822,UBNA_001,Telephone Field
1108.9295,1108.9346,45234.0,62705.0,Pipistrellus pipistrellus,0.439,0.579,-1,Echolocation,/mnt/ubna_data_01/recover-20220822/UBNA_001/20220819_100000.WAV,recover-20220822,UBNA_001,Telephone Field
1109.5265,1109.5328,48671.0,71255.0,Pipistrellus pipistrellus,0.521,0.689,-1,Echolocation,/mnt/ubna_data_01/recover-20220822/UBNA_001/20220819_100000.WAV,recover-20220822,UBNA_001,Telephone Field
1109.6005,1109.609,46093.0,66581.0,Pipistrellus pipistrellus,0.5,0.715,-1,Echolocation,/mnt/ubna_data_01/recover-20220822/UBNA_001/20220819_100000.WAV,recover-20220822,UBNA_001,Telephone Field
1109.6805,1109.6889,46093.0,70905.0,Pipistrellus pipistrellus,0.493,0.701,-1,Echolocation,/mnt/ubna_data_01/recover-20220822/UBNA_001/20220819_100000.WAV,recover-20220822,UBNA_001,Telephone Field
1109.7745,1109.7808,46093.0,65526.0,Pipistrellus pipistrellus,0.414,0.634,-1,Echolocation,/mnt/ubna_data_01/recover-20220822/UBNA_001/20220819_100000.WAV,recover-20220822,UBNA_001,Telephone Field
1109.8595,1109.8644,44375.0,69257.0,Pipistrellus pipistrellus,0.428,0.579,-1,Echolocation,/mnt/ubna_data_01/recover-20220822/UBNA_001/20220819_100000.WAV,recover-20220822,UBNA_001,Telephone Field
1109.9365,1109.9425,44375.0,70473.0,Pipistrellus pipistrellus,0.435,0.656,-1,Echolocation,/mnt/ubna_data_01/recover-20220822/UBNA_001/20220819_100000.WAV,recover-20220822,UBNA_001,Telephone Field
1110.1295,1110.1341,45234.0,69922.0,Pipistrellus pipistrellus,0.232,0.511,-1,Echolocation,/mnt/ubna_data_01/recover-20220822/UBNA_001/20220819_100000.WAV,recover-20220822,UBNA_001,Telephone Field
1110.8545,1110.8603,44375.0,78837.0,Myotis alcathoe,0.267,0.526,-1,Echolocation,/mnt/ubna_data_01/recover-20220822/UBNA_001/20220819_100000.WAV,recover-20220822,UBNA_001,Telephone Field
1110.9435,1110.9498,45234.0,77673.0,Pipistrellus pipistrellus,0.46,0.623,-1,Echolocation,/mnt/ubna_data_01/recover-20220822/UBNA_001/20220819_100000.WAV,recover-20220822,UBNA_001,Telephone Field
1111.0345,1111.0395,43515.0,70175.0,Pipistrellus pipistrellus,0.314,0.617,-1,Echolocation,/mnt/ubna_data_01/recover-20220822/UBNA_001/20220819_100000.WAV,recover-20220822,UBNA_001,Telephone Field
1111.1155,1111.1208,43515.0,74108.0,Myotis alcathoe,0.244,0.515,-1,Echolocation,/mnt/ubna_data_01/recover-20220822/UBNA_001/20220819_100000.WAV,recover-20220822,UBNA_001,Telephone Field
1111.1975,1111.2029,45234.0,74052.0,Pipistrellus pipistrellus,0.343,0.559,-1,Echolocation,/mnt/ubna_data_01/recover-20220822/UBNA_001/20220819_100000.WAV,recover-20220822,UBNA_001,Telephone Field
1111.2805,1111.2867,46093.0,70075.0,Pipistrellus pipistrellus,0.496,0.676,-1,Echolocation,/mnt/ubna_data_01/recover-20220822/UBNA_001/20220819_100000.WAV,recover-20220822,UBNA_001,Telephone Field
1111.3705,1111.3766,45234.0,62599.0,Pipistrellus pipistrellus,0.482,0.679,-1,Echolocation,/mnt/ubna_data_01/recover-20220822/UBNA_001/20220819_100000.WAV,recover-20220822,UBNA_001,Telephone Field
1111.5515,1111.5564,47812.0,62777.0,Pipistrellus pipistrellus,0.451,0.531,-1,Echolocation,/mnt/ubna_data_01/recover-20220822/UBNA_001/20220819_100000.WAV,recover-20220822,UBNA_001,Telephone Field
1111.7405,1111.7505,46093.0,62437.0,Pipistrellus pipistrellus,0.467,0.632,-1,Echolocation,/mnt/ubna_data_01/recover-20220822/UBNA_001/20220819_100000.WAV,recover-20220822,UBNA_001,Telephone Field
1111.8425,1111.8513,45234.0,64681.0,Pipistrellus pipistrellus,0.239,0.538,-1,Echolocation,/mnt/ubna_data_01/recover-20220822/UBNA_001/20220819_100000.WAV,recover-20220822,UBNA_001,Telephone Field
1112.8935,1112.8992,45234.0,55817.0,Pipistrellus pipistrellus,0.566,0.586,-1,Echolocation,/mnt/ubna_data_01/recover-20220822/UBNA_001/20220819_100000.WAV,recover-20220822,UBNA_001,Telephone Field
1112.9735,1112.9831,46953.0,63060.0,Pipistrellus pipistrellus,0.453,0.638,-1,Echolocation,/mnt/ubna_data_01/recover-20220822/UBNA_001/20220819_100000.WAV,recover-20220822,UBNA_001,Telephone Field
1113.0685,1113.0753,46953.0,55364.0,Pipistrellus pipistrellus,0.499,0.592,-1,Echolocation,/mnt/ubna_data_01/recover-20220822/UBNA_001/20220819_100000.WAV,recover-20220822,UBNA_001,Telephone Field
1113.4425,1113.4511,45234.0,60058.0,Pipistrellus pipistrellus,0.429,0.56,-1,Echolocation,/mnt/ubna_data_01/recover-20220822/UBNA_001/20220819_100000.WAV,recover-20220822,UBNA_001,Telephone Field
1113.6355,1113.6427,46093.0,56543.0,Pipistrellus pipistrellus,0.457,0.549,-1,Echolocation,/mnt/ubna_data_01/recover-20220822/UBNA_001/20220819_100000.WAV,recover-20220822,UBNA_001,Telephone Field
1113.8395,1113.8453,46093.0,55693.0,Pipistrellus pipistrellus,0.497,0.552,-1,Echolocation,/mnt/ubna_data_01/recover-20220822/UBNA_001/20220819_100000.WAV,recover-20220822,UBNA_001,Telephone Field
1114.9715,1114.977,46953.0,60158.0,Pipistrellus pipistrellus,0.38,0.553,-1,Echolocation,/mnt/ubna_data_01/recover-20220822/UBNA_001/20220819_100000.WAV,recover-20220822,UBNA_001,Telephone Field
1115.0535,1115.0607,46093.0,60195.0,Pipistrellus pipistrellus,0.222,0.559,-1,Echolocation,/mnt/ubna_data_01/recover-20220822/UBNA_001/20220819_100000.WAV,recover-20220822,UBNA_001,Telephone Field
1115.1375,1115.1434,46953.0,59785.0,Pipistrellus pipistrellus,0.446,0.537,-1,Echolocation,/mnt/ubna_data_01/recover-20220822/UBNA_001/20220819_100000.WAV,recover-20220822,UBNA_001,Telephone Field
1115.2285,1115.2346,46093.0,62634.0,Pipistrellus pipistrellus,0.472,0.616,-1,Echolocation,/mnt/ubna_data_01/recover-20220822/UBNA_001/20220819_100000.WAV,recover-20220822,UBNA_001,Telephone Field
1115.3095,1115.3172,45234.0,61470.0,Pipistrellus pipistrellus,0.301,0.576,-1,Echolocation,/mnt/ubna_data_01/recover-20220822/UBNA_001/20220819_100000.WAV,recover-20220822,UBNA_001,Telephone Field
1115.4735,1115.4779,46953.0,63128.0,Pipistrellus pipistrellus,0.558,0.637,-1,Echolocation,/mnt/ubna_data_01/recover-20220822/UBNA_001/20220819_100000.WAV,recover-20220822,UBNA_001,Telephone Field
1115.5435,1115.5498,46093.0,66351.0,Pipistrellus pipistrellus,0.456,0.651,-1,Echolocation,/mnt/ubna_data_01/recover-20220822/UBNA_001/20220819_100000.WAV,recover-20220822,UBNA_001,Telephone Field
1115.6655,1115.6706,45234.0,66114.0,Pipistrellus pipistrellus,0.482,0.605,-1,Echolocation,/mnt/ubna_data_01/recover-20220822/UBNA_001/20220819_100000.WAV,recover-20220822,UBNA_001,Telephone Field
1115.7645,1115.7715,45234.0,64074.0,Pipistrellus pipistrellus,0.507,0.665,-1,Echolocation,/mnt/ubna_data_01/recover-20220822/UBNA_001/20220819_100000.WAV,recover-20220822,UBNA_001,Telephone Field
1115.8615,1115.8676,45234.0,65297.0,Pipistrellus pipistrellus,0.604,0.743,-1,Echolocation,/mnt/ubna_data_01/recover-20220822/UBNA_001/20220819_100000.WAV,recover-20220822,UBNA_001,Telephone Field
1115.9585,1115.9641,46093.0,67655.0,Pipistrellus pipistrellus,0.423,0.66,-1,Echolocation,/mnt/ubna_data_01/recover-20220822/UBNA_001/20220819_100000.WAV,recover-20220822,UBNA_001,Telephone Field
1116.0615,1116.0689,45234.0,64777.0,Pipistrellus pipistrellus,0.594,0.734,-1,Echolocation,/mnt/ubna_data_01/recover-20220822/UBNA_001/20220819_100000.WAV,recover-20220822,UBNA_001,Telephone Field
1116.1595,1116.1668,46093.0,63800.0,Pipistrellus pipistrellus,0.558,0.69,-1,Echolocation,/mnt/ubna_data_01/recover-20220822/UBNA_001/20220819_100000.WAV,recover-20220822,UBNA_001,Telephone Field
1116.2645,1116.2735,44375.0,62794.0,Pipistrellus pipistrellus,0.586,0.712,-1,Echolocation,/mnt/ubna_data_01/recover-20220822/UBNA_001/20220819_100000.WAV,recover-20220822,UBNA_001,Telephone Field
1116.3665,1116.3735,45234.0,67891.0,Pipistrellus pipistrellus,0.574,0.706,-1,Echolocation,/mnt/ubna_data_01/recover-20220822/UBNA_001/20220819_100000.WAV,recover-20220822,UBNA_001,Telephone Field
1116.4715,1116.4786,44375.0,60862.0,Pipistrellus pipistrellus,0.569,0.646,-1,Echolocation,/mnt/ubna_data_01/recover-20220822/UBNA_001/20220819_100000.WAV,recover-20220822,UBNA_001,Telephone Field
1116.5485,1116.5543,46093.0,61475.0,Pipistrellus pipistrellus,0.54,0.674,-1,Echolocation,/mnt/ubna_data_01/recover-20220822/UBNA_001/20220819_100000.WAV,recover-20220822,UBNA_001,Telephone Field
1116.6155,1116.6208,48671.0,64262.0,Pipistrellus pipistrellus,0.458,0.53,-1,Echolocation,/mnt/ubna_data_01/recover-20220822/UBNA_001/20220819_100000.WAV,recover-20220822,UBNA_001,Telephone Field
1116.6785,1116.6831,49531.0,61049.0,Pipistrellus pipistrellus,0.517,0.554,-1,Echolocation,/mnt/ubna_data_01/recover-20220822/UBNA_001/20220819_100000.WAV,recover-20220822,UBNA_001,Telephone Field
1117.1875,1117.1935,46093.0,63511.0,Pipistrellus pipistrellus,0.514,0.61,-1,Echolocation,/mnt/ubna_data_01/recover-20220822/UBNA_001/20220819_100000.WAV,recover-20220822,UBNA_001,Telephone Field
1117.2745,1117.2836,46953.0,63314.0,Pipistrellus pipistrellus,0.503,0.67,-1,Echolocation,/mnt/ubna_data_01/recover-20220822/UBNA_001/20220819_100000.WAV,recover-20220822,UBNA_001,Telephone Field
1117.3685,1117.3768,46093.0,62905.0,Pipistrellus pipistrellus,0.473,0.578,-1,Echolocation,/mnt/ubna_data_01/recover-20220822/UBNA_001/20220819_100000.WAV,recover-20220822,UBNA_001,Telephone Field
1117.4555,1117.4612,46953.0,55782.0,Pipistrellus pipistrellus,0.489,0.558,-1,Echolocation,/mnt/ubna_data_01/recover-20220822/UBNA_001/20220819_100000.WAV,recover-20220822,UBNA_001,Telephone Field
1117.5395,1117.5462,46093.0,60257.0,Pipistrellus pipistrellus,0.603,0.688,-1,Echolocation,/mnt/ubna_data_01/recover-20220822/UBNA_001/20220819_100000.WAV,recover-20220822,UBNA_001,Telephone Field
1117.6315,1117.6374,47812.0,58666.0,Pipistrellus pipistrellus,0.542,0.591,-1,Echolocation,/mnt/ubna_data_01/recover-20220822/UBNA_001/20220819_100000.WAV,recover-20220822,UBNA_001,Telephone Field
1117.8015,1117.807,46093.0,54452.0,Pipistrellus pipistrellus,0.505,0.544,-1,Echolocation,/mnt/ubna_data_01/recover-20220822/UBNA_001/20220819_100000.WAV,recover-20220822,UBNA_001,Telephone Field
1117.9795,1117.9875,45234.0,58662.0,Pipistrellus pipistrellus,0.445,0.628,-1,Echolocation,/mnt/ubna_data_01/recover-20220822/UBNA_001/20220819_100000.WAV,recover-20220822,UBNA_001,Telephone Field
1118.0755,1118.0828,45234.0,54932.0,Pipistrellus pipistrellus,0.464,0.54,-1,Echolocation,/mnt/ubna_data_01/recover-20220822/UBNA_001/20220819_100000.WAV,recover-20220822,UBNA_001,Telephone Field
1118.1945,1118.2013,46093.0,58562.0,Pipistrellus pipistrellus,0.311,0.52,-1,Echolocation,/mnt/ubna_data_01/recover-20220822/UBNA_001/20220819_100000.WAV,recover-20220822,UBNA_001,Telephone Field
1118.5285,1118.5352,42656.0,55637.0,Pipistrellus pipistrellus,0.467,0.666,-1,Echolocation,/mnt/ubna_data_01/recover-20220822/UBNA_001/20220819_100000.WAV,recover-20220822,UBNA_001,Telephone Field
1118.6635,1118.6713,46093.0,55445.0,Pipistrellus pipistrellus,0.458,0.559,-1,Echolocation,/mnt/ubna_data_01/recover-20220822/UBNA_001/20220819_100000.WAV,recover-20220822,UBNA_001,Telephone Field
1118.7915,1118.7989,42656.0,57747.0,Pipistrellus pipistrellus,0.363,0.62,-1,Echolocation,/mnt/ubna_data_01/recover-20220822/UBNA_001/20220819_100000.WAV,recover-20220822,UBNA_001,Telephone Field
1119.4305,1119.4351,46953.0,64546.0,Pipistrellus pipistrellus,0.394,0.532,-1,Echolocation,/mnt/ubna_data_01/recover-20220822/UBNA_001/20220819_100000.WAV,recover-20220822,UBNA_001,Telephone Field
1119.5065,1119.5116,48671.0,62965.0,Pipistrellus pipistrellus,0.457,0.557,-1,Echolocation,/mnt/ubna_data_01/recover-20220822/UBNA_001/20220819_100000.WAV,recover-20220822,UBNA_001,Telephone Field
1119.5815,1119.5891,46953.0,64852.0,Pipistrellus pipistrellus,0.479,0.676,-1,Echolocation,/mnt/ubna_data_01/recover-20220822/UBNA_001/20220819_100000.WAV,recover-20220822,UBNA_001,Telephone Field
1119.7425,1119.7488,47812.0,67794.0,Pipistrellus pipistrellus,0.536,0.656,-1,Echolocation,/mnt/ubna_data_01/recover-20220822/UBNA_001/20220819_100000.WAV,recover-20220822,UBNA_001,Telephone Field
1119.8305,1119.8385,46093.0,63402.0,Pipistrellus pipistrellus,0.469,0.628,-1,Echolocation,/mnt/ubna_data_01/recover-20220822/UBNA_001/20220819_100000.WAV,recover-20220822,UBNA_001,Telephone Field
1119.9225,1119.93,46953.0,69667.0,Pipistrellus pipistrellus,0.491,0.65,-1,Echolocation,/mnt/ubna_data_01/recover-20220822/UBNA_001/20220819_100000.WAV,recover-20220822,UBNA_001,Telephone Field
1120.1145,1120.1227,45234.0,66285.0,Pipistrellus pipistrellus,0.482,0.618,-1,Echolocation,/mnt/ubna_data_01/recover-20220822/UBNA_001/20220819_100000.WAV,recover-20220822,UBNA_001,Telephone Field
1120.2095,1120.2181,46093.0,61214.0,Pipistrellus pipistrellus,0.472,0.545,-1,Echolocation,/mnt/ubna_data_01/recover-20220822/UBNA_001/20220819_100000.WAV,recover-20220822,UBNA_001,Telephone Field
1120.3005,1120.3089,45234.0,65329.0,Pipistrellus pipistrellus,0.582,0.699,-1,Echolocation,/mnt/ubna_data_01/recover-20220822/UBNA_001/20220819_100000.WAV,recover-20220822,UBNA_001,Telephone Field
1120.3905,1120.4002,46093.0,65985.0,Pipistrellus pipistrellus,0.484,0.637,-1,Echolocation,/mnt/ubna_data_01/recover-20220822/UBNA_001/20220819_100000.WAV,recover-20220822,UBNA_001,Telephone Field
1120.4815,1120.489,46953.0,59720.0,Pipistrellus pipistrellus,0.558,0.64,-1,Echolocation,/mnt/ubna_data_01/recover-20220822/UBNA_001/20220819_100000.WAV,recover-20220822,UBNA_001,Telephone Field
1120.5605,1120.5666,48671.0,62714.0,Pipistrellus pipistrellus,0.471,0.546,-1,Echolocation,/mnt/ubna_data_01/recover-20220822/UBNA_001/20220819_100000.WAV,recover-20220822,UBNA_001,Telephone Field
1120.6305,1120.6373,46093.0,61904.0,Pipistrellus pipistrellus,0.526,0.601,-1,Echolocation,/mnt/ubna_data_01/recover-20220822/UBNA_001/20220819_100000.WAV,recover-20220822,UBNA_001,Telephone Field
1120.7705,1120.7777,46953.0,59021.0,Pipistrellus pipistrellus,0.502,0.587,-1,Echolocation,/mnt/ubna_data_01/recover-20220822/UBNA_001/20220819_100000.WAV,recover-20220822,UBNA_001,Telephone Field
1120.8545,1120.8631,46953.0,61290.0,Pipistrellus pipistrellus,0.459,0.653,-1,Echolocation,/mnt/ubna_data_01/recover-20220822/UBNA_001/20220819_100000.WAV,recover-20220822,UBNA_001,Telephone Field
1121.4155,1121.4217,46953.0,61929.0,Pipistrellus pipistrellus,0.556,0.645,-1,Echolocation,/mnt/ubna_data_01/recover-20220822/UBNA_001/20220819_100000.WAV,recover-20220822,UBNA_001,Telephone Field
1122.9255,1122.9297,46953.0,63023.0,Pipistrellus pipistrellus,0.404,0.529,-1,Echolocation,/mnt/ubna_data_01/recover-20220822/UBNA_001/20220819_100000.WAV,recover-20220822,UBNA_001,Telephone Field
1122.9985,1123.0032,46093.0,67529.0,Myotis alcathoe,0.255,0.523,-1,Echolocation,/mnt/ubna_data_01/recover-20220822/UBNA_001/20220819_100000.WAV,recover-20220822,UBNA_001,Telephone Field
1123.5735,1123.5776,46093.0,65331.0,Myotis alcathoe,0.239,0.504,-1,Echolocation,/mnt/ubna_data_01/recover-20220822/UBNA_001/20220819_100000.WAV,recover-20220822,UBNA_001,Telephone Field
1123.7195,1123.7233,51250.0,65485.0,Pipistrellus pipistrellus,0.35,0.508,-1,Echolocation,/mnt/ubna_data_01/recover-20220822/UBNA_001/20220819_100000.WAV,recover-20220822,UBNA_001,Telephone Field
1123.7915,1123.796,45234.0,70109.0,Myotis alcathoe,0.283,0.528,-1,Echolocation,/mnt/ubna_data_01/recover-20220822/UBNA_001/20220819_100000.WAV,recover-20220822,UBNA_001,Telephone Field
1123.8775,1123.8825,44375.0,70176.0,Pipistrellus pipistrellus,0.466,0.624,-1,Echolocation,/mnt/ubna_data_01/recover-20220822/UBNA_001/20220819_100000.WAV,recover-20220822,UBNA_001,Telephone Field
1124.1425,1124.1493,46953.0,71352.0,Pipistrellus pipistrellus,0.508,0.663,-1,Echolocation,/mnt/ubna_data_01/recover-20220822/UBNA_001/20220819_100000.WAV,recover-20220822,UBNA_001,Telephone Field
1124.2345,1124.2417,45234.0,75815.0,Pipistrellus pipistrellus,0.469,0.731,-1,Echolocation,/mnt/ubna_data_01/recover-20220822/UBNA_001/20220819_100000.WAV,recover-20220822,UBNA_001,Telephone Field
1124.3255,1124.3325,44375.0,66616.0,Pipistrellus pipistrellus,0.452,0.676,-1,Echolocation,/mnt/ubna_data_01/recover-20220822/UBNA_001/20220819_100000.WAV,recover-20220822,UBNA_001,Telephone Field
1124.4105,1124.4206,45234.0,66982.0,Pipistrellus pipistrellus,0.335,0.642,-1,Echolocation,/mnt/ubna_data_01/recover-20220822/UBNA_001/20220819_100000.WAV,recover-20220822,UBNA_001,Telephone Field
1124.5235,1124.5313,45234.0,73002.0,Pipistrellus pipistrellus,0.352,0.641,-1,Echolocation,/mnt/ubna_data_01/recover-20220822/UBNA_001/20220819_100000.WAV,recover-20220822,UBNA_001,Telephone Field
1124.6035,1124.6093,44375.0,74094.0,Pipistrellus pipistrellus,0.339,0.571,-1,Echolocation,/mnt/ubna_data_01/recover-20220822/UBNA_001/20220819_100000.WAV,recover-20220822,UBNA_001,Telephone Field
1124.6865,1124.6948,45234.0,73271.0,Pipistrellus pipistrellus,0.416,0.678,-1,Echolocation,/mnt/ubna_data_01/recover-20220822/UBNA_001/20220819_100000.WAV,recover-20220822,UBNA_001,Telephone Field
1124.7815,1124.7893,45234.0,65553.0,Pipistrellus pipistrellus,0.492,0.676,-1,Echolocation,/mnt/ubna_data_01/recover-20220822/UBNA_001/20220819_100000.WAV,recover-20220822,UBNA_001,Telephone Field
1124.8715,1124.879,46953.0,65014.0,Pipistrellus pipistrellus,0.459,0.673,-1,Echolocation,/mnt/ubna_data_01/recover-20220822/UBNA_001/20220819_100000.WAV,recover-20220822,UBNA_001,Telephone Field
1125.0415,1125.0483,45234.0,64075.0,Pipistrellus pipistrellus,0.213,0.557,-1,Echolocation,/mnt/ubna_data_01/recover-20220822/UBNA_001/20220819_100000.WAV,recover-20220822,UBNA_001,Telephone Field
1125.1735,1125.1777,49531.0,62171.0,Pipistrellus pipistrellus,0.512,0.587,-1,Echolocation,/mnt/ubna_data_01/recover-20220822/UBNA_001/20220819_100000.WAV,recover-20220822,UBNA_001,Telephone Field
1126.2685,1126.2739,49531.0,63105.0,Pipistrellus pipistrellus,0.45,0.564,-1,Echolocation,/mnt/ubna_data_01/recover-20220822/UBNA_001/20220819_100000.WAV,recover-20220822,UBNA_001,Telephone Field
1126.3375,1126.346,46093.0,69639.0,Pipistrellus pipistrellus,0.442,0.645,-1,Echolocation,/mnt/ubna_data_01/recover-20220822/UBNA_001/20220819_100000.WAV,recover-20220822,UBNA_001,Telephone Field
1126.4165,1126.4256,45234.0,65114.0,Pipistrellus pipistrellus,0.492,0.635,-1,Echolocation,/mnt/ubna_data_01/recover-20220822/UBNA_001/20220819_100000.WAV,recover-20220822,UBNA_001,Telephone Field
1126.5945,1126.6057,44375.0,67142.0,Pipistrellus pipistrellus,0.424,0.626,-1,Echolocation,/mnt/ubna_data_01/recover-20220822/UBNA_001/20220819_100000.WAV,recover-20220822,UBNA_001,Telephone Field
1126.6875,1126.6943,46953.0,65003.0,Pipistrellus pipistrellus,0.511,0.634,-1,Echolocation,/mnt/ubna_data_01/recover-20220822/UBNA_001/20220819_100000.WAV,recover-20220822,UBNA_001,Telephone Field
1126.8775,1126.8853,44375.0,59259.0,Pipistrellus pipistrellus,0.432,0.66,-1,Echolocation,/mnt/ubna_data_01/recover-20220822/UBNA_001/20220819_100000.WAV,recover-20220822,UBNA_001,Telephone Field
1126.9795,1126.9853,45234.0,56843.0,Pipistrellus pipistrellus,0.484,0.547,-1,Echolocation,/mnt/ubna_data_01/recover-20220822/UBNA_001/20220819_100000.WAV,recover-20220822,UBNA_001,Telephone Field
1127.0785,1127.0858,46093.0,57600.0,Pipistrellus pipistrellus,0.383,0.511,-1,Echolocation,/mnt/ubna_data_01/recover-20220822/UBNA_001/20220819_100000.WAV,recover-20220822,UBNA_001,Telephone Field
1127.1795,1127.1892,45234.0,60229.0,Pipistrellus pipistrellus,0.492,0.679,-1,Echolocation,/mnt/ubna_data_01/recover-20220822/UBNA_001/20220819_100000.WAV,recover-20220822,UBNA_001,Telephone Field
1127.6425,1127.6541,46093.0,60528.0,Pipistrellus pipistrellus,0.377,0.582,-1,Echolocation,/mnt/ubna_data_01/recover-20220822/UBNA_001/20220819_100000.WAV,recover-20220822,UBNA_001,Telephone Field
1128.3785,1128.385,47812.0,56183.0,Pipistrellus pipistrellus,0.534,0.542,-1,Echolocation,/mnt/ubna_data_01/recover-20220822/UBNA_001/20220819_100000.WAV,recover-20220822,UBNA_001,Telephone Field
1128.7555,1128.7616,47812.0,56279.0,Pipistrellus pipistrellus,0.495,0.515,-1,Echolocation,/mnt/ubna_data_01/recover-20220822/UBNA_001/20220819_100000.WAV,recover-20220822,UBNA_001,Telephone Field
1128.8285,1128.8342,47812.0,58898.0,Pipistrellus pipistrellus,0.48,0.512,-1,Echolocation,/mnt/ubna_data_01/recover-20220822/UBNA_001/20220819_100000.WAV,recover-20220822,UBNA_001,Telephone Field
1128.9175,1128.9239,46953.0,60403.0,Pipistrellus pipistrellus,0.544,0.66,-1,Echolocation,/mnt/ubna_data_01/recover-20220822/UBNA_001/20220819_100000.WAV,recover-20220822,UBNA_001,Telephone Field
1129.0205,1129.0261,47812.0,56049.0,Pipistrellus pipistrellus,0.549,0.573,-1,Echolocation,/mnt/ubna_data_01/recover-20220822/UBNA_001/20220819_100000.WAV,recover-20220822,UBNA_001,Telephone Field
1129.1135,1129.1197,47812.0,58323.0,Pipistrellus pipistrellus,0.541,0.571,-1,Echolocation,/mnt/ubna_data_01/recover-20220822/UBNA_001/20220819_100000.WAV,recover-20220822,UBNA_001,Telephone Field
1129.2215,1129.2274,46953.0,56384.0,Pipistrellus pipistrellus,0.543,0.558,-1,Echolocation,/mnt/ubna_data_01/recover-20220822/UBNA_001/20220819_100000.WAV,recover-20220822,UBNA_001,Telephone Field
1129.3235,1129.3297,47812.0,58553.0,Pipistrellus pipistrellus,0.536,0.574,-1,Echolocation,/mnt/ubna_data_01/recover-20220822/UBNA_001/20220819_100000.WAV,recover-20220822,UBNA_001,Telephone Field
1129.5295,1129.536,46953.0,55340.0,Pipistrellus pipistrellus,0.513,0.529,-1,Echolocation,/mnt/ubna_data_01/recover-20220822/UBNA_001/20220819_100000.WAV,recover-20220822,UBNA_001,Telephone Field
1132.4635,1132.4683,49531.0,60914.0,Pipistrellus pipistrellus,0.539,0.585,-1,Echolocation,/mnt/ubna_data_01/recover-20220822/UBNA_001/20220819_100000.WAV,recover-20220822,UBNA_001,Telephone Field
1132.9115,1132.9171,47812.0,60253.0,Pipistrellus pipistrellus,0.501,0.536,-1,Echolocation,/mnt/ubna_data_01/recover-20220822/UBNA_001/20220819_100000.WAV,recover-20220822,UBNA_001,Telephone Field
1133.1165,1133.1226,45234.0,62075.0,Pipistrellus pipistrellus,0.452,0.552,-1,Echolocation,/mnt/ubna_data_01/recover-20220822/UBNA_001/20220819_100000.WAV,recover-20220822,UBNA_001,Telephone Field
1133.4885,1133.4965,45234.0,62308.0,Pipistrellus pipistrellus,0.45,0.597,-1,Echolocation,/mnt/ubna_data_01/recover-20220822/UBNA_001/20220819_100000.WAV,recover-20220822,UBNA_001,Telephone Field
1133.5905,1133.5995,45234.0,61596.0,Pipistrellus pipistrellus,0.448,0.586,-1,Echolocation,/mnt/ubna_data_01/recover-20220822/UBNA_001/20220819_100000.WAV,recover-20220822,UBNA_001,Telephone Field
1133.6865,1133.6931,46093.0,63279.0,Pipistrellus pipistrellus,0.481,0.65,-1,Echolocation,/mnt/ubna_data_01/recover-20220822/UBNA_001/20220819_100000.WAV,recover-20220822,UBNA_001,Telephone Field
1133.8865,1133.8935,46093.0,61368.0,Pipistrellus pipistrellus,0.416,0.519,-1,Echolocation,/mnt/ubna_data_01/recover-20220822/UBNA_001/20220819_100000.WAV,recover-20220822,UBNA_001,Telephone Field
1133.9885,1133.9955,44375.0,61031.0,Pipistrellus pipistrellus,0.414,0.609,-1,Echolocation,/mnt/ubna_data_01/recover-20220822/UBNA_001/20220819_100000.WAV,recover-20220822,UBNA_001,Telephone Field
1134.0895,1134.0999,45234.0,66325.0,Pipistrellus pipistrellus,0.474,0.631,-1,Echolocation,/mnt/ubna_data_01/recover-20220822/UBNA_001/20220819_100000.WAV,recover-20220822,UBNA_001,Telephone Field
1134.3925,1134.3995,47812.0,56062.0,Pipistrellus pipistrellus,0.449,0.52,-1,Echolocation,/mnt/ubna_data_01/recover-20220822/UBNA_001/20220819_100000.WAV,recover-20220822,UBNA_001,Telephone Field
1134.5875,1134.5975,46093.0,63132.0,Pipistrellus pipistrellus,0.421,0.652,-1,Echolocation,/mnt/ubna_data_01/recover-20220822/UBNA_001/20220819_100000.WAV,recover-20220822,UBNA_001,Telephone Field
1134.6945,1134.7005,46953.0,54404.0,Pipistrellus pipistrellus,0.501,0.538,-1,Echolocation,/mnt/ubna_data_01/recover-20220822/UBNA_001/20220819_100000.WAV,recover-20220822,UBNA_001,Telephone Field
1134.7935,1134.8043,44375.0,64134.0,Pipistrellus pipistrellus,0.271,0.522,-1,Echolocation,/mnt/ubna_data_01/recover-20220822/UBNA_001/20220819_100000.WAV,recover-20220822,UBNA_001,Telephone Field
1134.8785,1134.8845,47812.0,61256.0,Pipistrellus pipistrellus,0.546,0.656,-1,Echolocation,/mnt/ubna_data_01/recover-20220822/UBNA_001/20220819_100000.WAV,recover-20220822,UBNA_001,Telephone Field
1135.0375,1135.0463,46953.0,60570.0,Pipistrellus pipistrellus,0.485,0.716,-1,Echolocation,/mnt/ubna_data_01/recover-20220822/UBNA_001/20220819_100000.WAV,recover-20220822,UBNA_001,Telephone Field
1135.2415,1135.2475,46953.0,54204.0,Pipistrellus pipistrellus,0.505,0.559,-1,Echolocation,/mnt/ubna_data_01/recover-20220822/UBNA_001/20220819_100000.WAV,recover-20220822,UBNA_001,Telephone Field
1135.3465,1135.3517,46953.0,59631.0,Pipistrellus pipistrellus,0.511,0.555,-1,Echolocation,/mnt/ubna_data_01/recover-20220822/UBNA_001/20220819_100000.WAV,recover-20220822,UBNA_001,Telephone Field
1135.4125,1135.4198,46953.0,59216.0,Pipistrellus pipistrellus,0.559,0.709,-1,Echolocation,/mnt/ubna_data_01/recover-20220822/UBNA_001/20220819_100000.WAV,recover-20220822,UBNA_001,Telephone Field
1135.9135,1135.92,49531.0,60659.0,Pipistrellus pipistrellus,0.515,0.57,-1,Echolocation,/mnt/ubna_data_01/recover-20220822/UBNA_001/20220819_100000.WAV,recover-20220822,UBNA_001,Telephone Field
1136.0765,1136.084,47812.0,59872.0,Pipistrellus pipistrellus,0.431,0.611,-1,Echolocation,/mnt/ubna_data_01/recover-20220822/UBNA_001/20220819_100000.WAV,recover-20220822,UBNA_001,Telephone Field
1136.2565,1136.2658,42656.0,57470.0,Pipistrellus nathusii,0.285,0.539,-1,Echolocation,/mnt/ubna_data_01/recover-20220822/UBNA_001/20220819_100000.WAV,recover-20220822,UBNA_001,Telephone Field
1136.4155,1136.4248,41796.0,53338.0,Pipistrellus nathusii,0.229,0.504,-1,Echolocation,/mnt/ubna_data_01/recover-20220822/UBNA_001/20220819_100000.WAV,recover-20220822,UBNA_001,Telephone Field
1139.2525,1139.2566,46953.0,59574.0,Pipistrellus pipistrellus,0.498,0.541,-1,Echolocation,/mnt/ubna_data_01/recover-20220822/UBNA_001/20220819_100000.WAV,recover-20220822,UBNA_001,Telephone Field
1139.3375,1139.3437,46953.0,62106.0,Pipistrellus pipistrellus,0.46,0.64,-1,Echolocation,/mnt/ubna_data_01/recover-20220822/UBNA_001/20220819_100000.WAV,recover-20220822,UBNA_001,Telephone Field
1139.4315,1139.4397,46093.0,62314.0,Pipistrellus pipistrellus,0.485,0.609,-1,Echolocation,/mnt/ubna_data_01/recover-20220822/UBNA_001/20220819_100000.WAV,recover-20220822,UBNA_001,Telephone Field
1139.5275,1139.5333,46093.0,60966.0,Pipistrellus pipistrellus,0.48,0.644,-1,Echolocation,/mnt/ubna_data_01/recover-20220822/UBNA_001/20220819_100000.WAV,recover-20220822,UBNA_001,Telephone Field
1139.6275,1139.6342,46953.0,61742.0,Pipistrellus pipistrellus,0.489,0.611,-1,Echolocation,/mnt/ubna_data_01/recover-20220822/UBNA_001/20220819_100000.WAV,recover-20220822,UBNA_001,Telephone Field
1139.7115,1139.7188,46953.0,63324.0,Pipistrellus pipistrellus,0.471,0.661,-1,Echolocation,/mnt/ubna_data_01/recover-20220822/UBNA_001/20220819_100000.WAV,recover-20220822,UBNA_001,Telephone Field
1139.8075,1139.8156,47812.0,64326.0,Pipistrellus pipistrellus,0.564,0.703,-1,Echolocation,/mnt/ubna_data_01/recover-20220822/UBNA_001/20220819_100000.WAV,recover-20220822,UBNA_001,Telephone Field
1139.9085,1139.9165,46093.0,60920.0,Pipistrellus pipistrellus,0.436,0.636,-1,Echolocation,/mnt/ubna_data_01/recover-20220822/UBNA_001/20220819_100000.WAV,recover-20220822,UBNA_001,Telephone Field
1140.0085,1140.0157,46953.0,64519.0,Pipistrellus pipistrellus,0.597,0.68,-1,Echolocation,/mnt/ubna_data_01/recover-20220822/UBNA_001/20220819_100000.WAV,recover-20220822,UBNA_001,Telephone Field
1140.1015,1140.1101,47812.0,61137.0,Pipistrellus pipistrellus,0.378,0.634,-1,Echolocation,/mnt/ubna_data_01/recover-20220822/UBNA_001/20220819_100000.WAV,recover-20220822,UBNA_001,Telephone Field
1140.2035,1140.2117,46093.0,67038.0,Pipistrellus pipistrellus,0.43,0.654,-1,Echolocation,/mnt/ubna_data_01/recover-20220822/UBNA_001/20220819_100000.WAV,recover-20220822,UBNA_001,Telephone Field
1140.2775,1140.2829,46953.0,69832.0,Pipistrellus pipistrellus,0.614,0.694,-1,Echolocation,/mnt/ubna_data_01/recover-20220822/UBNA_001/20220819_100000.WAV,recover-20220822,UBNA_001,Telephone Field
1140.3265,1140.331,47812.0,66443.0,Pipistrellus pipistrellus,0.59,0.633,-1,Echolocation,/mnt/ubna_data_01/recover-20220822/UBNA_001/20220819_100000.WAV,recover-20220822,UBNA_001,Telephone Field
1140.3955,1140.4022,46093.0,72203.0,Pipistrellus pipistrellus,0.491,0.708,-1,Echolocation,/mnt/ubna_data_01/recover-20220822/UBNA_001/20220819_100000.WAV,recover-20220822,UBNA_001,Telephone Field
1140.4895,1140.4968,46093.0,70280.0,Pipistrellus pipistrellus,0.607,0.713,-1,Echolocation,/mnt/ubna_data_01/recover-20220822/UBNA_001/20220819_100000.WAV,recover-20220822,UBNA_001,Telephone Field
1140.5875,1140.5948,46093.0,68302.0,Pipistrellus pipistrellus,0.501,0.72,-1,Echolocation,/mnt/ubna_data_01/recover-20220822/UBNA_001/20220819_100000.WAV,recover-20220822,UBNA_001,Telephone Field
1140.6945,1140.7021,46093.0,70314.0,Pipistrellus pipistrellus,0.614,0.698,-1,Echolocation,/mnt/ubna_data_01/recover-20220822/UBNA_001/20220819_100000.WAV,recover-20220822,UBNA_001,Telephone Field
1140.7935,1140.8026,46093.0,71352.0,Pipistrellus pipistrellus,0.578,0.71,-1,Echolocation,/mnt/ubna_data_01/recover-20220822/UBNA_001/20220819_100000.WAV,recover-20220822,UBNA_001,Telephone Field
1140.8955,1140.9023,46953.0,63676.0,Pipistrellus pipistrellus,0.592,0.662,-1,Echolocation,/mnt/ubna_data_01/recover-20220822/UBNA_001/20220819_100000.WAV,recover-20220822,UBNA_001,Telephone Field
1140.9645,1140.9699,46953.0,71465.0,Pipistrellus pipistrellus,0.599,0.686,-1,Echolocation,/mnt/ubna_data_01/recover-20220822/UBNA_001/20220819_100000.WAV,recover-20220822,UBNA_001,Telephone Field
1141.0515,1141.0597,46093.0,69197.0,Pipistrellus pipistrellus,0.515,0.712,-1,Echolocation,/mnt/ubna_data_01/recover-20220822/UBNA_001/20220819_100000.WAV,recover-20220822,UBNA_001,Telephone Field
1141.1495,1141.1583,45234.0,68476.0,Pipistrellus pipistrellus,0.559,0.707,-1,Echolocation,/mnt/ubna_data_01/recover-20220822/UBNA_001/20220819_100000.WAV,recover-20220822,UBNA_001,Telephone Field
1141.2485,1141.2566,45234.0,71649.0,Pipistrellus pipistrellus,0.562,0.693,-1,Echolocation,/mnt/ubna_data_01/recover-20220822/UBNA_001/20220819_100000.WAV,recover-20220822,UBNA_001,Telephone Field
1141.3245,1141.331,46093.0,72595.0,Pipistrellus pipistrellus,0.607,0.688,-1,Echolocation,/mnt/ubna_data_01/recover-20220822/UBNA_001/20220819_100000.WAV,recover-20220822,UBNA_001,Telephone Field
1141.3935,1141.3999,46093.0,75066.0,Pipistrellus pipistrellus,0.532,0.652,-1,Echolocation,/mnt/ubna_data_01/recover-20220822/UBNA_001/20220819_100000.WAV,recover-20220822,UBNA_001,Telephone Field
1141.4635,1141.4691,45234.0,73055.0,Pipistrellus pipistrellus,0.576,0.67,-1,Echolocation,/mnt/ubna_data_01/recover-20220822/UBNA_001/20220819_100000.WAV,recover-20220822,UBNA_001,Telephone Field
1141.5415,1141.5473,46093.0,73149.0,Pipistrellus pipistrellus,0.524,0.643,-1,Echolocation,/mnt/ubna_data_01/recover-20220822/UBNA_001/20220819_100000.WAV,recover-20220822,UBNA_001,Telephone Field
1141.6235,1141.6291,46093.0,68046.0,Pipistrellus pipistrellus,0.63,0.751,-1,Echolocation,/mnt/ubna_data_01/recover-20220822/UBNA_001/20220819_100000.WAV,recover-20220822,UBNA_001,Telephone Field
1141.7175,1141.722,46093.0,59946.0,Pipistrellus pipistrellus,0.521,0.563,-1,Echolocation,/mnt/ubna_data_01/recover-20220822/UBNA_001/20220819_100000.WAV,recover-20220822,UBNA_001,Telephone Field
1141.8035,1141.8095,43515.0,66447.0,Pipistrellus pipistrellus,0.255,0.518,-1,Echolocation,/mnt/ubna_data_01/recover-20220822/UBNA_001/20220819_100000.WAV,recover-20220822,UBNA_001,Telephone Field
1141.8645,1141.8696,44375.0,65872.0,Pipistrellus pipistrellus,0.196,0.521,-1,Echolocation,/mnt/ubna_data_01/recover-20220822/UBNA_001/20220819_100000.WAV,recover-20220822,UBNA_001,Telephone Field
1142.8495,1142.8564,47812.0,63401.0,Pipistrellus pipistrellus,0.536,0.591,-1,Echolocation,/mnt/ubna_data_01/recover-20220822/UBNA_001/20220819_100000.WAV,recover-20220822,UBNA_001,Telephone Field
1142.9255,1142.9308,49531.0,60991.0,Pipistrellus pipistrellus,0.516,0.552,-1,Echolocation,/mnt/ubna_data_01/recover-20220822/UBNA_001/20220819_100000.WAV,recover-20220822,UBNA_001,Telephone Field
1143.0885,1143.0936,47812.0,62746.0,Pipistrellus pipistrellus,0.678,0.703,-1,Echolocation,/mnt/ubna_data_01/recover-20220822/UBNA_001/20220819_100000.WAV,recover-20220822,UBNA_001,Telephone Field
1143.1775,1143.1825,48671.0,61033.0,Pipistrellus pipistrellus,0.549,0.567,-1,Echolocation,/mnt/ubna_data_01/recover-20220822/UBNA_001/20220819_100000.WAV,recover-20220822,UBNA_001,Telephone Field
1143.2665,1143.2718,47812.0,58927.0,Pipistrellus pipistrellus,0.67,0.69,-1,Echolocation,/mnt/ubna_data_01/recover-20220822/UBNA_001/20220819_100000.WAV,recover-20220822,UBNA_001,Telephone Field
1143.4485,1143.4536,47812.0,59559.0,Pipistrellus pipistrellus,0.652,0.672,-1,Echolocation,/mnt/ubna_data_01/recover-20220822/UBNA_001/20220819_100000.WAV,recover-20220822,UBNA_001,Telephone Field
1143.5415,1143.5481,47812.0,57648.0,Pipistrellus pipistrellus,0.496,0.521,-1,Echolocation,/mnt/ubna_data_01/recover-20220822/UBNA_001/20220819_100000.WAV,recover-20220822,UBNA_001,Telephone Field
1143.6345,1143.6401,47812.0,57831.0,Pipistrellus pipistrellus,0.544,0.576,-1,Echolocation,/mnt/ubna_data_01/recover-20220822/UBNA_001/20220819_100000.WAV,recover-20220822,UBNA_001,Telephone Field
1143.6985,1143.7041,47812.0,60180.0,Pipistrellus pipistrellus,0.508,0.523,-1,Echolocation,/mnt/ubna_data_01/recover-20220822/UBNA_001/20220819_100000.WAV,recover-20220822,UBNA_001,Telephone Field
1143.7565,1143.7619,46953.0,62623.0,Pipistrellus pipistrellus,0.668,0.705,-1,Echolocation,/mnt/ubna_data_01/recover-20220822/UBNA_001/20220819_100000.WAV,recover-20220822,UBNA_001,Telephone Field
1143.8165,1143.823,46953.0,62737.0,Pipistrellus pipistrellus,0.625,0.676,-1,Echolocation,/mnt/ubna_data_01/recover-20220822/UBNA_001/20220819_100000.WAV,recover-20220822,UBNA_001,Telephone Field
1143.8815,1143.8862,46953.0,62364.0,Pipistrellus pipistrellus,0.592,0.62,-1,Echolocation,/mnt/ubna_data_01/recover-20220822/UBNA_001/20220819_100000.WAV,recover-20220822,UBNA_001,Telephone Field
1143.9865,1143.9915,46953.0,62590.0,Pipistrellus pipistrellus,0.631,0.655,-1,Echolocation,/mnt/ubna_data_01/recover-20220822/UBNA_001/20220819_100000.WAV,recover-20220822,UBNA_001,Telephone Field
1144.0575,1144.0635,45234.0,67371.0,Myotis alcathoe,0.217,0.522,-1,Echolocation,/mnt/ubna_data_01/recover-20220822/UBNA_001/20220819_100000.WAV,recover-20220822,UBNA_001,Telephone Field
1144.1385,1144.1433,46093.0,67219.0,Pipistrellus pipistrellus,0.558,0.646,-1,Echolocation,/mnt/ubna_data_01/recover-20220822/UBNA_001/20220819_100000.WAV,recover-20220822,UBNA_001,Telephone Field
1144.2125,1144.2179,46953.0,68731.0,Myotis alcathoe,0.228,0.52,-1,Echolocation,/mnt/ubna_data_01/recover-20220822/UBNA_001/20220819_100000.WAV,recover-20220822,UBNA_001,Telephone Field
1144.8655,1144.8708,52109.0,72693.0,Pipistrellus pipistrellus,0.267,0.5,-1,Echolocation,/mnt/ubna_data_01/recover-20220822/UBNA_001/20220819_100000.WAV,recover-20220822,UBNA_001,Telephone Field
1144.9515,1144.9558,46093.0,75985.0,Pipistrellus pipistrellus,0.35,0.502,-1,Echolocation,/mnt/ubna_data_01/recover-20220822/UBNA_001/20220819_100000.WAV,recover-20220822,UBNA_001,Telephone Field
1145.1995,1145.2042,46093.0,80740.0,Myotis alcathoe,0.405,0.578,-1,Echolocation,/mnt/ubna_data_01/recover-20220822/UBNA_001/20220819_100000.WAV,recover-20220822,UBNA_001,Telephone Field
1145.3715,1145.3778,47812.0,76018.0,Myotis alcathoe,0.244,0.53,-1,Echolocation,/mnt/ubna_data_01/recover-20220822/UBNA_001/20220819_100000.WAV,recover-20220822,UBNA_001,Telephone Field
1145.4675,1145.4731,45234.0,83310.0,Myotis alcathoe,0.355,0.57,-1,Echolocation,/mnt/ubna_data_01/recover-20220822/UBNA_001/20220819_100000.WAV,recover-20220822,UBNA_001,Telephone Field
1145.5575,1145.5634,45234.0,85615.0,Myotis alcathoe,0.336,0.553,-1,Echolocation,/mnt/ubna_data_01/recover-20220822/UBNA_001/20220819_100000.WAV,recover-20220822,UBNA_001,Telephone Field
1145.6445,1145.65,45234.0,87533.0,Myotis alcathoe,0.368,0.571,-1,Echolocation,/mnt/ubna_data_01/recover-20220822/UBNA_001/20220819_100000.WAV,recover-20220822,UBNA_001,Telephone Field
1145.7325,1145.7378,46953.0,77731.0,Pipistrellus pipistrellus,0.501,0.571,-1,Echolocation,/mnt/ubna_data_01/recover-20220822/UBNA_001/20220819_100000.WAV,recover-20220822,UBNA_001,Telephone Field
1145.8165,1145.8221,46093.0,82248.0,Pipistrellus pipistrellus,0.398,0.597,-1,Echolocation,/mnt/ubna_data_01/recover-20220822/UBNA_001/20220819_100000.WAV,recover-20220822,UBNA_001,Telephone Field
1145.8985,1145.9042,45234.0,88723.0,Pipistrellus pipistrellus,0.364,0.566,-1,Echolocation,/mnt/ubna_data_01/recover-20220822/UBNA_001/20220819_100000.WAV,recover-20220822,UBNA_001,Telephone Field
1145.9565,1145.9628,46093.0,90951.0,Myotis alcathoe,0.373,0.562,-1,Echolocation,/mnt/ubna_data_01/recover-20220822/UBNA_001/20220819_100000.WAV,recover-20220822,UBNA_001,Telephone Field
1146.0135,1146.0197,45234.0,93604.0,Myotis alcathoe,0.271,0.597,-1,Echolocation,/mnt/ubna_data_01/recover-20220822/UBNA_001/20220819_100000.WAV,recover-20220822,UBNA_001,Telephone Field
1146.0825,1146.0884,43515.0,91341.0,Myotis alcathoe,0.271,0.523,-1,Echolocation,/mnt/ubna_data_01/recover-20220822/UBNA_001/20220819_100000.WAV,recover-20220822,UBNA_001,Telephone Field
1146.1425,1146.1488,43515.0,88151.0,Pipistrellus pipistrellus,0.281,0.513,-1,Echolocation,/mnt/ubna_data_01/recover-20220822/UBNA_001/20220819_100000.WAV,recover-20220822,UBNA_001,Telephone Field
1146.2255,1146.2322,44375.0,88764.0,Pipistrellus pipistrellus,0.259,0.523,-1,Echolocation,/mnt/ubna_data_01/recover-20220822/UBNA_001/20220819_100000.WAV,recover-20220822,UBNA_001,Telephone Field
1146.2875,1146.2931,44375.0,84030.0,Pipistrellus pipistrellus,0.397,0.535,-1,Echolocation,/mnt/ubna_data_01/recover-20220822/UBNA_001/20220819_100000.WAV,recover-20220822,UBNA_001,Telephone Field
1146.4185,1146.4235,43515.0,82688.0,Myotis mystacinus,0.209,0.528,-1,Echolocation,/mnt/ubna_data_01/recover-20220822/UBNA_001/20220819_100000.WAV,recover-20220822,UBNA_001,Telephone Field
1146.6455,1146.6504,46093.0,76807.0,Myotis alcathoe,0.205,0.508,-1,Echolocation,/mnt/ubna_data_01/recover-20220822/UBNA_001/20220819_100000.WAV,recover-20220822,UBNA_001,Telephone Field
1146.7145,1146.7205,46093.0,76181.0,Pipistrellus pipistrellus,0.287,0.563,-1,Echolocation,/mnt/ubna_data_01/recover-20220822/UBNA_001/20220819_100000.WAV,recover-20220822,UBNA_001,Telephone Field
1146.8825,1146.8871,46953.0,70397.0,Pipistrellus pipistrellus,0.479,0.555,-1,Echolocation,/mnt/ubna_data_01/recover-20220822/UBNA_001/20220819_100000.WAV,recover-20220822,UBNA_001,Telephone Field
1146.9605,1146.966,46093.0,68535.0,Pipistrellus pipistrellus,0.454,0.617,-1,Echolocation,/mnt/ubna_data_01/recover-20220822/UBNA_001/20220819_100000.WAV,recover-20220822,UBNA_001,Telephone Field
1147.0395,1147.0453,45234.0,70867.0,Pipistrellus pipistrellus,0.397,0.631,-1,Echolocation,/mnt/ubna_data_01/recover-20220822/UBNA_001/20220819_100000.WAV,recover-20220822,UBNA_001,Telephone Field
1147.1195,1147.1256,46953.0,64064.0,Pipistrellus pipistrellus,0.441,0.549,-1,Echolocation,/mnt/ubna_data_01/recover-20220822/UBNA_001/20220819_100000.WAV,recover-20220822,UBNA_001,Telephone Field
1147.7425,1147.7473,46093.0,64375.0,Pipistrellus pipistrellus,0.541,0.656,-1,Echolocation,/mnt/ubna_data_01/recover-20220822/UBNA_001/20220819_100000.WAV,recover-20220822,UBNA_001,Telephone Field
1147.8355,1147.8405,45234.0,64214.0,Pipistrellus pipistrellus,0.481,0.649,-1,Echolocation,/mnt/ubna_data_01/recover-20220822/UBNA_001/20220819_100000.WAV,recover-20220822,UBNA_001,Telephone Field
1147.9235,1147.9274,48671.0,60415.0,Pipistrellus pipistrellus,0.513,0.546,-1,Echolocation,/mnt/ubna_data_01/recover-20220822/UBNA_001/20220819_100000.WAV,recover-20220822,UBNA_001,Telephone Field
1148.0135,1148.0203,46093.0,61363.0,Pipistrellus pipistrellus,0.534,0.679,-1,Echolocation,/mnt/ubna_data_01/recover-20220822/UBNA_001/20220819_100000.WAV,recover-20220822,UBNA_001,Telephone Field
1148.2245,1148.2306,47812.0,59519.0,Pipistrellus pipistrellus,0.579,0.605,-1,Echolocation,/mnt/ubna_data_01/recover-20220822/UBNA_001/20220819_100000.WAV,recover-20220822,UBNA_001,Telephone Field
1148.3125,1148.3183,47812.0,54215.0,Pipistrellus pipistrellus,0.509,0.53,-1,Echolocation,/mnt/ubna_data_01/recover-20220822/UBNA_001/20220819_100000.WAV,recover-20220822,UBNA_001,Telephone Field
1148.4095,1148.4157,47812.0,56073.0,Pipistrellus pipistrellus,0.572,0.612,-1,Echolocation,/mnt/ubna_data_01/recover-20220822/UBNA_001/20220819_100000.WAV,recover-20220822,UBNA_001,Telephone Field
1149.2555,1149.2614,46093.0,60310.0,Pipistrellus pipistrellus,0.456,0.513,-1,Echolocation,/mnt/ubna_data_01/recover-20220822/UBNA_001/20220819_100000.WAV,recover-20220822,UBNA_001,Telephone Field
1149.4075,1149.4135,46953.0,58404.0,Pipistrellus pipistrellus,0.522,0.553,-1,Echolocation,/mnt/ubna_data_01/recover-20220822/UBNA_001/20220819_100000.WAV,recover-20220822,UBNA_001,Telephone Field
1149.4925,1149.5003,46953.0,59511.0,Pipistrellus pipistrellus,0.589,0.7,-1,Echolocation,/mnt/ubna_data_01/recover-20220822/UBNA_001/20220819_100000.WAV,recover-20220822,UBNA_001,Telephone Field
1149.5775,1149.5854,47812.0,58436.0,Pipistrellus pipistrellus,0.53,0.603,-1,Echolocation,/mnt/ubna_data_01/recover-20220822/UBNA_001/20220819_100000.WAV,recover-20220822,UBNA_001,Telephone Field
1149.8315,1149.8375,47812.0,56290.0,Pipistrellus pipistrellus,0.601,0.637,-1,Echolocation,/mnt/ubna_data_01/recover-20220822/UBNA_001/20220819_100000.WAV,recover-20220822,UBNA_001,Telephone Field
1149.9125,1149.9181,46953.0,56589.0,Pipistrellus pipistrellus,0.497,0.516,-1,Echolocation,/mnt/ubna_data_01/recover-20220822/UBNA_001/20220819_100000.WAV,recover-20220822,UBNA_001,Telephone Field
1150.4755,1150.4812,46953.0,55812.0,Pipistrellus pipistrellus,0.48,0.5,-1,Echolocation,/mnt/ubna_data_01/recover-20220822/UBNA_001/20220819_100000.WAV,recover-20220822,UBNA_001,Telephone Field
1150.6485,1150.6541,47812.0,57616.0,Pipistrellus pipistrellus,0.495,0.559,-1,Echolocation,/mnt/ubna_data_01/recover-20220822/UBNA_001/20220819_100000.WAV,recover-20220822,UBNA_001,Telephone Field
1150.9565,1150.9615,44375.0,54770.0,Pipistrellus pipistrellus,0.505,0.537,-1,Echolocation,/mnt/ubna_data_01/recover-20220822/UBNA_001/20220819_100000.WAV,recover-20220822,UBNA_001,Telephone Field
1151.0775,1151.0823,44375.0,57458.0,Pipistrellus pipistrellus,0.296,0.501,-1,Echolocation,/mnt/ubna_data_01/recover-20220822/UBNA_001/20220819_100000.WAV,recover-20220822,UBNA_001,Telephone Field
1152.5255,1152.5304,48671.0,58384.0,Pipistrellus pipistrellus,0.5,0.513,-1,Echolocation,/mnt/ubna_data_01/recover-20220822/UBNA_001/20220819_100000.WAV,recover-20220822,UBNA_001,Telephone Field
1152.7745,1152.7788,49531.0,60839.0,Pipistrellus pipistrellus,0.506,0.524,-1,Echolocation,/mnt/ubna_data_01/recover-20220822/UBNA_001/20220819_100000.WAV,recover-20220822,UBNA_001,Telephone Field
1153.1765,1153.1812,48671.0,65751.0,Pipistrellus pipistrellus,0.559,0.643,-1,Echolocation,/mnt/ubna_data_01/recover-20220822/UBNA_001/20220819_100000.WAV,recover-20220822,UBNA_001,Telephone Field
1153.2505,1153.2551,48671.0,67066.0,Pipistrellus pipistrellus,0.579,0.673,-1,Echolocation,/mnt/ubna_data_01/recover-20220822/UBNA_001/20220819_100000.WAV,recover-20220822,UBNA_001,Telephone Field
1153.3185,1153.3237,47812.0,64410.0,Pipistrellus pipistrellus,0.479,0.554,-1,Echolocation,/mnt/ubna_data_01/recover-20220822/UBNA_001/20220819_100000.WAV,recover-20220822,UBNA_001,Telephone Field
1153.4745,1153.48,47812.0,65340.0,Pipistrellus pipistrellus,0.491,0.584,-1,Echolocation,/mnt/ubna_data_01/recover-20220822/UBNA_001/20220819_100000.WAV,recover-20220822,UBNA_001,Telephone Field
1153.7265,1153.7312,47812.0,61692.0,Pipistrellus pipistrellus,0.522,0.554,-1,Echolocation,/mnt/ubna_data_01/recover-20220822/UBNA_001/20220819_100000.WAV,recover-20220822,UBNA_001,Telephone Field
1153.8995,1153.904,47812.0,64629.0,Pipistrellus pipistrellus,0.576,0.644,-1,Echolocation,/mnt/ubna_data_01/recover-20220822/UBNA_001/20220819_100000.WAV,recover-20220822,UBNA_001,Telephone Field
1153.9625,1153.9673,46953.0,59362.0,Pipistrellus pipistrellus,0.562,0.585,-1,Echolocation,/mnt/ubna_data_01/recover-20220822/UBNA_001/20220819_100000.WAV,recover-20220822,UBNA_001,Telephone Field
1154.1075,1154.1114,48671.0,66289.0,Pipistrellus pipistrellus,0.472,0.565,-1,Echolocation,/mnt/ubna_data_01/recover-20220822/UBNA_001/20220819_100000.WAV,recover-20220822,UBNA_001,Telephone Field
1154.2015,1154.206,47812.0,60355.0,Pipistrellus pipistrellus,0.554,0.656,-1,Echolocation,/mnt/ubna_data_01/recover-20220822/UBNA_001/20220819_100000.WAV,recover-20220822,UBNA_001,Telephone Field
1154.3855,1154.3899,47812.0,57790.0,Pipistrellus pipistrellus,0.536,0.581,-1,Echolocation,/mnt/ubna_data_01/recover-20220822/UBNA_001/20220819_100000.WAV,recover-20220822,UBNA_001,Telephone Field
1154.5595,1154.5646,46953.0,66677.0,Pipistrellus pipistrellus,0.359,0.539,-1,Echolocation,/mnt/ubna_data_01/recover-20220822/UBNA_001/20220819_100000.WAV,recover-20220822,UBNA_001,Telephone Field
1154.6525,1154.6587,46953.0,63887.0,Pipistrellus pipistrellus,0.392,0.635,-1,Echolocation,/mnt/ubna_data_01/recover-20220822/UBNA_001/20220819_100000.WAV,recover-20220822,UBNA_001,Telephone Field
1154.8375,1154.8418,48671.0,58976.0,Pipistrellus pipistrellus,0.531,0.602,-1,Echolocation,/mnt/ubna_data_01/recover-20220822/UBNA_001/20220819_100000.WAV,recover-20220822,UBNA_001,Telephone Field
1154.9305,1154.9394,46093.0,67727.0,Pipistrellus pipistrellus,0.518,0.727,-1,Echolocation,/mnt/ubna_data_01/recover-20220822/UBNA_001/20220819_100000.WAV,recover-20220822,UBNA_001,Telephone Field
1155.0225,1155.0291,46093.0,70200.0,Pipistrellus pipistrellus,0.518,0.742,-1,Echolocation,/mnt/ubna_data_01/recover-20220822/UBNA_001/20220819_100000.WAV,recover-20220822,UBNA_001,Telephone Field
1155.0955,1155.1009,46093.0,71549.0,Pipistrellus pipistrellus,0.633,0.742,-1,Echolocation,/mnt/ubna_data_01/recover-20220822/UBNA_001/20220819_100000.WAV,recover-20220822,UBNA_001,Telephone Field
1155.1605,1155.166,43515.0,79664.0,Pipistrellus pipistrellus,0.306,0.604,-1,Echolocation,/mnt/ubna_data_01/recover-20220822/UBNA_001/20220819_100000.WAV,recover-20220822,UBNA_001,Telephone Field
1155.2275,1155.2332,42656.0,82778.0,Myotis alcathoe,0.311,0.533,-1,Echolocation,/mnt/ubna_data_01/recover-20220822/UBNA_001/20220819_100000.WAV,recover-20220822,UBNA_001,Telephone Field
1155.3685,1155.3741,41796.0,86627.0,Myotis alcathoe,0.235,0.555,-1,Echolocation,/mnt/ubna_data_01/recover-20220822/UBNA_001/20220819_100000.WAV,recover-20220822,UBNA_001,Telephone Field
1155.4115,1155.4165,41796.0,81548.0,Myotis alcathoe,0.196,0.54,-1,Echolocation,/mnt/ubna_data_01/recover-20220822/UBNA_001/20220819_100000.WAV,recover-20220822,UBNA_001,Telephone Field
1155.4445,1155.4483,42656.0,77979.0,Myotis mystacinus,0.28,0.609,-1,Echolocation,/mnt/ubna_data_01/recover-20220822/UBNA_001/20220819_100000.WAV,recover-20220822,UBNA_001,Telephone Field
1155.6715,1155.6771,46093.0,82212.0,Myotis alcathoe,0.325,0.544,-1,Echolocation,/mnt/ubna_data_01/recover-20220822/UBNA_001/20220819_100000.WAV,recover-20220822,UBNA_001,Telephone Field
1155.7465,1155.7517,45234.0,84087.0,Myotis alcathoe,0.352,0.545,-1,Echolocation,/mnt/ubna_data_01/recover-20220822/UBNA_001/20220819_100000.WAV,recover-20220822,UBNA_001,Telephone Field
1155.8275,1155.8334,44375.0,83531.0,Pipistrellus pipistrellus,0.365,0.524,-1,Echolocation,/mnt/ubna_data_01/recover-20220822/UBNA_001/20220819_100000.WAV,recover-20220822,UBNA_001,Telephone Field
1155.9095,1155.9148,44375.0,88325.0,Myotis alcathoe,0.373,0.533,-1,Echolocation,/mnt/ubna_data_01/recover-20220822/UBNA_001/20220819_100000.WAV,recover-20220822,UBNA_001,Telephone Field
1156.0795,1156.0854,43515.0,85807.0,Pipistrellus pipistrellus,0.389,0.58,-1,Echolocation,/mnt/ubna_data_01/recover-20220822/UBNA_001/20220819_100000.WAV,recover-20220822,UBNA_001,Telephone Field
1156.2485,1156.2544,44375.0,83250.0,Pipistrellus pipistrellus,0.426,0.53,-1,Echolocation,/mnt/ubna_data_01/recover-20220822/UBNA_001/20220819_100000.WAV,recover-20220822,UBNA_001,Telephone Field
1156.3355,1156.3413,42656.0,75792.0,Pipistrellus pipistrellus,0.379,0.571,-1,Echolocation,/mnt/ubna_data_01/recover-20220822/UBNA_001/20220819_100000.WAV,recover-20220822,UBNA_001,Telephone Field
1156.5085,1156.5141,45234.0,74677.0,Pipistrellus pipistrellus,0.496,0.613,-1,Echolocation,/mnt/ubna_data_01/recover-20220822/UBNA_001/20220819_100000.WAV,recover-20220822,UBNA_001,Telephone Field
1156.5825,1156.5879,44375.0,77256.0,Pipistrellus pipistrellus,0.321,0.506,-1,Echolocation,/mnt/ubna_data_01/recover-20220822/UBNA_001/20220819_100000.WAV,recover-20220822,UBNA_001,Telephone Field
1156.6405,1156.6475,46093.0,66919.0,Pipistrellus pipistrellus,0.498,0.619,-1,Echolocation,/mnt/ubna_data_01/recover-20220822/UBNA_001/20220819_100000.WAV,recover-20220822,UBNA_001,Telephone Field
1156.7935,1156.7981,46953.0,69253.0,Pipistrellus pipistrellus,0.513,0.573,-1,Echolocation,/mnt/ubna_data_01/recover-20220822/UBNA_001/20220819_100000.WAV,recover-20220822,UBNA_001,Telephone Field
1156.8665,1156.8718,43515.0,78077.0,Pipistrellus pipistrellus,0.274,0.557,-1,Echolocation,/mnt/ubna_data_01/recover-20220822/UBNA_001/20220819_100000.WAV,recover-20220822,UBNA_001,Telephone Field
1156.9675,1156.9731,43515.0,78395.0,Pipistrellus pipistrellus,0.307,0.559,-1,Echolocation,/mnt/ubna_data_01/recover-20220822/UBNA_001/20220819_100000.WAV,recover-20220822,UBNA_001,Telephone Field
1157.3015,1157.3076,44375.0,77950.0,Pipistrellus pipistrellus,0.342,0.552,-1,Echolocation,/mnt/ubna_data_01/recover-20220822/UBNA_001/20220819_100000.WAV,recover-20220822,UBNA_001,Telephone Field
1157.3855,1157.391,48671.0,72729.0,Pipistrellus pipistrellus,0.475,0.617,-1,Echolocation,/mnt/ubna_data_01/recover-20220822/UBNA_001/20220819_100000.WAV,recover-20220822,UBNA_001,Telephone Field
1157.5505,1157.5559,48671.0,69514.0,Pipistrellus pipistrellus,0.514,0.63,-1,Echolocation,/mnt/ubna_data_01/recover-20220822/UBNA_001/20220819_100000.WAV,recover-20220822,UBNA_001,Telephone Field
1158.0915,1158.098,46093.0,66966.0,Pipistrellus pipistrellus,0.584,0.657,-1,Echolocation,/mnt/ubna_data_01/recover-20220822/UBNA_001/20220819_100000.WAV,recover-20220822,UBNA_001,Telephone Field
1158.2445,1158.2492,46953.0,57420.0,Pipistrellus pipistrellus,0.512,0.528,-1,Echolocation,/mnt/ubna_data_01/recover-20220822/UBNA_001/20220819_100000.WAV,recover-20220822,UBNA_001,Telephone Field
1158.3295,1158.336,46953.0,56456.0,Pipistrellus pipistrellus,0.54,0.583,-1,Echolocation,/mnt/ubna_data_01/recover-20220822/UBNA_001/20220819_100000.WAV,recover-20220822,UBNA_001,Telephone Field
1158.5825,1158.5876,46093.0,58084.0,Pipistrellus pipistrellus,0.604,0.617,-1,Echolocation,/mnt/ubna_data_01/recover-20220822/UBNA_001/20220819_100000.WAV,recover-20220822,UBNA_001,Telephone Field
1158.6645,1158.6698,46093.0,58706.0,Pipistrellus pipistrellus,0.632,0.651,-1,Echolocation,/mnt/ubna_data_01/recover-20220822/UBNA_001/20220819_100000.WAV,recover-20220822,UBNA_001,Telephone Field
1158.9335,1158.9376,49531.0,61697.0,Pipistrellus pipistrellus,0.485,0.519,-1,Echolocation,/mnt/ubna_data_01/recover-20220822/UBNA_001/20220819_100000.WAV,recover-20220822,UBNA_001,Telephone Field
1159.1015,1159.1069,46953.0,55955.0,Pipistrellus pipistrellus,0.526,0.535,-1,Echolocation,/mnt/ubna_data_01/recover-20220822/UBNA_001/20220819_100000.WAV,recover-20220822,UBNA_001,Telephone Field
1159.8145,1159.8195,47812.0,61425.0,Pipistrellus pipistrellus,0.427,0.508,-1,Echolocation,/mnt/ubna_data_01/recover-20220822/UBNA_001/20220819_100000.WAV,recover-20220822,UBNA_001,Telephone Field
1159.8815,1159.8878,46953.0,54417.0,Pipistrellus pipistrellus,0.632,0.644,-1,Echolocation,/mnt/ubna_data_01/recover-20220822/UBNA_001/20220819_100000.WAV,recover-20220822,UBNA_001,Telephone Field
1159.9545,1159.9605,47812.0,60839.0,Pipistrellus pipistrellus,0.544,0.621,-1,Echolocation,/mnt/ubna_data_01/recover-20220822/UBNA_001/20220819_100000.WAV,recover-20220822,UBNA_001,Telephone Field
1160.1285,1160.1343,47812.0,58030.0,Pipistrellus pipistrellus,0.429,0.51,-1,Echolocation,/mnt/ubna_data_01/recover-20220822/UBNA_001/20220819_100000.WAV,recover-20220822,UBNA_001,Telephone Field
1161.1105,1161.117,46093.0,65998.0,Pipistrellus pipistrellus,0.399,0.628,-1,Echolocation,/mnt/ubna_data_01/recover-20220822/UBNA_001/20220819_100000.WAV,recover-20220822,UBNA_001,Telephone Field
1161.1925,1161.1987,46953.0,67756.0,Pipistrellus pipistrellus,0.406,0.6,-1,Echolocation,/mnt/ubna_data_01/recover-20220822/UBNA_001/20220819_100000.WAV,recover-20220822,UBNA_001,Telephone Field
1161.2775,1161.2842,46093.0,66758.0,Pipistrellus pipistrellus,0.382,0.63,-1,Echolocation,/mnt/ubna_data_01/recover-20220822/UBNA_001/20220819_100000.WAV,recover-20220822,UBNA_001,Telephone Field
1161.4495,1161.4569,45234.0,66475.0,Pipistrellus pipistrellus,0.276,0.641,-1,Echolocation,/mnt/ubna_data_01/recover-20220822/UBNA_001/20220819_100000.WAV,recover-20220822,UBNA_001,Telephone Field
1161.6285,1161.6343,45234.0,69153.0,Pipistrellus pipistrellus,0.377,0.594,-1,Echolocation,/mnt/ubna_data_01/recover-20220822/UBNA_001/20220819_100000.WAV,recover-20220822,UBNA_001,Telephone Field
1161.7215,1161.7281,46093.0,70496.0,Pipistrellus pipistrellus,0.294,0.502,-1,Echolocation,/mnt/ubna_data_01/recover-20220822/UBNA_001/20220819_100000.WAV,recover-20220822,UBNA_001,Telephone Field
1161.8005,1161.8073,46953.0,67666.0,Pipistrellus pipistrellus,0.358,0.538,-1,Echolocation,/mnt/ubna_data_01/recover-20220822/UBNA_001/20220819_100000.WAV,recover-20220822,UBNA_001,Telephone Field
1161.9095,1161.9173,46093.0,68231.0,Pipistrellus pipistrellus,0.402,0.651,-1,Echolocation,/mnt/ubna_data_01/recover-20220822/UBNA_001/20220819_100000.WAV,recover-20220822,UBNA_001,Telephone Field
1161.9945,1161.9997,49531.0,70642.0,Pipistrellus pipistrellus,0.433,0.611,-1,Echolocation,/mnt/ubna_data_01/recover-20220822/UBNA_001/20220819_100000.WAV,recover-20220822,UBNA_001,Telephone Field
1162.0655,1162.0717,46093.0,67950.0,Pipistrellus pipistrellus,0.334,0.688,-1,Echolocation,/mnt/ubna_data_01/recover-20220822/UBNA_001/20220819_100000.WAV,recover-20220822,UBNA_001,Telephone Field
1162.1815,1162.1884,46093.0,69806.0,Pipistrellus pipistrellus,0.37,0.68,-1,Echolocation,/mnt/ubna_data_01/recover-20220822/UBNA_001/20220819_100000.WAV,recover-20220822,UBNA_001,Telephone Field
1162.2795,1162.2846,46093.0,69478.0,Pipistrellus pipistrellus,0.52,0.702,-1,Echolocation,/mnt/ubna_data_01/recover-20220822/UBNA_001/20220819_100000.WAV,recover-20220822,UBNA_001,Telephone Field
1162.3435,1162.3485,45234.0,69923.0,Pipistrellus pipistrellus,0.36,0.605,-1,Echolocation,/mnt/ubna_data_01/recover-20220822/UBNA_001/20220819_100000.WAV,recover-20220822,UBNA_001,Telephone Field
1162.8095,1162.8141,48671.0,72068.0,Pipistrellus pipistrellus,0.547,0.632,-1,Echolocation,/mnt/ubna_data_01/recover-20220822/UBNA_001/20220819_100000.WAV,recover-20220822,UBNA_001,Telephone Field
1162.9715,1162.9796,44375.0,68947.0,Pipistrellus pipistrellus,0.325,0.705,-1,Echolocation,/mnt/ubna_data_01/recover-20220822/UBNA_001/20220819_100000.WAV,recover-20220822,UBNA_001,Telephone Field
1163.0545,1163.0596,46093.0,75967.0,Pipistrellus pipistrellus,0.352,0.571,-1,Echolocation,/mnt/ubna_data_01/recover-20220822/UBNA_001/20220819_100000.WAV,recover-20220822,UBNA_001,Telephone Field
1163.1295,1163.1347,45234.0,78664.0,Myotis alcathoe,0.277,0.528,-1,Echolocation,/mnt/ubna_data_01/recover-20220822/UBNA_001/20220819_100000.WAV,recover-20220822,UBNA_001,Telephone Field
1163.1965,1163.2016,43515.0,84328.0,Myotis alcathoe,0.291,0.565,-1,Echolocation,/mnt/ubna_data_01/recover-20220822/UBNA_001/20220819_100000.WAV,recover-20220822,UBNA_001,Telephone Field
1163.2495,1163.2545,43515.0,82970.0,Myotis alcathoe,0.311,0.537,-1,Echolocation,/mnt/ubna_data_01/recover-20220822/UBNA_001/20220819_100000.WAV,recover-20220822,UBNA_001,Telephone Field
1163.3025,1163.307,42656.0,88042.0,Myotis mystacinus,0.269,0.637,-1,Echolocation,/mnt/ubna_data_01/recover-20220822/UBNA_001/20220819_100000.WAV,recover-20220822,UBNA_001,Telephone Field
1163.3515,1163.3562,43515.0,80582.0,Myotis alcathoe,0.275,0.541,-1,Echolocation,/mnt/ubna_data_01/recover-20220822/UBNA_001/20220819_100000.WAV,recover-20220822,UBNA_001,Telephone Field
1163.6875,1163.6928,45234.0,80361.0,Pipistrellus pipistrellus,0.247,0.533,-1,Echolocation,/mnt/ubna_data_01/recover-20220822/UBNA_001/20220819_100000.WAV,recover-20220822,UBNA_001,Telephone Field
1163.7585,1163.7635,45234.0,73631.0,Pipistrellus pipistrellus,0.287,0.505,-1,Echolocation,/mnt/ubna_data_01/recover-20220822/UBNA_001/20220819_100000.WAV,recover-20220822,UBNA_001,Telephone Field
1163.8325,1163.8373,46093.0,74212.0,Pipistrellus pipistrellus,0.402,0.509,-1,Echolocation,/mnt/ubna_data_01/recover-20220822/UBNA_001/20220819_100000.WAV,recover-20220822,UBNA_001,Telephone Field
1164.1835,1164.1886,43515.0,65446.0,Pipistrellus pipistrellus,0.302,0.547,-1,Echolocation,/mnt/ubna_data_01/recover-20220822/UBNA_001/20220819_100000.WAV,recover-20220822,UBNA_001,Telephone Field
1164.6045,1164.6092,48671.0,70114.0,Pipistrellus pipistrellus,0.461,0.59,-1,Echolocation,/mnt/ubna_data_01/recover-20220822/UBNA_001/20220819_100000.WAV,recover-20220822,UBNA_001,Telephone Field
1164.6715,1164.6763,48671.0,66307.0,Pipistrellus pipistrellus,0.634,0.691,-1,Echolocation,/mnt/ubna_data_01/recover-20220822/UBNA_001/20220819_100000.WAV,recover-20220822,UBNA_001,Telephone Field
1164.7425,1164.748,48671.0,65146.0,Pipistrellus pipistrellus,0.534,0.654,-1,Echolocation,/mnt/ubna_data_01/recover-20220822/UBNA_001/20220819_100000.WAV,recover-20220822,UBNA_001,Telephone Field
1164.8145,1164.8195,47812.0,64212.0,Pipistrellus pipistrellus,0.654,0.705,-1,Echolocation,/mnt/ubna_data_01/recover-20220822/UBNA_001/20220819_100000.WAV,recover-20220822,UBNA_001,Telephone Field
1164.8895,1164.8943,47812.0,66049.0,Pipistrellus pipistrellus,0.496,0.598,-1,Echolocation,/mnt/ubna_data_01/recover-20220822/UBNA_001/20220819_100000.WAV,recover-20220822,UBNA_001,Telephone Field
1164.9665,1164.972,46953.0,62291.0,Pipistrellus pipistrellus,0.456,0.591,-1,Echolocation,/mnt/ubna_data_01/recover-20220822/UBNA_001/20220819_100000.WAV,recover-20220822,UBNA_001,Telephone Field
1165.0425,1165.0486,47812.0,57316.0,Pipistrellus pipistrellus,0.572,0.596,-1,Echolocation,/mnt/ubna_data_01/recover-20220822/UBNA_001/20220819_100000.WAV,recover-20220822,UBNA_001,Telephone Field
1165.1195,1165.125,48671.0,63671.0,Pipistrellus pipistrellus,0.487,0.579,-1,Echolocation,/mnt/ubna_data_01/recover-20220822/UBNA_001/20220819_100000.WAV,recover-20220822,UBNA_001,Telephone Field
1165.1955,1165.1998,47812.0,62604.0,Pipistrellus pipistrellus,0.614,0.645,-1,Echolocation,/mnt/ubna_data_01/recover-20220822/UBNA_001/20220819_100000.WAV,recover-20220822,UBNA_001,Telephone Field
1165.2755,1165.2801,48671.0,60913.0,Pipistrellus pipistrellus,0.582,0.611,-1,Echolocation,/mnt/ubna_data_01/recover-20220822/UBNA_001/20220819_100000.WAV,recover-20220822,UBNA_001,Telephone Field
1165.3485,1165.3534,49531.0,59615.0,Pipistrellus pipistrellus,0.521,0.54,-1,Echolocation,/mnt/ubna_data_01/recover-20220822/UBNA_001/20220819_100000.WAV,recover-20220822,UBNA_001,Telephone Field
1166.2415,1166.2494,42656.0,52410.0,Pipistrellus pipistrellus,0.239,0.534,-1,Echolocation,/mnt/ubna_data_01/recover-20220822/UBNA_001/20220819_100000.WAV,recover-20220822,UBNA_001,Telephone Field
1167.0925,1167.1008,41796.0,53886.0,Pipistrellus nathusii,0.346,0.537,-1,Echolocation,/mnt/ubna_data_01/recover-20220822/UBNA_001/20220819_100000.WAV,recover-20220822,UBNA_001,Telephone Field
1167.3805,1167.3885,40937.0,54117.0,Pipistrellus nathusii,0.481,0.551,-1,Echolocation,/mnt/ubna_data_01/recover-20220822/UBNA_001/20220819_100000.WAV,recover-20220822,UBNA_001,Telephone Field
1167.5745,1167.5832,42656.0,59729.0,Pipistrellus pipistrellus,0.204,0.561,-1,Echolocation,/mnt/ubna_data_01/recover-20220822/UBNA_001/20220819_100000.WAV,recover-20220822,UBNA_001,Telephone Field
1167.9855,1167.9896,46953.0,61679.0,Pipistrellus pipistrellus,0.495,0.575,-1,Echolocation,/mnt/ubna_data_01/recover-20220822/UBNA_001/20220819_100000.WAV,recover-20220822,UBNA_001,Telephone Field
1168.1075,1168.1119,47812.0,61767.0,Pipistrellus pipistrellus,0.531,0.585,-1,Echolocation,/mnt/ubna_data_01/recover-20220822/UBNA_001/20220819_100000.WAV,recover-20220822,UBNA_001,Telephone Field
1168.1645,1168.169,47812.0,61098.0,Pipistrellus pipistrellus,0.519,0.595,-1,Echolocation,/mnt/ubna_data_01/recover-20220822/UBNA_001/20220819_100000.WAV,recover-20220822,UBNA_001,Telephone Field
1168.4345,1168.4398,46093.0,65087.0,Pipistrellus pipistrellus,0.39,0.593,-1,Echolocation,/mnt/ubna_data_01/recover-20220822/UBNA_001/20220819_100000.WAV,recover-20220822,UBNA_001,Telephone Field
1168.6345,1168.6398,48671.0,59679.0,Pipistrellus pipistrellus,0.48,0.552,-1,Echolocation,/mnt/ubna_data_01/recover-20220822/UBNA_001/20220819_100000.WAV,recover-20220822,UBNA_001,Telephone Field
1169.8805,1169.887,46093.0,68178.0,Pipistrellus pipistrellus,0.306,0.588,-1,Echolocation,/mnt/ubna_data_01/recover-20220822/UBNA_001/20220819_100000.WAV,recover-20220822,UBNA_001,Telephone Field
1169.9575,1169.9628,46953.0,64065.0,Pipistrellus pipistrellus,0.346,0.547,-1,Echolocation,/mnt/ubna_data_01/recover-20220822/UBNA_001/20220819_100000.WAV,recover-20220822,UBNA_001,Telephone Field
1170.0365,1170.042,48671.0,69279.0,Pipistrellus pipistrellus,0.432,0.578,-1,Echolocation,/mnt/ubna_data_01/recover-20220822/UBNA_001/20220819_100000.WAV,recover-20220822,UBNA_001,Telephone Field
1170.1115,1170.118,45234.0,68776.0,Pipistrellus pipistrellus,0.497,0.611,-1,Echolocation,/mnt/ubna_data_01/recover-20220822/UBNA_001/20220819_100000.WAV,recover-20220822,UBNA_001,Telephone Field
1170.1995,1170.2043,45234.0,63573.0,Pipistrellus pipistrellus,0.511,0.618,-1,Echolocation,/mnt/ubna_data_01/recover-20220822/UBNA_001/20220819_100000.WAV,recover-20220822,UBNA_001,Telephone Field
1170.2385,1170.2437,48671.0,63952.0,Pipistrellus pipistrellus,0.49,0.517,-1,Echolocation,/mnt/ubna_data_01/recover-20220822/UBNA_001/20220819_100000.WAV,recover-20220822,UBNA_001,Telephone Field
1170.5165,1170.5229,46953.0,70725.0,Pipistrellus pipistrellus,0.539,0.615,-1,Echolocation,/mnt/ubna_data_01/recover-20220822/UBNA_001/20220819_100000.WAV,recover-20220822,UBNA_001,Telephone Field
1170.5905,1170.5965,47812.0,73730.0,Pipistrellus pipistrellus,0.498,0.612,-1,Echolocation,/mnt/ubna_data_01/recover-20220822/UBNA_001/20220819_100000.WAV,recover-20220822,UBNA_001,Telephone Field
1170.7355,1170.7421,46093.0,65212.0,Pipistrellus pipistrellus,0.452,0.652,-1,Echolocation,/mnt/ubna_data_01/recover-20220822/UBNA_001/20220819_100000.WAV,recover-20220822,UBNA_001,Telephone Field
1170.8065,1170.8113,47812.0,64305.0,Pipistrellus pipistrellus,0.554,0.636,-1,Echolocation,/mnt/ubna_data_01/recover-20220822/UBNA_001/20220819_100000.WAV,recover-20220822,UBNA_001,Telephone Field
1170.8775,1170.8836,45234.0,73278.0,Pipistrellus pipistrellus,0.293,0.535,-1,Echolocation,/mnt/ubna_data_01/recover-20220822/UBNA_001/20220819_100000.WAV,recover-20220822,UBNA_001,Telephone Field
1170.9615,1170.9672,46093.0,74383.0,Pipistrellus pipistrellus,0.518,0.629,-1,Echolocation,/mnt/ubna_data_01/recover-20220822/UBNA_001/20220819_100000.WAV,recover-20220822,UBNA_001,Telephone Field
1171.0395,1171.045,45234.0,67818.0,Pipistrellus pipistrellus,0.564,0.646,-1,Echolocation,/mnt/ubna_data_01/recover-20220822/UBNA_001/20220819_100000.WAV,recover-20220822,UBNA_001,Telephone Field
1171.1145,1171.1199,46953.0,74638.0,Pipistrellus pipistrellus,0.45,0.528,-1,Echolocation,/mnt/ubna_data_01/recover-20220822/UBNA_001/20220819_100000.WAV,recover-20220822,UBNA_001,Telephone Field
1171.1935,1171.1978,47812.0,67060.0,Pipistrellus pipistrellus,0.644,0.672,-1,Echolocation,/mnt/ubna_data_01/recover-20220822/UBNA_001/20220819_100000.WAV,recover-20220822,UBNA_001,Telephone Field
1171.2655,1171.2705,46953.0,61834.0,Pipistrellus pipistrellus,0.568,0.613,-1,Echolocation,/mnt/ubna_data_01/recover-20220822/UBNA_001/20220819_100000.WAV,recover-20220822,UBNA_001,Telephone Field
1171.3465,1171.3514,46953.0,67951.0,Pipistrellus pipistrellus,0.555,0.618,-1,Echolocation,/mnt/ubna_data_01/recover-20220822/UBNA_001/20220819_100000.WAV,recover-20220822,UBNA_001,Telephone Field
1171.9435,1171.9494,47812.0,64124.0,Pipistrellus pipistrellus,0.539,0.613,-1,Echolocation,/mnt/ubna_data_01/recover-20220822/UBNA_001/20220819_100000.WAV,recover-20220822,UBNA_001,Telephone Field
1172.0335,1172.0399,44375.0,65845.0,Pipistrellus pipistrellus,0.385,0.515,-1,Echolocation,/mnt/ubna_data_01/recover-20220822/UBNA_001/20220819_100000.WAV,recover-20220822,UBNA_001,Telephone Field
1172.2235,1172.2325,44375.0,63946.0,Pipistrellus pipistrellus,0.479,0.649,-1,Echolocation,/mnt/ubna_data_01/recover-20220822/UBNA_001/20220819_100000.WAV,recover-20220822,UBNA_001,Telephone Field
1172.3225,1172.3287,48671.0,66382.0,Pipistrellus pipistrellus,0.427,0.524,-1,Echolocation,/mnt/ubna_data_01/recover-20220822/UBNA_001/20220819_100000.WAV,recover-20220822,UBNA_001,Telephone Field
1172.5725,1172.5805,46093.0,60570.0,Pipistrellus pipistrellus,0.506,0.613,-1,Echolocation,/mnt/ubna_data_01/recover-20220822/UBNA_001/20220819_100000.WAV,recover-20220822,UBNA_001,Telephone Field
1172.7775,1172.7852,44375.0,64987.0,Pipistrellus pipistrellus,0.503,0.619,-1,Echolocation,/mnt/ubna_data_01/recover-20220822/UBNA_001/20220819_100000.WAV,recover-20220822,UBNA_001,Telephone Field
1172.9835,1172.9934,46093.0,62287.0,Pipistrellus pipistrellus,0.423,0.557,-1,Echolocation,/mnt/ubna_data_01/recover-20220822/UBNA_001/20220819_100000.WAV,recover-20220822,UBNA_001,Telephone Field
1173.1885,1173.1954,45234.0,57594.0,Pipistrellus pipistrellus,0.455,0.568,-1,Echolocation,/mnt/ubna_data_01/recover-20220822/UBNA_001/20220819_100000.WAV,recover-20220822,UBNA_001,Telephone Field
1173.3975,1173.403,46953.0,54423.0,Pipistrellus pipistrellus,0.549,0.602,-1,Echolocation,/mnt/ubna_data_01/recover-20220822/UBNA_001/20220819_100000.WAV,recover-20220822,UBNA_001,Telephone Field
1173.5925,1173.6003,46953.0,56661.0,Pipistrellus pipistrellus,0.479,0.545,-1,Echolocation,/mnt/ubna_data_01/recover-20220822/UBNA_001/20220819_100000.WAV,recover-20220822,UBNA_001,Telephone Field
1173.9705,1173.9757,46953.0,60738.0,Pipistrellus pipistrellus,0.574,0.611,-1,Echolocation,/mnt/ubna_data_01/recover-20220822/UBNA_001/20220819_100000.WAV,recover-20220822,UBNA_001,Telephone Field
1174.0335,1174.0381,46093.0,63107.0,Pipistrellus pipistrellus,0.581,0.649,-1,Echolocation,/mnt/ubna_data_01/recover-20220822/UBNA_001/20220819_100000.WAV,recover-20220822,UBNA_001,Telephone Field
1174.0995,1174.1048,45234.0,65164.0,Pipistrellus pipistrellus,0.287,0.522,-1,Echolocation,/mnt/ubna_data_01/recover-20220822/UBNA_001/20220819_100000.WAV,recover-20220822,UBNA_001,Telephone Field
1174.1705,1174.1767,45234.0,66892.0,Pipistrellus pipistrellus,0.253,0.56,-1,Echolocation,/mnt/ubna_data_01/recover-20220822/UBNA_001/20220819_100000.WAV,recover-20220822,UBNA_001,Telephone Field
1174.2265,1174.2321,45234.0,63582.0,Pipistrellus pipistrellus,0.27,0.543,-1,Echolocation,/mnt/ubna_data_01/recover-20220822/UBNA_001/20220819_100000.WAV,recover-20220822,UBNA_001,Telephone Field
1174.8685,1174.8741,46953.0,62381.0,Pipistrellus pipistrellus,0.465,0.538,-1,Echolocation,/mnt/ubna_data_01/recover-20220822/UBNA_001/20220819_100000.WAV,recover-20220822,UBNA_001,Telephone Field
1174.9435,1174.9493,46093.0,56238.0,Pipistrellus pipistrellus,0.434,0.501,-1,Echolocation,/mnt/ubna_data_01/recover-20220822/UBNA_001/20220819_100000.WAV,recover-20220822,UBNA_001,Telephone Field
1176.6335,1176.6388,47812.0,60035.0,Pipistrellus pipistrellus,0.501,0.524,-1,Echolocation,/mnt/ubna_data_01/recover-20220822/UBNA_001/20220819_100000.WAV,recover-20220822,UBNA_001,Telephone Field
1176.7175,1176.723,46953.0,60824.0,Pipistrellus pipistrellus,0.612,0.661,-1,Echolocation,/mnt/ubna_data_01/recover-20220822/UBNA_001/20220819_100000.WAV,recover-20220822,UBNA_001,Telephone Field
1176.8015,1176.8081,48671.0,62142.0,Pipistrellus pipistrellus,0.503,0.575,-1,Echolocation,/mnt/ubna_data_01/recover-20220822/UBNA_001/20220819_100000.WAV,recover-20220822,UBNA_001,Telephone Field
1176.8855,1176.8915,47812.0,61264.0,Pipistrellus pipistrellus,0.548,0.675,-1,Echolocation,/mnt/ubna_data_01/recover-20220822/UBNA_001/20220819_100000.WAV,recover-20220822,UBNA_001,Telephone Field
1176.9775,1176.983,48671.0,62367.0,Pipistrellus pipistrellus,0.622,0.686,-1,Echolocation,/mnt/ubna_data_01/recover-20220822/UBNA_001/20220819_100000.WAV,recover-20220822,UBNA_001,Telephone Field
1177.0735,1177.0794,48671.0,61976.0,Pipistrellus pipistrellus,0.491,0.626,-1,Echolocation,/mnt/ubna_data_01/recover-20220822/UBNA_001/20220819_100000.WAV,recover-20220822,UBNA_001,Telephone Field
1177.2915,1177.2967,47812.0,61824.0,Pipistrellus pipistrellus,0.552,0.587,-1,Echolocation,/mnt/ubna_data_01/recover-20220822/UBNA_001/20220819_100000.WAV,recover-20220822,UBNA_001,Telephone Field
1177.3915,1177.3968,46953.0,56088.0,Pipistrellus pipistrellus,0.497,0.524,-1,Echolocation,/mnt/ubna_data_01/recover-20220822/UBNA_001/20220819_100000.WAV,recover-20220822,UBNA_001,Telephone Field
1177.4795,1177.4853,46953.0,59989.0,Pipistrellus pipistrellus,0.603,0.653,-1,Echolocation,/mnt/ubna_data_01/recover-20220822/UBNA_001/20220819_100000.WAV,recover-20220822,UBNA_001,Telephone Field
1177.5505,1177.557,46953.0,62869.0,Pipistrellus pipistrellus,0.585,0.673,-1,Echolocation,/mnt/ubna_data_01/recover-20220822/UBNA_001/20220819_100000.WAV,recover-20220822,UBNA_001,Telephone Field
1177.6075,1177.6127,46953.0,60618.0,Pipistrellus pipistrellus,0.565,0.604,-1,Echolocation,/mnt/ubna_data_01/recover-20220822/UBNA_001/20220819_100000.WAV,recover-20220822,UBNA_001,Telephone Field
1177.6555,1177.6605,46093.0,59938.0,Pipistrellus pipistrellus,0.588,0.628,-1,Echolocation,/mnt/ubna_data_01/recover-20220822/UBNA_001/20220819_100000.WAV,recover-20220822,UBNA_001,Telephone Field
1177.8665,1177.8721,47812.0,60271.0,Pipistrellus pipistrellus,0.501,0.535,-1,Echolocation,/mnt/ubna_data_01/recover-20220822/UBNA_001/20220819_100000.WAV,recover-20220822,UBNA_001,Telephone Field
1177.9255,1177.9303,46953.0,59571.0,Pipistrellus pipistrellus,0.561,0.6,-1,Echolocation,/mnt/ubna_data_01/recover-20220822/UBNA_001/20220819_100000.WAV,recover-20220822,UBNA_001,Telephone Field
1178.0155,1178.021,47812.0,66489.0,Pipistrellus pipistrellus,0.623,0.747,-1,Echolocation,/mnt/ubna_data_01/recover-20220822/UBNA_001/20220819_100000.WAV,recover-20220822,UBNA_001,Telephone Field
1178.1095,1178.1166,45234.0,63768.0,Pipistrellus pipistrellus,0.492,0.665,-1,Echolocation,/mnt/ubna_data_01/recover-20220822/UBNA_001/20220819_100000.WAV,recover-20220822,UBNA_001,Telephone Field
1178.2055,1178.2102,46953.0,59977.0,Pipistrellus pipistrellus,0.54,0.595,-1,Echolocation,/mnt/ubna_data_01/recover-20220822/UBNA_001/20220819_100000.WAV,recover-20220822,UBNA_001,Telephone Field
1178.5645,1178.5694,46953.0,64930.0,Pipistrellus pipistrellus,0.53,0.672,-1,Echolocation,/mnt/ubna_data_01/recover-20220822/UBNA_001/20220819_100000.WAV,recover-20220822,UBNA_001,Telephone Field
1178.6625,1178.6673,45234.0,62046.0,Pipistrellus pipistrellus,0.475,0.652,-1,Echolocation,/mnt/ubna_data_01/recover-20220822/UBNA_001/20220819_100000.WAV,recover-20220822,UBNA_001,Telephone Field
1178.7645,1178.7716,46093.0,63101.0,Pipistrellus pipistrellus,0.491,0.612,-1,Echolocation,/mnt/ubna_data_01/recover-20220822/UBNA_001/20220819_100000.WAV,recover-20220822,UBNA_001,Telephone Field
1178.8695,1178.8762,45234.0,67817.0,Pipistrellus pipistrellus,0.498,0.691,-1,Echolocation,/mnt/ubna_data_01/recover-20220822/UBNA_001/20220819_100000.WAV,recover-20220822,UBNA_001,Telephone Field
1178.9735,1178.9821,45234.0,66937.0,Pipistrellus pipistrellus,0.434,0.672,-1,Echolocation,/mnt/ubna_data_01/recover-20220822/UBNA_001/20220819_100000.WAV,recover-20220822,UBNA_001,Telephone Field
1179.0775,1179.0843,45234.0,67237.0,Pipistrellus pipistrellus,0.55,0.688,-1,Echolocation,/mnt/ubna_data_01/recover-20220822/UBNA_001/20220819_100000.WAV,recover-20220822,UBNA_001,Telephone Field
1179.1705,1179.1776,45234.0,69526.0,Pipistrellus pipistrellus,0.508,0.639,-1,Echolocation,/mnt/ubna_data_01/recover-20220822/UBNA_001/20220819_100000.WAV,recover-20220822,UBNA_001,Telephone Field
1179.2485,1179.2539,46953.0,67393.0,Pipistrellus pipistrellus,0.495,0.629,-1,Echolocation,/mnt/ubna_data_01/recover-20220822/UBNA_001/20220819_100000.WAV,recover-20220822,UBNA_001,Telephone Field
1179.3235,1179.3294,45234.0,71012.0,Pipistrellus pipistrellus,0.452,0.622,-1,Echolocation,/mnt/ubna_data_01/recover-20220822/UBNA_001/20220819_100000.WAV,recover-20220822,UBNA_001,Telephone Field
1179.4085,1179.4165,46093.0,66534.0,Pipistrellus pipistrellus,0.553,0.671,-1,Echolocation,/mnt/ubna_data_01/recover-20220822/UBNA_001/20220819_100000.WAV,recover-20220822,UBNA_001,Telephone Field
1179.4935,1179.503,46953.0,66980.0,Pipistrellus pipistrellus,0.467,0.69,-1,Echolocation,/mnt/ubna_data_01/recover-20220822/UBNA_001/20220819_100000.WAV,recover-20220822,UBNA_001,Telephone Field
1179.6195,1179.6249,46093.0,66768.0,Pipistrellus pipistrellus,0.484,0.689,-1,Echolocation,/mnt/ubna_data_01/recover-20220822/UBNA_001/20220819_100000.WAV,recover-20220822,UBNA_001,Telephone Field
1179.7625,1179.7707,44375.0,71374.0,Pipistrellus pipistrellus,0.475,0.66,-1,Echolocation,/mnt/ubna_data_01/recover-20220822/UBNA_001/20220819_100000.WAV,recover-20220822,UBNA_001,Telephone Field
1179.8575,1179.864,43515.0,71882.0,Pipistrellus pipistrellus,0.466,0.711,-1,Echolocation,/mnt/ubna_data_01/recover-20220822/UBNA_001/20220819_100000.WAV,recover-20220822,UBNA_001,Telephone Field
1179.9465,1179.9524,43515.0,74171.0,Pipistrellus pipistrellus,0.464,0.676,-1,Echolocation,/mnt/ubna_data_01/recover-20220822/UBNA_001/20220819_100000.WAV,recover-20220822,UBNA_001,Telephone Field
1180.0325,1180.0391,44375.0,70438.0,Pipistrellus pipistrellus,0.411,0.603,-1,Echolocation,/mnt/ubna_data_01/recover-20220822/UBNA_001/20220819_100000.WAV,recover-20220822,UBNA_001,Telephone Field
1180.1365,1180.1431,43515.0,70131.0,Pipistrellus pipistrellus,0.587,0.734,-1,Echolocation,/mnt/ubna_data_01/recover-20220822/UBNA_001/20220819_100000.WAV,recover-20220822,UBNA_001,Telephone Field
1180.2235,1180.2316,44375.0,74915.0,Pipistrellus pipistrellus,0.469,0.682,-1,Echolocation,/mnt/ubna_data_01/recover-20220822/UBNA_001/20220819_100000.WAV,recover-20220822,UBNA_001,Telephone Field
1180.3215,1180.3293,45234.0,69413.0,Pipistrellus pipistrellus,0.544,0.729,-1,Echolocation,/mnt/ubna_data_01/recover-20220822/UBNA_001/20220819_100000.WAV,recover-20220822,UBNA_001,Telephone Field
1180.4185,1180.4245,46953.0,63110.0,Pipistrellus pipistrellus,0.459,0.531,-1,Echolocation,/mnt/ubna_data_01/recover-20220822/UBNA_001/20220819_100000.WAV,recover-20220822,UBNA_001,Telephone Field
1180.5085,1180.5139,44375.0,66330.0,Pipistrellus pipistrellus,0.534,0.695,-1,Echolocation,/mnt/ubna_data_01/recover-20220822/UBNA_001/20220819_100000.WAV,recover-20220822,UBNA_001,Telephone Field
1180.6025,1180.6083,44375.0,70556.0,Pipistrellus pipistrellus,0.432,0.579,-1,Echolocation,/mnt/ubna_data_01/recover-20220822/UBNA_001/20220819_100000.WAV,recover-20220822,UBNA_001,Telephone Field
1180.7985,1180.8048,44375.0,64402.0,Pipistrellus pipistrellus,0.361,0.658,-1,Echolocation,/mnt/ubna_data_01/recover-20220822/UBNA_001/20220819_100000.WAV,recover-20220822,UBNA_001,Telephone Field
1181.6185,1181.6224,49531.0,68712.0,Pipistrellus pipistrellus,0.423,0.535,-1,Echolocation,/mnt/ubna_data_01/recover-20220822/UBNA_001/20220819_100000.WAV,recover-20220822,UBNA_001,Telephone Field
1181.6795,1181.6858,46093.0,76078.0,Pipistrellus pipistrellus,0.306,0.53,-1,Echolocation,/mnt/ubna_data_01/recover-20220822/UBNA_001/20220819_100000.WAV,recover-20220822,UBNA_001,Telephone Field
1181.7525,1181.7574,47812.0,62862.0,Pipistrellus pipistrellus,0.533,0.569,-1,Echolocation,/mnt/ubna_data_01/recover-20220822/UBNA_001/20220819_100000.WAV,recover-20220822,UBNA_001,Telephone Field
1181.8265,1181.8339,43515.0,72313.0,Pipistrellus pipistrellus,0.378,0.529,-1,Echolocation,/mnt/ubna_data_01/recover-20220822/UBNA_001/20220819_100000.WAV,recover-20220822,UBNA_001,Telephone Field
1181.9755,1181.9821,47812.0,60903.0,Pipistrellus pipistrellus,0.492,0.532,-1,Echolocation,/mnt/ubna_data_01/recover-20220822/UBNA_001/20220819_100000.WAV,recover-20220822,UBNA_001,Telephone Field
1182.2715,1182.2794,41796.0,64456.0,Pipistrellus pipistrellus,0.352,0.521,-1,Echolocation,/mnt/ubna_data_01/recover-20220822/UBNA_001/20220819_100000.WAV,recover-20220822,UBNA_001,Telephone Field
1182.3425,1182.3475,46953.0,61288.0,Pipistrellus pipistrellus,0.479,0.537,-1,Echolocation,/mnt/ubna_data_01/recover-20220822/UBNA_001/20220819_100000.WAV,recover-20220822,UBNA_001,Telephone Field
1182.3925,1182.3988,47812.0,64007.0,Pipistrellus pipistrellus,0.455,0.518,-1,Echolocation,/mnt/ubna_data_01/recover-20220822/UBNA_001/20220819_100000.WAV,recover-20220822,UBNA_001,Telephone Field
1182.6045,1182.6107,44375.0,54449.0,Pipistrellus pipistrellus,0.523,0.576,-1,Echolocation,/mnt/ubna_data_01/recover-20220822/UBNA_001/20220819_100000.WAV,recover-20220822,UBNA_001,Telephone Field
1182.8745,1182.8816,45234.0,70549.0,Pipistrellus pipistrellus,0.384,0.653,-1,Echolocation,/mnt/ubna_data_01/recover-20220822/UBNA_001/20220819_100000.WAV,recover-20220822,UBNA_001,Telephone Field
1182.9215,1182.9277,43515.0,52788.0,Pipistrellus pipistrellus,0.584,0.624,-1,Echolocation,/mnt/ubna_data_01/recover-20220822/UBNA_001/20220819_100000.WAV,recover-20220822,UBNA_001,Telephone Field
1182.9595,1182.9675,46953.0,64309.0,Pipistrellus pipistrellus,0.394,0.502,-1,Echolocation,/mnt/ubna_data_01/recover-20220822/UBNA_001/20220819_100000.WAV,recover-20220822,UBNA_001,Telephone Field
1183.0505,1183.0585,46953.0,64058.0,Pipistrellus pipistrellus,0.411,0.618,-1,Echolocation,/mnt/ubna_data_01/recover-20220822/UBNA_001/20220819_100000.WAV,recover-20220822,UBNA_001,Telephone Field
1183.2665,1183.2759,46953.0,63026.0,Pipistrellus pipistrellus,0.407,0.618,-1,Echolocation,/mnt/ubna_data_01/recover-20220822/UBNA_001/20220819_100000.WAV,recover-20220822,UBNA_001,Telephone Field
1183.3405,1183.3471,43515.0,49953.0,Pipistrellus pipistrellus,0.617,0.666,-1,Echolocation,/mnt/ubna_data_01/recover-20220822/UBNA_001/20220819_100000.WAV,recover-20220822,UBNA_001,Telephone Field
1183.6555,1183.6617,47812.0,58982.0,Pipistrellus pipistrellus,0.524,0.573,-1,Echolocation,/mnt/ubna_data_01/recover-20220822/UBNA_001/20220819_100000.WAV,recover-20220822,UBNA_001,Telephone Field
1183.8455,1183.8517,47812.0,56186.0,Pipistrellus pipistrellus,0.515,0.593,-1,Echolocation,/mnt/ubna_data_01/recover-20220822/UBNA_001/20220819_100000.WAV,recover-20220822,UBNA_001,Telephone Field
1184.6385,1184.6436,46093.0,58049.0,Pipistrellus pipistrellus,0.207,0.515,-1,Echolocation,/mnt/ubna_data_01/recover-20220822/UBNA_001/20220819_100000.WAV,recover-20220822,UBNA_001,Telephone Field
1185.3365,1185.3425,43515.0,59942.0,Pipistrellus pipistrellus,0.237,0.6,-1,Echolocation,/mnt/ubna_data_01/recover-20220822/UBNA_001/20220819_100000.WAV,recover-20220822,UBNA_001,Telephone Field
1185.4105,1185.416,54687.0,64209.0,Pipistrellus pygmaeus,0.471,0.504,-1,Echolocation,/mnt/ubna_data_01/recover-20220822/UBNA_001/20220819_100000.WAV,recover-20220822,UBNA_001,Telephone Field
1185.7055,1185.7126,41796.0,61569.0,Myotis daubentonii,0.25,0.518,-1,Echolocation,/mnt/ubna_data_01/recover-20220822/UBNA_001/20220819_100000.WAV,recover-20220822,UBNA_001,Telephone Field
1185.7325,1185.7384,46093.0,67595.0,Pipistrellus pipistrellus,0.287,0.552,-1,Echolocation,/mnt/ubna_data_01/recover-20220822/UBNA_001/20220819_100000.WAV,recover-20220822,UBNA_001,Telephone Field
1185.9755,1185.9809,42656.0,52257.0,Pipistrellus nathusii,0.381,0.601,-1,Echolocation,/mnt/ubna_data_01/recover-20220822/UBNA_001/20220819_100000.WAV,recover-20220822,UBNA_001,Telephone Field
1186.0495,1186.0569,46953.0,72822.0,Pipistrellus pipistrellus,0.455,0.583,-1,Echolocation,/mnt/ubna_data_01/recover-20220822/UBNA_001/20220819_100000.WAV,recover-20220822,UBNA_001,Telephone Field
1186.1135,1186.1208,47812.0,65612.0,Pipistrellus pipistrellus,0.437,0.6,-1,Echolocation,/mnt/ubna_data_01/recover-20220822/UBNA_001/20220819_100000.WAV,recover-20220822,UBNA_001,Telephone Field
1186.1705,1186.1788999999999,40937.0,61488.0,Pipistrellus nathusii,0.514,0.563,-1,Echolocation,/mnt/ubna_data_01/recover-20220822/UBNA_001/20220819_100000.WAV,recover-20220822,UBNA_001,Telephone Field
1186.4495,1186.4556,48671.0,68762.0,Pipistrellus pipistrellus,0.416,0.614,-1,Echolocation,/mnt/ubna_data_01/recover-20220822/UBNA_001/20220819_100000.WAV,recover-20220822,UBNA_001,Telephone Field
1186.5245,1186.533,46093.0,70868.0,Pipistrellus pipistrellus,0.455,0.625,-1,Echolocation,/mnt/ubna_data_01/recover-20220822/UBNA_001/20220819_100000.WAV,recover-20220822,UBNA_001,Telephone Field
1186.6135,1186.6229,47812.0,69495.0,Pipistrellus pipistrellus,0.419,0.62,-1,Echolocation,/mnt/ubna_data_01/recover-20220822/UBNA_001/20220819_100000.WAV,recover-20220822,UBNA_001,Telephone Field
1186.7235,1186.7323,45234.0,70009.0,Pipistrellus pipistrellus,0.364,0.589,-1,Echolocation,/mnt/ubna_data_01/recover-20220822/UBNA_001/20220819_100000.WAV,recover-20220822,UBNA_001,Telephone Field
1186.8205,1186.83,46953.0,71403.0,Pipistrellus pipistrellus,0.338,0.613,-1,Echolocation,/mnt/ubna_data_01/recover-20220822/UBNA_001/20220819_100000.WAV,recover-20220822,UBNA_001,Telephone Field
1186.8735,1186.881,40937.0,63694.0,Pipistrellus nathusii,0.46,0.528,-1,Echolocation,/mnt/ubna_data_01/recover-20220822/UBNA_001/20220819_100000.WAV,recover-20220822,UBNA_001,Telephone Field
1186.9205,1186.9281,46093.0,69297.0,Pipistrellus pipistrellus,0.448,0.672,-1,Echolocation,/mnt/ubna_data_01/recover-20220822/UBNA_001/20220819_100000.WAV,recover-20220822,UBNA_001,Telephone Field
1186.9665,1186.9736,40937.0,58145.0,Pipistrellus nathusii,0.571,0.601,-1,Echolocation,/mnt/ubna_data_01/recover-20220822/UBNA_001/20220819_100000.WAV,recover-20220822,UBNA_001,Telephone Field
1187.0085,1187.0165,46093.0,73899.0,Pipistrellus pipistrellus,0.446,0.677,-1,Echolocation,/mnt/ubna_data_01/recover-20220822/UBNA_001/20220819_100000.WAV,recover-20220822,UBNA_001,Telephone Field
1187.0435,1187.051,40078.0,62404.0,Pipistrellus nathusii,0.492,0.549,-1,Echolocation,/mnt/ubna_data_01/recover-20220822/UBNA_001/20220819_100000.WAV,recover-20220822,UBNA_001,Telephone Field
1187.1055,1187.113,45234.0,73293.0,Pipistrellus pipistrellus,0.418,0.659,-1,Echolocation,/mnt/ubna_data_01/recover-20220822/UBNA_001/20220819_100000.WAV,recover-20220822,UBNA_001,Telephone Field
1187.2215,1187.2273,40078.0,54157.0,Pipistrellus nathusii,0.483,0.557,-1,Echolocation,/mnt/ubna_data_01/recover-20220822/UBNA_001/20220819_100000.WAV,recover-20220822,UBNA_001,Telephone Field
1187.2835,1187.2904,45234.0,72543.0,Pipistrellus pipistrellus,0.445,0.665,-1,Echolocation,/mnt/ubna_data_01/recover-20220822/UBNA_001/20220819_100000.WAV,recover-20220822,UBNA_001,Telephone Field
1187.3215,1187.329,40937.0,57876.0,Pipistrellus nathusii,0.574,0.623,-1,Echolocation,/mnt/ubna_data_01/recover-20220822/UBNA_001/20220819_100000.WAV,recover-20220822,UBNA_001,Telephone Field
1187.3385,1187.3441,47812.0,80146.0,Pipistrellus pipistrellus,0.404,0.566,-1,Echolocation,/mnt/ubna_data_01/recover-20220822/UBNA_001/20220819_100000.WAV,recover-20220822,UBNA_001,Telephone Field
1187.3905,1187.396,49531.0,78299.0,Pipistrellus pipistrellus,0.489,0.647,-1,Echolocation,/mnt/ubna_data_01/recover-20220822/UBNA_001/20220819_100000.WAV,recover-20220822,UBNA_001,Telephone Field
1187.4185,1187.4266,40937.0,55980.0,Pipistrellus nathusii,0.534,0.61,-1,Echolocation,/mnt/ubna_data_01/recover-20220822/UBNA_001/20220819_100000.WAV,recover-20220822,UBNA_001,Telephone Field
1187.4575,1187.4626,46953.0,72737.0,Pipistrellus pipistrellus,0.479,0.576,-1,Echolocation,/mnt/ubna_data_01/recover-20220822/UBNA_001/20220819_100000.WAV,recover-20220822,UBNA_001,Telephone Field
1187.5185,1187.5242,41796.0,64762.0,Pipistrellus nathusii,0.366,0.519,-1,Echolocation,/mnt/ubna_data_01/recover-20220822/UBNA_001/20220819_100000.WAV,recover-20220822,UBNA_001,Telephone Field
1187.5825,1187.5893,46953.0,73008.0,Pipistrellus pipistrellus,0.385,0.634,-1,Echolocation,/mnt/ubna_data_01/recover-20220822/UBNA_001/20220819_100000.WAV,recover-20220822,UBNA_001,Telephone Field
1187.6915,1187.6984,46093.0,73093.0,Pipistrellus pipistrellus,0.471,0.691,-1,Echolocation,/mnt/ubna_data_01/recover-20220822/UBNA_001/20220819_100000.WAV,recover-20220822,UBNA_001,Telephone Field
1187.7125,1187.7213,40078.0,52070.0,Pipistrellus nathusii,0.5,0.524,-1,Echolocation,/mnt/ubna_data_01/recover-20220822/UBNA_001/20220819_100000.WAV,recover-20220822,UBNA_001,Telephone Field
1187.7565,1187.7649,45234.0,69413.0,Pipistrellus pipistrellus,0.417,0.644,-1,Echolocation,/mnt/ubna_data_01/recover-20220822/UBNA_001/20220819_100000.WAV,recover-20220822,UBNA_001,Telephone Field
1187.8035,1187.8106,40937.0,49314.0,Pipistrellus nathusii,0.551,0.581,-1,Echolocation,/mnt/ubna_data_01/recover-20220822/UBNA_001/20220819_100000.WAV,recover-20220822,UBNA_001,Telephone Field
1187.8295,1187.8378,46953.0,68006.0,Pipistrellus pipistrellus,0.406,0.611,-1,Echolocation,/mnt/ubna_data_01/recover-20220822/UBNA_001/20220819_100000.WAV,recover-20220822,UBNA_001,Telephone Field
1187.9045,1187.9094,47812.0,68140.0,Pipistrellus pipistrellus,0.46,0.547,-1,Echolocation,/mnt/ubna_data_01/recover-20220822/UBNA_001/20220819_100000.WAV,recover-20220822,UBNA_001,Telephone Field
1187.9915,1187.9998,40078.0,58787.0,Pipistrellus nathusii,0.67,0.694,-1,Echolocation,/mnt/ubna_data_01/recover-20220822/UBNA_001/20220819_100000.WAV,recover-20220822,UBNA_001,Telephone Field
1188.0475,1188.0521,46953.0,61348.0,Pipistrellus pipistrellus,0.468,0.573,-1,Echolocation,/mnt/ubna_data_01/recover-20220822/UBNA_001/20220819_100000.WAV,recover-20220822,UBNA_001,Telephone Field
1188.2855,1188.2946,40078.0,63421.0,Pipistrellus nathusii,0.44,0.573,-1,Echolocation,/mnt/ubna_data_01/recover-20220822/UBNA_001/20220819_100000.WAV,recover-20220822,UBNA_001,Telephone Field
1188.3835,1188.3917,41796.0,66147.0,Pipistrellus nathusii,0.459,0.539,-1,Echolocation,/mnt/ubna_data_01/recover-20220822/UBNA_001/20220819_100000.WAV,recover-20220822,UBNA_001,Telephone Field
1188.5735,1188.5819,40078.0,68475.0,Pipistrellus nathusii,0.413,0.529,-1,Echolocation,/mnt/ubna_data_01/recover-20220822/UBNA_001/20220819_100000.WAV,recover-20220822,UBNA_001,Telephone Field
1188.6755,1188.6836,38359.0,63228.0,Pipistrellus nathusii,0.387,0.532,-1,Echolocation,/mnt/ubna_data_01/recover-20220822/UBNA_001/20220819_100000.WAV,recover-20220822,UBNA_001,Telephone Field
1188.7355,1188.7422,46953.0,67847.0,Pipistrellus pipistrellus,0.406,0.608,-1,Echolocation,/mnt/ubna_data_01/recover-20220822/UBNA_001/20220819_100000.WAV,recover-20220822,UBNA_001,Telephone Field
1188.8235,1188.8305,46953.0,64922.0,Pipistrellus pipistrellus,0.392,0.521,-1,Echolocation,/mnt/ubna_data_01/recover-20220822/UBNA_001/20220819_100000.WAV,recover-20220822,UBNA_001,Telephone Field
1189.7695,1189.7753,47812.0,69455.0,Pipistrellus pipistrellus,0.41,0.571,-1,Echolocation,/mnt/ubna_data_01/recover-20220822/UBNA_001/20220819_100000.WAV,recover-20220822,UBNA_001,Telephone Field
1189.8515,1189.8585,47812.0,64260.0,Pipistrellus pipistrellus,0.35,0.563,-1,Echolocation,/mnt/ubna_data_01/recover-20220822/UBNA_001/20220819_100000.WAV,recover-20220822,UBNA_001,Telephone Field
1189.9105,1189.9171,39218.0,64218.0,Pipistrellus nathusii,0.42,0.539,-1,Echolocation,/mnt/ubna_data_01/recover-20220822/UBNA_001/20220819_100000.WAV,recover-20220822,UBNA_001,Telephone Field
1189.9345,1189.9429,48671.0,65253.0,Pipistrellus pipistrellus,0.258,0.553,-1,Echolocation,/mnt/ubna_data_01/recover-20220822/UBNA_001/20220819_100000.WAV,recover-20220822,UBNA_001,Telephone Field
1190.0195,1190.0258,47812.0,64103.0,Pipistrellus pipistrellus,0.313,0.557,-1,Echolocation,/mnt/ubna_data_01/recover-20220822/UBNA_001/20220819_100000.WAV,recover-20220822,UBNA_001,Telephone Field
1190.1005,1190.1087,40078.0,61786.0,Pipistrellus nathusii,0.468,0.559,-1,Echolocation,/mnt/ubna_data_01/recover-20220822/UBNA_001/20220819_100000.WAV,recover-20220822,UBNA_001,Telephone Field
1190.2925,1190.3001,37500.0,64370.0,Pipistrellus nathusii,0.26,0.514,-1,Echolocation,/mnt/ubna_data_01/recover-20220822/UBNA_001/20220819_100000.WAV,recover-20220822,UBNA_001,Telephone Field
1190.5885,1190.5975,40937.0,58956.0,Pipistrellus nathusii,0.39,0.531,-1,Echolocation,/mnt/ubna_data_01/recover-20220822/UBNA_001/20220819_100000.WAV,recover-20220822,UBNA_001,Telephone Field
1190.6795,1190.6875,41796.0,65894.0,Pipistrellus nathusii,0.362,0.562,-1,Echolocation,/mnt/ubna_data_01/recover-20220822/UBNA_001/20220819_100000.WAV,recover-20220822,UBNA_001,Telephone Field
1190.8485,1190.8551,46093.0,62739.0,Pipistrellus pipistrellus,0.382,0.581,-1,Echolocation,/mnt/ubna_data_01/recover-20220822/UBNA_001/20220819_100000.WAV,recover-20220822,UBNA_001,Telephone Field
1190.8705,1190.8786,41796.0,61265.0,Pipistrellus nathusii,0.399,0.581,-1,Echolocation,/mnt/ubna_data_01/recover-20220822/UBNA_001/20220819_100000.WAV,recover-20220822,UBNA_001,Telephone Field
1190.9735,1190.9832,40937.0,67380.0,Pipistrellus nathusii,0.358,0.515,-1,Echolocation,/mnt/ubna_data_01/recover-20220822/UBNA_001/20220819_100000.WAV,recover-20220822,UBNA_001,Telephone Field
1191.0505,1191.0589,46953.0,63397.0,Pipistrellus pipistrellus,0.232,0.571,-1,Echolocation,/mnt/ubna_data_01/recover-20220822/UBNA_001/20220819_100000.WAV,recover-20220822,UBNA_001,Telephone Field
1191.0825,1191.092,40937.0,61046.0,Pipistrellus nathusii,0.561,0.633,-1,Echolocation,/mnt/ubna_data_01/recover-20220822/UBNA_001/20220819_100000.WAV,recover-20220822,UBNA_001,Telephone Field
1191.2775,1191.2864,40937.0,62208.0,Pipistrellus nathusii,0.406,0.563,-1,Echolocation,/mnt/ubna_data_01/recover-20220822/UBNA_001/20220819_100000.WAV,recover-20220822,UBNA_001,Telephone Field
1191.3745,1191.3831,40937.0,55650.0,Pipistrellus nathusii,0.547,0.619,-1,Echolocation,/mnt/ubna_data_01/recover-20220822/UBNA_001/20220819_100000.WAV,recover-20220822,UBNA_001,Telephone Field
1191.4685,1191.4786,40078.0,46812.0,Pipistrellus nathusii,0.568,0.581,-1,Echolocation,/mnt/ubna_data_01/recover-20220822/UBNA_001/20220819_100000.WAV,recover-20220822,UBNA_001,Telephone Field
1191.6355,1191.6434,40937.0,50515.0,Pipistrellus nathusii,0.577,0.611,-1,Echolocation,/mnt/ubna_data_01/recover-20220822/UBNA_001/20220819_100000.WAV,recover-20220822,UBNA_001,Telephone Field
1191.7165,1191.7244,40078.0,60013.0,Pipistrellus nathusii,0.567,0.614,-1,Echolocation,/mnt/ubna_data_01/recover-20220822/UBNA_001/20220819_100000.WAV,recover-20220822,UBNA_001,Telephone Field
1192.0725,1192.0829,40937.0,56332.0,Pipistrellus nathusii,0.173,0.502,-1,Echolocation,/mnt/ubna_data_01/recover-20220822/UBNA_001/20220819_100000.WAV,recover-20220822,UBNA_001,Telephone Field
1192.1735,1192.182,40937.0,56691.0,Pipistrellus pipistrellus,0.194,0.524,-1,Echolocation,/mnt/ubna_data_01/recover-20220822/UBNA_001/20220819_100000.WAV,recover-20220822,UBNA_001,Telephone Field
1192.5315,1192.5377,46953.0,66099.0,Pipistrellus pipistrellus,0.46,0.569,-1,Echolocation,/mnt/ubna_data_01/recover-20220822/UBNA_001/20220819_100000.WAV,recover-20220822,UBNA_001,Telephone Field
1192.6035,1192.6081,47812.0,61888.0,Pipistrellus pipistrellus,0.596,0.632,-1,Echolocation,/mnt/ubna_data_01/recover-20220822/UBNA_001/20220819_100000.WAV,recover-20220822,UBNA_001,Telephone Field
1192.6515,1192.6593,41796.0,63874.0,Pipistrellus pipistrellus,0.476,0.657,-1,Echolocation,/mnt/ubna_data_01/recover-20220822/UBNA_001/20220819_100000.WAV,recover-20220822,UBNA_001,Telephone Field
1192.7355,1192.7423,46953.0,65118.0,Pipistrellus pipistrellus,0.513,0.684,-1,Echolocation,/mnt/ubna_data_01/recover-20220822/UBNA_001/20220819_100000.WAV,recover-20220822,UBNA_001,Telephone Field
1192.8275,1192.8355999999999,44375.0,61174.0,Pipistrellus pipistrellus,0.295,0.515,-1,Echolocation,/mnt/ubna_data_01/recover-20220822/UBNA_001/20220819_100000.WAV,recover-20220822,UBNA_001,Telephone Field
1192.9075,1192.9148,42656.0,62410.0,Pipistrellus pipistrellus,0.406,0.52,-1,Echolocation,/mnt/ubna_data_01/recover-20220822/UBNA_001/20220819_100000.WAV,recover-20220822,UBNA_001,Telephone Field
1192.9785,1192.9854,42656.0,62534.0,Pipistrellus pipistrellus,0.36,0.643,-1,Echolocation,/mnt/ubna_data_01/recover-20220822/UBNA_001/20220819_100000.WAV,recover-20220822,UBNA_001,Telephone Field
1193.0225,1193.0295,46953.0,58187.0,Pipistrellus pipistrellus,0.486,0.557,-1,Echolocation,/mnt/ubna_data_01/recover-20220822/UBNA_001/20220819_100000.WAV,recover-20220822,UBNA_001,Telephone Field
1193.0505,1193.0559,42656.0,62164.0,Pipistrellus pipistrellus,0.462,0.584,-1,Echolocation,/mnt/ubna_data_01/recover-20220822/UBNA_001/20220819_100000.WAV,recover-20220822,UBNA_001,Telephone Field
1193.1205,1193.1276,41796.0,66981.0,Pipistrellus pipistrellus,0.344,0.597,-1,Echolocation,/mnt/ubna_data_01/recover-20220822/UBNA_001/20220819_100000.WAV,recover-20220822,UBNA_001,Telephone Field
1193.1445,1193.1533,45234.0,60774.0,Pipistrellus pipistrellus,0.419,0.559,-1,Echolocation,/mnt/ubna_data_01/recover-20220822/UBNA_001/20220819_100000.WAV,recover-20220822,UBNA_001,Telephone Field
1193.1935,1193.1998,41796.0,67571.0,Pipistrellus pipistrellus,0.503,0.67,-1,Echolocation,/mnt/ubna_data_01/recover-20220822/UBNA_001/20220819_100000.WAV,recover-20220822,UBNA_001,Telephone Field
1193.3065,1193.3114,49531.0,61010.0,Pipistrellus pipistrellus,0.551,0.601,-1,Echolocation,/mnt/ubna_data_01/recover-20220822/UBNA_001/20220819_100000.WAV,recover-20220822,UBNA_001,Telephone Field
1193.3205,1193.3259,42656.0,65704.0,Pipistrellus pipistrellus,0.498,0.573,-1,Echolocation,/mnt/ubna_data_01/recover-20220822/UBNA_001/20220819_100000.WAV,recover-20220822,UBNA_001,Telephone Field
1193.3825,1193.3874,47812.0,59689.0,Pipistrellus pipistrellus,0.448,0.551,-1,Echolocation,/mnt/ubna_data_01/recover-20220822/UBNA_001/20220819_100000.WAV,recover-20220822,UBNA_001,Telephone Field
1193.4695,1193.4746,48671.0,61969.0,Pipistrellus pipistrellus,0.517,0.607,-1,Echolocation,/mnt/ubna_data_01/recover-20220822/UBNA_001/20220819_100000.WAV,recover-20220822,UBNA_001,Telephone Field
1193.7415,1193.7474,48671.0,62455.0,Pipistrellus pipistrellus,0.516,0.598,-1,Echolocation,/mnt/ubna_data_01/recover-20220822/UBNA_001/20220819_100000.WAV,recover-20220822,UBNA_001,Telephone Field
1193.8305,1193.8366,47812.0,63511.0,Pipistrellus pipistrellus,0.483,0.572,-1,Echolocation,/mnt/ubna_data_01/recover-20220822/UBNA_001/20220819_100000.WAV,recover-20220822,UBNA_001,Telephone Field
1193.9185,1193.9237,48671.0,62969.0,Pipistrellus pipistrellus,0.587,0.657,-1,Echolocation,/mnt/ubna_data_01/recover-20220822/UBNA_001/20220819_100000.WAV,recover-20220822,UBNA_001,Telephone Field
1193.9695,1193.9767,46953.0,62893.0,Pipistrellus pipistrellus,0.401,0.595,-1,Echolocation,/mnt/ubna_data_01/recover-20220822/UBNA_001/20220819_100000.WAV,recover-20220822,UBNA_001,Telephone Field
1194.0265,1194.0309,47812.0,65129.0,Pipistrellus pipistrellus,0.549,0.649,-1,Echolocation,/mnt/ubna_data_01/recover-20220822/UBNA_001/20220819_100000.WAV,recover-20220822,UBNA_001,Telephone Field
1194.0885,1194.0963,43515.0,59852.0,Pipistrellus pipistrellus,0.244,0.557,-1,Echolocation,/mnt/ubna_data_01/recover-20220822/UBNA_001/20220819_100000.WAV,recover-20220822,UBNA_001,Telephone Field
1194.1195,1194.124,46953.0,63811.0,Pipistrellus pipistrellus,0.527,0.619,-1,Echolocation,/mnt/ubna_data_01/recover-20220822/UBNA_001/20220819_100000.WAV,recover-20220822,UBNA_001,Telephone Field
1194.2105,1194.2166,47812.0,65891.0,Pipistrellus pipistrellus,0.417,0.511,-1,Echolocation,/mnt/ubna_data_01/recover-20220822/UBNA_001/20220819_100000.WAV,recover-20220822,UBNA_001,Telephone Field
1194.2885,1194.2942,48671.0,63949.0,Pipistrellus pipistrellus,0.429,0.574,-1,Echolocation,/mnt/ubna_data_01/recover-20220822/UBNA_001/20220819_100000.WAV,recover-20220822,UBNA_001,Telephone Field
1194.3705,1194.3756,47812.0,60049.0,Pipistrellus pipistrellus,0.448,0.528,-1,Echolocation,/mnt/ubna_data_01/recover-20220822/UBNA_001/20220819_100000.WAV,recover-20220822,UBNA_001,Telephone Field
1194.5385,1194.546,46093.0,64589.0,Pipistrellus nathusii,0.27,0.523,-1,Echolocation,/mnt/ubna_data_01/recover-20220822/UBNA_001/20220819_100000.WAV,recover-20220822,UBNA_001,Telephone Field
1194.5745,1194.5819,45234.0,59301.0,Pipistrellus pipistrellus,0.308,0.586,-1,Echolocation,/mnt/ubna_data_01/recover-20220822/UBNA_001/20220819_100000.WAV,recover-20220822,UBNA_001,Telephone Field
1195.1555,1195.1617,46953.0,74866.0,Pipistrellus pipistrellus,0.434,0.598,-1,Echolocation,/mnt/ubna_data_01/recover-20220822/UBNA_001/20220819_100000.WAV,recover-20220822,UBNA_001,Telephone Field
1195.2265,1195.2328,46953.0,74637.0,Pipistrellus pipistrellus,0.382,0.578,-1,Echolocation,/mnt/ubna_data_01/recover-20220822/UBNA_001/20220819_100000.WAV,recover-20220822,UBNA_001,Telephone Field
1195.3015,1195.3096,49531.0,67636.0,Pipistrellus pygmaeus,0.515,0.594,-1,Echolocation,/mnt/ubna_data_01/recover-20220822/UBNA_001/20220819_100000.WAV,recover-20220822,UBNA_001,Telephone Field
1195.3875,1195.3956,46953.0,72527.0,Pipistrellus pipistrellus,0.445,0.708,-1,Echolocation,/mnt/ubna_data_01/recover-20220822/UBNA_001/20220819_100000.WAV,recover-20220822,UBNA_001,Telephone Field
1195.4805,1195.487,48671.0,69138.0,Pipistrellus pipistrellus,0.439,0.673,-1,Echolocation,/mnt/ubna_data_01/recover-20220822/UBNA_001/20220819_100000.WAV,recover-20220822,UBNA_001,Telephone Field
1195.5405,1195.5452,47812.0,68173.0,Pipistrellus pipistrellus,0.4,0.505,-1,Echolocation,/mnt/ubna_data_01/recover-20220822/UBNA_001/20220819_100000.WAV,recover-20220822,UBNA_001,Telephone Field
1195.6055,1195.6118,48671.0,75881.0,Pipistrellus pipistrellus,0.49,0.627,-1,Echolocation,/mnt/ubna_data_01/recover-20220822/UBNA_001/20220819_100000.WAV,recover-20220822,UBNA_001,Telephone Field
1195.6635,1195.6686,47812.0,74711.0,Pipistrellus pipistrellus,0.357,0.502,-1,Echolocation,/mnt/ubna_data_01/recover-20220822/UBNA_001/20220819_100000.WAV,recover-20220822,UBNA_001,Telephone Field
1195.7165,1195.7223,46953.0,79188.0,Pipistrellus pipistrellus,0.626,0.707,-1,Echolocation,/mnt/ubna_data_01/recover-20220822/UBNA_001/20220819_100000.WAV,recover-20220822,UBNA_001,Telephone Field
1195.7805,1195.7874,47812.0,70560.0,Pipistrellus pipistrellus,0.507,0.678,-1,Echolocation,/mnt/ubna_data_01/recover-20220822/UBNA_001/20220819_100000.WAV,recover-20220822,UBNA_001,Telephone Field
1195.8525,1195.8575,48671.0,76150.0,Pipistrellus pipistrellus,0.457,0.563,-1,Echolocation,/mnt/ubna_data_01/recover-20220822/UBNA_001/20220819_100000.WAV,recover-20220822,UBNA_001,Telephone Field
1195.9205,1195.926,49531.0,82788.0,Pipistrellus pipistrellus,0.405,0.536,-1,Echolocation,/mnt/ubna_data_01/recover-20220822/UBNA_001/20220819_100000.WAV,recover-20220822,UBNA_001,Telephone Field
1196.0035,1196.0086000000001,48671.0,81277.0,Pipistrellus pipistrellus,0.361,0.525,-1,Echolocation,/mnt/ubna_data_01/recover-20220822/UBNA_001/20220819_100000.WAV,recover-20220822,UBNA_001,Telephone Field
1196.5545,1196.5605,40937.0,65120.0,Pipistrellus nathusii,0.555,0.601,-1,Echolocation,/mnt/ubna_data_01/recover-20220822/UBNA_001/20220819_100000.WAV,recover-20220822,UBNA_001,Telephone Field
1196.5705,1196.5761,48671.0,86028.0,Pipistrellus pipistrellus,0.338,0.545,-1,Echolocation,/mnt/ubna_data_01/recover-20220822/UBNA_001/20220819_100000.WAV,recover-20220822,UBNA_001,Telephone Field
1196.7255,1196.7301,45234.0,82291.0,Myotis alcathoe,0.282,0.505,-1,Echolocation,/mnt/ubna_data_01/recover-20220822/UBNA_001/20220819_100000.WAV,recover-20220822,UBNA_001,Telephone Field
1196.7405,1196.7463,39218.0,59665.0,Pipistrellus nathusii,0.525,0.563,-1,Echolocation,/mnt/ubna_data_01/recover-20220822/UBNA_001/20220819_100000.WAV,recover-20220822,UBNA_001,Telephone Field
1196.8105,1196.8174,39218.0,71066.0,Pipistrellus nathusii,0.428,0.515,-1,Echolocation,/mnt/ubna_data_01/recover-20220822/UBNA_001/20220819_100000.WAV,recover-20220822,UBNA_001,Telephone Field
1196.9605,1196.9658,39218.0,62509.0,Pipistrellus nathusii,0.529,0.562,-1,Echolocation,/mnt/ubna_data_01/recover-20220822/UBNA_001/20220819_100000.WAV,recover-20220822,UBNA_001,Telephone Field
1197.0395,1197.047,40937.0,50040.0,Pipistrellus nathusii,0.529,0.538,-1,Echolocation,/mnt/ubna_data_01/recover-20220822/UBNA_001/20220819_100000.WAV,recover-20220822,UBNA_001,Telephone Field
1197.2065,1197.2152,40937.0,63779.0,Pipistrellus nathusii,0.549,0.652,-1,Echolocation,/mnt/ubna_data_01/recover-20220822/UBNA_001/20220819_100000.WAV,recover-20220822,UBNA_001,Telephone Field
1197.2255,1197.2298,48671.0,71011.0,Pipistrellus pipistrellus,0.316,0.522,-1,Echolocation,/mnt/ubna_data_01/recover-20220822/UBNA_001/20220819_100000.WAV,recover-20220822,UBNA_001,Telephone Field
1197.3035,1197.3114,40937.0,49484.0,Pipistrellus nathusii,0.627,0.647,-1,Echolocation,/mnt/ubna_data_01/recover-20220822/UBNA_001/20220819_100000.WAV,recover-20220822,UBNA_001,Telephone Field
1197.3755,1197.3803,46093.0,67905.0,Pipistrellus pipistrellus,0.363,0.542,-1,Echolocation,/mnt/ubna_data_01/recover-20220822/UBNA_001/20220819_100000.WAV,recover-20220822,UBNA_001,Telephone Field
1197.4885,1197.4963,40937.0,60523.0,Pipistrellus nathusii,0.431,0.617,-1,Echolocation,/mnt/ubna_data_01/recover-20220822/UBNA_001/20220819_100000.WAV,recover-20220822,UBNA_001,Telephone Field
1197.5925,1197.601,40937.0,50488.0,Pipistrellus nathusii,0.534,0.618,-1,Echolocation,/mnt/ubna_data_01/recover-20220822/UBNA_001/20220819_100000.WAV,recover-20220822,UBNA_001,Telephone Field
1197.7915,1197.7996,40078.0,55442.0,Pipistrellus nathusii,0.589,0.629,-1,Echolocation,/mnt/ubna_data_01/recover-20220822/UBNA_001/20220819_100000.WAV,recover-20220822,UBNA_001,Telephone Field
1198.0835,1198.0904,40078.0,49962.0,Pipistrellus nathusii,0.552,0.614,-1,Echolocation,/mnt/ubna_data_01/recover-20220822/UBNA_001/20220819_100000.WAV,recover-20220822,UBNA_001,Telephone Field
1198.3975,1198.4014,46093.0,81754.0,Myotis alcathoe,0.465,0.595,-1,Echolocation,/mnt/ubna_data_01/recover-20220822/UBNA_001/20220819_100000.WAV,recover-20220822,UBNA_001,Telephone Field
1198.4415,1198.4444,47812.0,73061.0,Myotis alcathoe,0.438,0.575,-1,Echolocation,/mnt/ubna_data_01/recover-20220822/UBNA_001/20220819_100000.WAV,recover-20220822,UBNA_001,Telephone Field
1198.4885,1198.4926,42656.0,80350.0,Myotis alcathoe,0.438,0.614,-1,Echolocation,/mnt/ubna_data_01/recover-20220822/UBNA_001/20220819_100000.WAV,recover-20220822,UBNA_001,Telephone Field
1198.5285,1198.532,42656.0,77057.0,Myotis alcathoe,0.407,0.63,-1,Echolocation,/mnt/ubna_data_01/recover-20220822/UBNA_001/20220819_100000.WAV,recover-20220822,UBNA_001,Telephone Field
1198.5575,1198.5613,43515.0,79306.0,Myotis alcathoe,0.349,0.595,-1,Echolocation,/mnt/ubna_data_01/recover-20220822/UBNA_001/20220819_100000.WAV,recover-20220822,UBNA_001,Telephone Field
1198.9465,1198.9502,46093.0,81465.0,Myotis alcathoe,0.503,0.63,-1,Echolocation,/mnt/ubna_data_01/recover-20220822/UBNA_001/20220819_100000.WAV,recover-20220822,UBNA_001,Telephone Field
1198.9845,1198.9876,46953.0,77313.0,Myotis alcathoe,0.447,0.649,-1,Echolocation,/mnt/ubna_data_01/recover-20220822/UBNA_001/20220819_100000.WAV,recover-20220822,UBNA_001,Telephone Field
1199.0155,1199.0192,47812.0,81422.0,Myotis alcathoe,0.415,0.592,-1,Echolocation,/mnt/ubna_data_01/recover-20220822/UBNA_001/20220819_100000.WAV,recover-20220822,UBNA_001,Telephone Field
1199.0865,1199.089,52109.0,74630.0,Myotis alcathoe,0.418,0.543,-1,Echolocation,/mnt/ubna_data_01/recover-20220822/UBNA_001/20220819_100000.WAV,recover-20220822,UBNA_001,Telephone Field
1199.2335,1199.2369,49531.0,77909.0,Myotis alcathoe,0.544,0.643,-1,Echolocation,/mnt/ubna_data_01/recover-20220822/UBNA_001/20220819_100000.WAV,recover-20220822,UBNA_001,Telephone Field
1199.3135,1199.3165,47812.0,78607.0,Myotis alcathoe,0.545,0.681,-1,Echolocation,/mnt/ubna_data_01/recover-20220822/UBNA_001/20220819_100000.WAV,recover-20220822,UBNA_001,Telephone Field
1199.3905,1199.3943,46093.0,86716.0,Myotis alcathoe,0.538,0.645,-1,Echolocation,/mnt/ubna_data_01/recover-20220822/UBNA_001/20220819_100000.WAV,recover-20220822,UBNA_001,Telephone Field
1199.4755,1199.4794,46953.0,82390.0,Myotis alcathoe,0.441,0.611,-1,Echolocation,/mnt/ubna_data_01/recover-20220822/UBNA_001/20220819_100000.WAV,recover-20220822,UBNA_001,Telephone Field
1199.5635,1199.5676,46953.0,82247.0,Myotis alcathoe,0.505,0.579,-1,Echolocation,/mnt/ubna_data_01/recover-20220822/UBNA_001/20220819_100000.WAV,recover-20220822,UBNA_001,Telephone Field
1199.6525,1199.6561,46953.0,77351.0,Myotis alcathoe,0.518,0.646,-1,Echolocation,/mnt/ubna_data_01/recover-20220822/UBNA_001/20220819_100000.WAV,recover-20220822,UBNA_001,Telephone Field
1199.7325,1199.7376,46953.0,87333.0,Myotis alcathoe,0.459,0.504,-1,Echolocation,/mnt/ubna_data_01/recover-20220822/UBNA_001/20220819_100000.WAV,recover-20220822,UBNA_001,Telephone Field
1199.7975,1199.8021,46093.0,91230.0,Myotis alcathoe,0.507,0.561,-1,Echolocation,/mnt/ubna_data_01/recover-20220822/UBNA_001/20220819_100000.WAV,recover-20220822,UBNA_001,Telephone Field
1199.8535,1199.8577,44375.0,81794.0,Myotis alcathoe,0.394,0.557,-1,Echolocation,/mnt/ubna_data_01/recover-20220822/UBNA_001/20220819_100000.WAV,recover-20220822,UBNA_001,Telephone Field
1199.9315,1199.937,44375.0,87831.0,Myotis alcathoe,0.504,0.568,-1,Echolocation,/mnt/ubna_data_01/recover-20220822/UBNA_001/20220819_100000.WAV,recover-20220822,UBNA_001,Telephone Field
1200.1145,1200.1199,46953.0,73272.0,Pipistrellus pipistrellus,0.443,0.592,-1,Echolocation,/mnt/ubna_data_01/recover-20220822/UBNA_001/20220819_100000.WAV,recover-20220822,UBNA_001,Telephone Field
1200.2075,1200.2147,43515.0,80703.0,Pipistrellus pipistrellus,0.298,0.605,-1,Echolocation,/mnt/ubna_data_01/recover-20220822/UBNA_001/20220819_100000.WAV,recover-20220822,UBNA_001,Telephone Field
1200.3035,1200.3105,43515.0,85361.0,Pipistrellus pipistrellus,0.363,0.509,-1,Echolocation,/mnt/ubna_data_01/recover-20220822/UBNA_001/20220819_100000.WAV,recover-20220822,UBNA_001,Telephone Field
1200.4885,1200.4947,45234.0,75910.0,Pipistrellus pipistrellus,0.435,0.651,-1,Echolocation,/mnt/ubna_data_01/recover-20220822/UBNA_001/20220819_100000.WAV,recover-20220822,UBNA_001,Telephone Field
1200.6055,1200.6121,45234.0,72677.0,Pipistrellus pipistrellus,0.444,0.625,-1,Echolocation,/mnt/ubna_data_01/recover-20220822/UBNA_001/20220819_100000.WAV,recover-20220822,UBNA_001,Telephone Field
1200.9635,1200.9702,47812.0,69499.0,Pipistrellus pipistrellus,0.349,0.556,-1,Echolocation,/mnt/ubna_data_01/recover-20220822/UBNA_001/20220819_100000.WAV,recover-20220822,UBNA_001,Telephone Field
1201.0335,1201.0397,45234.0,68651.0,Pipistrellus pipistrellus,0.347,0.536,-1,Echolocation,/mnt/ubna_data_01/recover-20220822/UBNA_001/20220819_100000.WAV,recover-20220822,UBNA_001,Telephone Field
1201.1355,1201.1419,46093.0,72330.0,Pipistrellus pipistrellus,0.435,0.636,-1,Echolocation,/mnt/ubna_data_01/recover-20220822/UBNA_001/20220819_100000.WAV,recover-20220822,UBNA_001,Telephone Field
1201.2285,1201.235,44375.0,76838.0,Pipistrellus pipistrellus,0.474,0.617,-1,Echolocation,/mnt/ubna_data_01/recover-20220822/UBNA_001/20220819_100000.WAV,recover-20220822,UBNA_001,Telephone Field
1201.3265,1201.3334,46953.0,70177.0,Pipistrellus pipistrellus,0.368,0.595,-1,Echolocation,/mnt/ubna_data_01/recover-20220822/UBNA_001/20220819_100000.WAV,recover-20220822,UBNA_001,Telephone Field
1201.4235,1201.4297,46093.0,70103.0,Pipistrellus pipistrellus,0.438,0.643,-1,Echolocation,/mnt/ubna_data_01/recover-20220822/UBNA_001/20220819_100000.WAV,recover-20220822,UBNA_001,Telephone Field
1201.4535,1201.4623,42656.0,69929.0,Pipistrellus pipistrellus,0.243,0.575,-1,Echolocation,/mnt/ubna_data_01/recover-20220822/UBNA_001/20220819_100000.WAV,recover-20220822,UBNA_001,Telephone Field
1202.0335,1202.0406,41796.0,65644.0,Pipistrellus nathusii,0.551,0.624,-1,Echolocation,/mnt/ubna_data_01/recover-20220822/UBNA_001/20220819_100000.WAV,recover-20220822,UBNA_001,Telephone Field
1202.1115,1202.1182,40078.0,70279.0,Pipistrellus nathusii,0.42,0.51,-1,Echolocation,/mnt/ubna_data_01/recover-20220822/UBNA_001/20220819_100000.WAV,recover-20220822,UBNA_001,Telephone Field
1202.1905,1202.1966,38359.0,60902.0,Pipistrellus nathusii,0.286,0.552,-1,Echolocation,/mnt/ubna_data_01/recover-20220822/UBNA_001/20220819_100000.WAV,recover-20220822,UBNA_001,Telephone Field
1202.3595,1202.3671,47812.0,60276.0,Pipistrellus pipistrellus,0.24,0.503,-1,Echolocation,/mnt/ubna_data_01/recover-20220822/UBNA_001/20220819_100000.WAV,recover-20220822,UBNA_001,Telephone Field
1202.6445,1202.6519,40078.0,66678.0,Pipistrellus nathusii,0.293,0.514,-1,Echolocation,/mnt/ubna_data_01/recover-20220822/UBNA_001/20220819_100000.WAV,recover-20220822,UBNA_001,Telephone Field
1202.7165,1202.7233,42656.0,72741.0,Pipistrellus nathusii,0.285,0.504,-1,Echolocation,/mnt/ubna_data_01/recover-20220822/UBNA_001/20220819_100000.WAV,recover-20220822,UBNA_001,Telephone Field
1202.8855,1202.8926,41796.0,60549.0,Pipistrellus nathusii,0.313,0.501,-1,Echolocation,/mnt/ubna_data_01/recover-20220822/UBNA_001/20220819_100000.WAV,recover-20220822,UBNA_001,Telephone Field
1202.9745,1202.9815,40078.0,66556.0,Pipistrellus nathusii,0.214,0.538,-1,Echolocation,/mnt/ubna_data_01/recover-20220822/UBNA_001/20220819_100000.WAV,recover-20220822,UBNA_001,Telephone Field
1204.2135,1204.219,45234.0,68712.0,Pipistrellus pipistrellus,0.257,0.591,-1,Echolocation,/mnt/ubna_data_01/recover-20220822/UBNA_001/20220819_100000.WAV,recover-20220822,UBNA_001,Telephone Field
1204.3005,1204.3061,46093.0,75209.0,Pipistrellus pipistrellus,0.183,0.525,-1,Echolocation,/mnt/ubna_data_01/recover-20220822/UBNA_001/20220819_100000.WAV,recover-20220822,UBNA_001,Telephone Field
1204.5905,1204.5973,46093.0,76376.0,Pipistrellus pipistrellus,0.326,0.631,-1,Echolocation,/mnt/ubna_data_01/recover-20220822/UBNA_001/20220819_100000.WAV,recover-20220822,UBNA_001,Telephone Field
1204.7535,1204.7603,46953.0,76177.0,Pipistrellus pipistrellus,0.229,0.593,-1,Echolocation,/mnt/ubna_data_01/recover-20220822/UBNA_001/20220819_100000.WAV,recover-20220822,UBNA_001,Telephone Field
1204.8395,1204.8454,46953.0,73562.0,Pipistrellus pipistrellus,0.355,0.642,-1,Echolocation,/mnt/ubna_data_01/recover-20220822/UBNA_001/20220819_100000.WAV,recover-20220822,UBNA_001,Telephone Field
1204.9025,1204.908,46093.0,78723.0,Pipistrellus pipistrellus,0.393,0.629,-1,Echolocation,/mnt/ubna_data_01/recover-20220822/UBNA_001/20220819_100000.WAV,recover-20220822,UBNA_001,Telephone Field
1204.9595,1204.9652,46953.0,76775.0,Pipistrellus pipistrellus,0.486,0.632,-1,Echolocation,/mnt/ubna_data_01/recover-20220822/UBNA_001/20220819_100000.WAV,recover-20220822,UBNA_001,Telephone Field
1205.0195,1205.0247,45234.0,77449.0,Pipistrellus pipistrellus,0.243,0.509,-1,Echolocation,/mnt/ubna_data_01/recover-20220822/UBNA_001/20220819_100000.WAV,recover-20220822,UBNA_001,Telephone Field
1205.2715,1205.2747,49531.0,65483.0,Pipistrellus pipistrellus,0.184,0.511,-1,Echolocation,/mnt/ubna_data_01/recover-20220822/UBNA_001/20220819_100000.WAV,recover-20220822,UBNA_001,Telephone Field
1205.7855,1205.791,47812.0,75114.0,Pipistrellus pipistrellus,0.457,0.598,-1,Echolocation,/mnt/ubna_data_01/recover-20220822/UBNA_001/20220819_100000.WAV,recover-20220822,UBNA_001,Telephone Field
1205.8605,1205.866,44375.0,75851.0,Pipistrellus pipistrellus,0.283,0.555,-1,Echolocation,/mnt/ubna_data_01/recover-20220822/UBNA_001/20220819_100000.WAV,recover-20220822,UBNA_001,Telephone Field
1205.9365,1205.9415,47812.0,75102.0,Pipistrellus pipistrellus,0.493,0.597,-1,Echolocation,/mnt/ubna_data_01/recover-20220822/UBNA_001/20220819_100000.WAV,recover-20220822,UBNA_001,Telephone Field
1206.0215,1206.0277,47812.0,62393.0,Pipistrellus pipistrellus,0.524,0.611,-1,Echolocation,/mnt/ubna_data_01/recover-20220822/UBNA_001/20220819_100000.WAV,recover-20220822,UBNA_001,Telephone Field
1206.1005,1206.1079,46093.0,68517.0,Pipistrellus pipistrellus,0.493,0.588,-1,Echolocation,/mnt/ubna_data_01/recover-20220822/UBNA_001/20220819_100000.WAV,recover-20220822,UBNA_001,Telephone Field
1206.1865,1206.1934,44375.0,70479.0,Pipistrellus pipistrellus,0.369,0.51,-1,Echolocation,/mnt/ubna_data_01/recover-20220822/UBNA_001/20220819_100000.WAV,recover-20220822,UBNA_001,Telephone Field
1206.3875,1206.3939,46093.0,68081.0,Pipistrellus pipistrellus,0.618,0.708,-1,Echolocation,/mnt/ubna_data_01/recover-20220822/UBNA_001/20220819_100000.WAV,recover-20220822,UBNA_001,Telephone Field
1206.4765,1206.4817,47812.0,62515.0,Pipistrellus pipistrellus,0.531,0.598,-1,Echolocation,/mnt/ubna_data_01/recover-20220822/UBNA_001/20220819_100000.WAV,recover-20220822,UBNA_001,Telephone Field
1206.5645,1206.5725,44375.0,64337.0,Pipistrellus pipistrellus,0.5,0.608,-1,Echolocation,/mnt/ubna_data_01/recover-20220822/UBNA_001/20220819_100000.WAV,recover-20220822,UBNA_001,Telephone Field
1207.2795,1207.284,47812.0,60695.0,Pipistrellus pipistrellus,0.597,0.625,-1,Echolocation,/mnt/ubna_data_01/recover-20220822/UBNA_001/20220819_100000.WAV,recover-20220822,UBNA_001,Telephone Field
1207.7915,1207.7972,47812.0,64705.0,Pipistrellus pipistrellus,0.479,0.555,-1,Echolocation,/mnt/ubna_data_01/recover-20220822/UBNA_001/20220819_100000.WAV,recover-20220822,UBNA_001,Telephone Field
1207.8695,1207.8757,46953.0,59545.0,Pipistrellus pipistrellus,0.509,0.619,-1,Echolocation,/mnt/ubna_data_01/recover-20220822/UBNA_001/20220819_100000.WAV,recover-20220822,UBNA_001,Telephone Field
1207.9515,1207.9579,46953.0,59907.0,Pipistrellus pipistrellus,0.522,0.621,-1,Echolocation,/mnt/ubna_data_01/recover-20220822/UBNA_001/20220819_100000.WAV,recover-20220822,UBNA_001,Telephone Field
1208.1125,1208.1225,46093.0,63131.0,Pipistrellus pipistrellus,0.52,0.644,-1,Echolocation,/mnt/ubna_data_01/recover-20220822/UBNA_001/20220819_100000.WAV,recover-20220822,UBNA_001,Telephone Field
1208.2875,1208.2947,46093.0,53144.0,Pipistrellus pipistrellus,0.503,0.553,-1,Echolocation,/mnt/ubna_data_01/recover-20220822/UBNA_001/20220819_100000.WAV,recover-20220822,UBNA_001,Telephone Field
1208.7395,1208.7447,48671.0,61267.0,Pipistrellus pipistrellus,0.565,0.605,-1,Echolocation,/mnt/ubna_data_01/recover-20220822/UBNA_001/20220819_100000.WAV,recover-20220822,UBNA_001,Telephone Field
1209.4985,1209.5055,46953.0,59507.0,Pipistrellus pipistrellus,0.536,0.63,-1,Echolocation,/mnt/ubna_data_01/recover-20220822/UBNA_001/20220819_100000.WAV,recover-20220822,UBNA_001,Telephone Field
1210.8075,1210.8127,51250.0,62401.0,Pipistrellus pygmaeus,0.478,0.522,-1,Echolocation,/mnt/ubna_data_01/recover-20220822/UBNA_001/20220819_100000.WAV,recover-20220822,UBNA_001,Telephone Field
1210.8865,1210.8921,52109.0,61450.0,Pipistrellus pygmaeus,0.378,0.562,-1,Echolocation,/mnt/ubna_data_01/recover-20220822/UBNA_001/20220819_100000.WAV,recover-20220822,UBNA_001,Telephone Field
1211.0265,1211.0337,47812.0,65300.0,Pipistrellus pipistrellus,0.346,0.581,-1,Echolocation,/mnt/ubna_data_01/recover-20220822/UBNA_001/20220819_100000.WAV,recover-20220822,UBNA_001,Telephone Field
1211.1025,1211.1097,48671.0,64911.0,Pipistrellus pipistrellus,0.314,0.571,-1,Echolocation,/mnt/ubna_data_01/recover-20220822/UBNA_001/20220819_100000.WAV,recover-20220822,UBNA_001,Telephone Field
1211.1795,1211.1856,48671.0,66282.0,Pipistrellus pipistrellus,0.381,0.551,-1,Echolocation,/mnt/ubna_data_01/recover-20220822/UBNA_001/20220819_100000.WAV,recover-20220822,UBNA_001,Telephone Field
1211.3035,1211.3098,48671.0,61961.0,Pipistrellus pipistrellus,0.41,0.607,-1,Echolocation,/mnt/ubna_data_01/recover-20220822/UBNA_001/20220819_100000.WAV,recover-20220822,UBNA_001,Telephone Field
1211.4285,1211.4373,46953.0,65140.0,Pipistrellus pipistrellus,0.428,0.684,-1,Echolocation,/mnt/ubna_data_01/recover-20220822/UBNA_001/20220819_100000.WAV,recover-20220822,UBNA_001,Telephone Field
1211.8475,1211.8531,52109.0,63019.0,Pipistrellus pygmaeus,0.29,0.507,-1,Echolocation,/mnt/ubna_data_01/recover-20220822/UBNA_001/20220819_100000.WAV,recover-20220822,UBNA_001,Telephone Field
1212.0115,1212.0171,46093.0,66022.0,Pipistrellus pipistrellus,0.349,0.549,-1,Echolocation,/mnt/ubna_data_01/recover-20220822/UBNA_001/20220819_100000.WAV,recover-20220822,UBNA_001,Telephone Field
1212.1775,1212.1848,45234.0,69748.0,Pipistrellus pipistrellus,0.428,0.678,-1,Echolocation,/mnt/ubna_data_01/recover-20220822/UBNA_001/20220819_100000.WAV,recover-20220822,UBNA_001,Telephone Field
1212.2625,1212.2692,46093.0,66226.0,Pipistrellus pipistrellus,0.462,0.637,-1,Echolocation,/mnt/ubna_data_01/recover-20220822/UBNA_001/20220819_100000.WAV,recover-20220822,UBNA_001,Telephone Field
1212.3515,1212.3582,46953.0,63891.0,Pipistrellus pipistrellus,0.437,0.602,-1,Echolocation,/mnt/ubna_data_01/recover-20220822/UBNA_001/20220819_100000.WAV,recover-20220822,UBNA_001,Telephone Field
1212.4435,1212.4531,44375.0,67146.0,Pipistrellus pipistrellus,0.48,0.707,-1,Echolocation,/mnt/ubna_data_01/recover-20220822/UBNA_001/20220819_100000.WAV,recover-20220822,UBNA_001,Telephone Field
1212.5395,1212.5493,46093.0,65871.0,Pipistrellus pipistrellus,0.421,0.705,-1,Echolocation,/mnt/ubna_data_01/recover-20220822/UBNA_001/20220819_100000.WAV,recover-20220822,UBNA_001,Telephone Field
1212.6375,1212.6458,46093.0,66465.0,Pipistrellus pipistrellus,0.497,0.645,-1,Echolocation,/mnt/ubna_data_01/recover-20220822/UBNA_001/20220819_100000.WAV,recover-20220822,UBNA_001,Telephone Field
1212.7705,1212.7782,44375.0,68288.0,Pipistrellus pipistrellus,0.357,0.631,-1,Echolocation,/mnt/ubna_data_01/recover-20220822/UBNA_001/20220819_100000.WAV,recover-20220822,UBNA_001,Telephone Field
1212.8575,1212.8651,46093.0,67006.0,Pipistrellus pipistrellus,0.414,0.626,-1,Echolocation,/mnt/ubna_data_01/recover-20220822/UBNA_001/20220819_100000.WAV,recover-20220822,UBNA_001,Telephone Field
1212.9345,1212.941,49531.0,64417.0,Pipistrellus pipistrellus,0.499,0.66,-1,Echolocation,/mnt/ubna_data_01/recover-20220822/UBNA_001/20220819_100000.WAV,recover-20220822,UBNA_001,Telephone Field
1213.0175,1213.0273,44375.0,65053.0,Pipistrellus pipistrellus,0.387,0.615,-1,Echolocation,/mnt/ubna_data_01/recover-20220822/UBNA_001/20220819_100000.WAV,recover-20220822,UBNA_001,Telephone Field
1213.1435,1213.1519,45234.0,70830.0,Pipistrellus pipistrellus,0.486,0.637,-1,Echolocation,/mnt/ubna_data_01/recover-20220822/UBNA_001/20220819_100000.WAV,recover-20220822,UBNA_001,Telephone Field
1213.2425,1213.2514,44375.0,68745.0,Pipistrellus pipistrellus,0.418,0.645,-1,Echolocation,/mnt/ubna_data_01/recover-20220822/UBNA_001/20220819_100000.WAV,recover-20220822,UBNA_001,Telephone Field
1213.3325,1213.3399,44375.0,69440.0,Pipistrellus pipistrellus,0.388,0.563,-1,Echolocation,/mnt/ubna_data_01/recover-20220822/UBNA_001/20220819_100000.WAV,recover-20220822,UBNA_001,Telephone Field
1213.4245,1213.4336,43515.0,72063.0,Pipistrellus pipistrellus,0.494,0.663,-1,Echolocation,/mnt/ubna_data_01/recover-20220822/UBNA_001/20220819_100000.WAV,recover-20220822,UBNA_001,Telephone Field
1213.4975,1213.5039,48671.0,66617.0,Pipistrellus pipistrellus,0.504,0.656,-1,Echolocation,/mnt/ubna_data_01/recover-20220822/UBNA_001/20220819_100000.WAV,recover-20220822,UBNA_001,Telephone Field
1213.5545,1213.5617,43515.0,68158.0,Pipistrellus pipistrellus,0.322,0.542,-1,Echolocation,/mnt/ubna_data_01/recover-20220822/UBNA_001/20220819_100000.WAV,recover-20220822,UBNA_001,Telephone Field
1213.6165,1213.6236,41796.0,68388.0,Pipistrellus pipistrellus,0.282,0.585,-1,Echolocation,/mnt/ubna_data_01/recover-20220822/UBNA_001/20220819_100000.WAV,recover-20220822,UBNA_001,Telephone Field
1213.6825,1213.6895,41796.0,68791.0,Pipistrellus pipistrellus,0.255,0.537,-1,Echolocation,/mnt/ubna_data_01/recover-20220822/UBNA_001/20220819_100000.WAV,recover-20220822,UBNA_001,Telephone Field
1213.8275,1213.8339,43515.0,63858.0,Pipistrellus pipistrellus,0.287,0.501,-1,Echolocation,/mnt/ubna_data_01/recover-20220822/UBNA_001/20220819_100000.WAV,recover-20220822,UBNA_001,Telephone Field
1213.9915,1213.9975,50390.0,61506.0,Pipistrellus pipistrellus,0.404,0.524,-1,Echolocation,/mnt/ubna_data_01/recover-20220822/UBNA_001/20220819_100000.WAV,recover-20220822,UBNA_001,Telephone Field
1214.1755,1214.1811,49531.0,61893.0,Pipistrellus pipistrellus,0.494,0.618,-1,Echolocation,/mnt/ubna_data_01/recover-20220822/UBNA_001/20220819_100000.WAV,recover-20220822,UBNA_001,Telephone Field
1214.2625,1214.2684,49531.0,61696.0,Pipistrellus pipistrellus,0.419,0.538,-1,Echolocation,/mnt/ubna_data_01/recover-20220822/UBNA_001/20220819_100000.WAV,recover-20220822,UBNA_001,Telephone Field
1214.3475,1214.3542,48671.0,64683.0,Pipistrellus pipistrellus,0.338,0.547,-1,Echolocation,/mnt/ubna_data_01/recover-20220822/UBNA_001/20220819_100000.WAV,recover-20220822,UBNA_001,Telephone Field
1214.4515,1214.4581,48671.0,66378.0,Pipistrellus pipistrellus,0.419,0.648,-1,Echolocation,/mnt/ubna_data_01/recover-20220822/UBNA_001/20220819_100000.WAV,recover-20220822,UBNA_001,Telephone Field
1214.6485,1214.6552,48671.0,67244.0,Pipistrellus pipistrellus,0.508,0.672,-1,Echolocation,/mnt/ubna_data_01/recover-20220822/UBNA_001/20220819_100000.WAV,recover-20220822,UBNA_001,Telephone Field
1214.7505,1214.7588,47812.0,67277.0,Pipistrellus nathusii,0.307,0.578,-1,Echolocation,/mnt/ubna_data_01/recover-20220822/UBNA_001/20220819_100000.WAV,recover-20220822,UBNA_001,Telephone Field
1214.8565,1214.8657,47812.0,63165.0,Pipistrellus pipistrellus,0.469,0.658,-1,Echolocation,/mnt/ubna_data_01/recover-20220822/UBNA_001/20220819_100000.WAV,recover-20220822,UBNA_001,Telephone Field
1214.9475,1214.9545,47812.0,69582.0,Pipistrellus pipistrellus,0.296,0.624,-1,Echolocation,/mnt/ubna_data_01/recover-20220822/UBNA_001/20220819_100000.WAV,recover-20220822,UBNA_001,Telephone Field
1215.0415,1215.0481,48671.0,64711.0,Pipistrellus pipistrellus,0.532,0.713,-1,Echolocation,/mnt/ubna_data_01/recover-20220822/UBNA_001/20220819_100000.WAV,recover-20220822,UBNA_001,Telephone Field
1215.1325,1215.1403,47812.0,69653.0,Pipistrellus pipistrellus,0.472,0.74,-1,Echolocation,/mnt/ubna_data_01/recover-20220822/UBNA_001/20220819_100000.WAV,recover-20220822,UBNA_001,Telephone Field
1215.2405,1215.248,47812.0,67027.0,Pipistrellus pipistrellus,0.471,0.711,-1,Echolocation,/mnt/ubna_data_01/recover-20220822/UBNA_001/20220819_100000.WAV,recover-20220822,UBNA_001,Telephone Field
1215.2975,1215.3039,47812.0,73459.0,Pipistrellus pipistrellus,0.419,0.593,-1,Echolocation,/mnt/ubna_data_01/recover-20220822/UBNA_001/20220819_100000.WAV,recover-20220822,UBNA_001,Telephone Field
1215.3925,1215.3979,48671.0,75295.0,Pipistrellus pipistrellus,0.308,0.529,-1,Echolocation,/mnt/ubna_data_01/recover-20220822/UBNA_001/20220819_100000.WAV,recover-20220822,UBNA_001,Telephone Field
1215.7575,1215.7635,48671.0,72790.0,Pipistrellus pipistrellus,0.481,0.665,-1,Echolocation,/mnt/ubna_data_01/recover-20220822/UBNA_001/20220819_100000.WAV,recover-20220822,UBNA_001,Telephone Field
1215.8365,1215.8443,46093.0,71991.0,Pipistrellus pipistrellus,0.476,0.731,-1,Echolocation,/mnt/ubna_data_01/recover-20220822/UBNA_001/20220819_100000.WAV,recover-20220822,UBNA_001,Telephone Field
1215.9155,1215.9226,46953.0,69014.0,Pipistrellus pipistrellus,0.291,0.634,-1,Echolocation,/mnt/ubna_data_01/recover-20220822/UBNA_001/20220819_100000.WAV,recover-20220822,UBNA_001,Telephone Field
1216.0815,1216.0873,46953.0,71467.0,Pipistrellus pygmaeus,0.472,0.654,-1,Echolocation,/mnt/ubna_data_01/recover-20220822/UBNA_001/20220819_100000.WAV,recover-20220822,UBNA_001,Telephone Field
1216.1695,1216.1755,46953.0,69428.0,Pipistrellus pygmaeus,0.44,0.625,-1,Echolocation,/mnt/ubna_data_01/recover-20220822/UBNA_001/20220819_100000.WAV,recover-20220822,UBNA_001,Telephone Field
1216.2595,1216.2643,47812.0,68327.0,Pipistrellus pygmaeus,0.386,0.665,-1,Echolocation,/mnt/ubna_data_01/recover-20220822/UBNA_001/20220819_100000.WAV,recover-20220822,UBNA_001,Telephone Field
1216.3065,1216.3105,50390.0,68026.0,Pipistrellus pygmaeus,0.285,0.568,-1,Echolocation,/mnt/ubna_data_01/recover-20220822/UBNA_001/20220819_100000.WAV,recover-20220822,UBNA_001,Telephone Field
1216.4135,1216.419,49531.0,71049.0,Pipistrellus pygmaeus,0.519,0.707,-1,Echolocation,/mnt/ubna_data_01/recover-20220822/UBNA_001/20220819_100000.WAV,recover-20220822,UBNA_001,Telephone Field
1216.4475,1216.4518,50390.0,62398.0,Pipistrellus pygmaeus,0.43,0.505,-1,Echolocation,/mnt/ubna_data_01/recover-20220822/UBNA_001/20220819_100000.WAV,recover-20220822,UBNA_001,Telephone Field
1216.5395,1216.5438,49531.0,60594.0,Pipistrellus pygmaeus,0.439,0.507,-1,Echolocation,/mnt/ubna_data_01/recover-20220822/UBNA_001/20220819_100000.WAV,recover-20220822,UBNA_001,Telephone Field
1216.5745,1216.5791,48671.0,64807.0,Pipistrellus pygmaeus,0.456,0.59,-1,Echolocation,/mnt/ubna_data_01/recover-20220822/UBNA_001/20220819_100000.WAV,recover-20220822,UBNA_001,Telephone Field
1216.6505,1216.6552,47812.0,67649.0,Pipistrellus pipistrellus,0.309,0.639,-1,Echolocation,/mnt/ubna_data_01/recover-20220822/UBNA_001/20220819_100000.WAV,recover-20220822,UBNA_001,Telephone Field
1216.7325,1216.7377,48671.0,65643.0,Pipistrellus pygmaeus,0.498,0.677,-1,Echolocation,/mnt/ubna_data_01/recover-20220822/UBNA_001/20220819_100000.WAV,recover-20220822,UBNA_001,Telephone Field
1216.8005,1216.805,49531.0,60808.0,Pipistrellus pygmaeus,0.397,0.579,-1,Echolocation,/mnt/ubna_data_01/recover-20220822/UBNA_001/20220819_100000.WAV,recover-20220822,UBNA_001,Telephone Field
1216.8925,1216.8971,49531.0,59111.0,Pipistrellus pygmaeus,0.299,0.507,-1,Echolocation,/mnt/ubna_data_01/recover-20220822/UBNA_001/20220819_100000.WAV,recover-20220822,UBNA_001,Telephone Field
1216.9525,1216.9589,52109.0,66647.0,Pipistrellus pygmaeus,0.593,0.643,-1,Echolocation,/mnt/ubna_data_01/recover-20220822/UBNA_001/20220819_100000.WAV,recover-20220822,UBNA_001,Telephone Field
1217.0665,1217.074,52109.0,68538.0,Pipistrellus pygmaeus,0.498,0.512,-1,Echolocation,/mnt/ubna_data_01/recover-20220822/UBNA_001/20220819_100000.WAV,recover-20220822,UBNA_001,Telephone Field
1217.2205,1217.2245,47812.0,64959.0,Pipistrellus pygmaeus,0.447,0.586,-1,Echolocation,/mnt/ubna_data_01/recover-20220822/UBNA_001/20220819_100000.WAV,recover-20220822,UBNA_001,Telephone Field
1217.3765,1217.3816,50390.0,65564.0,Pipistrellus pygmaeus,0.567,0.598,-1,Echolocation,/mnt/ubna_data_01/recover-20220822/UBNA_001/20220819_100000.WAV,recover-20220822,UBNA_001,Telephone Field
1217.4675,1217.4719,47812.0,71467.0,Pipistrellus pygmaeus,0.506,0.639,-1,Echolocation,/mnt/ubna_data_01/recover-20220822/UBNA_001/20220819_100000.WAV,recover-20220822,UBNA_001,Telephone Field
1217.4885,1217.4935,46953.0,60321.0,Pipistrellus pipistrellus,0.537,0.625,-1,Echolocation,/mnt/ubna_data_01/recover-20220822/UBNA_001/20220819_100000.WAV,recover-20220822,UBNA_001,Telephone Field
1217.7685,1217.7716,48671.0,65160.0,Pipistrellus pygmaeus,0.427,0.553,-1,Echolocation,/mnt/ubna_data_01/recover-20220822/UBNA_001/20220819_100000.WAV,recover-20220822,UBNA_001,Telephone Field
1217.8315,1217.8357,47812.0,71213.0,Pipistrellus pygmaeus,0.389,0.57,-1,Echolocation,/mnt/ubna_data_01/recover-20220822/UBNA_001/20220819_100000.WAV,recover-20220822,UBNA_001,Telephone Field
1217.9215,1217.927,48671.0,62675.0,Pipistrellus pipistrellus,0.318,0.63,-1,Echolocation,/mnt/ubna_data_01/recover-20220822/UBNA_001/20220819_100000.WAV,recover-20220822,UBNA_001,Telephone Field
1218.0085,1218.014,46953.0,63216.0,Pipistrellus pipistrellus,0.503,0.632,-1,Echolocation,/mnt/ubna_data_01/recover-20220822/UBNA_001/20220819_100000.WAV,recover-20220822,UBNA_001,Telephone Field
1218.0755,1218.0796,46093.0,59286.0,Pipistrellus pipistrellus,0.533,0.59,-1,Echolocation,/mnt/ubna_data_01/recover-20220822/UBNA_001/20220819_100000.WAV,recover-20220822,UBNA_001,Telephone Field
1218.1925,1218.1965,50390.0,61361.0,Pipistrellus pipistrellus,0.492,0.62,-1,Echolocation,/mnt/ubna_data_01/recover-20220822/UBNA_001/20220819_100000.WAV,recover-20220822,UBNA_001,Telephone Field
1218.4425,1218.4465,48671.0,65966.0,Pipistrellus pipistrellus,0.373,0.559,-1,Echolocation,/mnt/ubna_data_01/recover-20220822/UBNA_001/20220819_100000.WAV,recover-20220822,UBNA_001,Telephone Field
1218.5245,1218.529,49531.0,64274.0,Pipistrellus pipistrellus,0.428,0.577,-1,Echolocation,/mnt/ubna_data_01/recover-20220822/UBNA_001/20220819_100000.WAV,recover-20220822,UBNA_001,Telephone Field
1218.7845,1218.7887,49531.0,60547.0,Pipistrellus pipistrellus,0.541,0.635,-1,Echolocation,/mnt/ubna_data_01/recover-20220822/UBNA_001/20220819_100000.WAV,recover-20220822,UBNA_001,Telephone Field
1219.1905,1219.1946,48671.0,59613.0,Pipistrellus pipistrellus,0.506,0.594,-1,Echolocation,/mnt/ubna_data_01/recover-20220822/UBNA_001/20220819_100000.WAV,recover-20220822,UBNA_001,Telephone Field
1219.3075,1219.3116,48671.0,61137.0,Pipistrellus pipistrellus,0.525,0.595,-1,Echolocation,/mnt/ubna_data_01/recover-20220822/UBNA_001/20220819_100000.WAV,recover-20220822,UBNA_001,Telephone Field
1219.3795,1219.3835,47812.0,59606.0,Pipistrellus pipistrellus,0.485,0.573,-1,Echolocation,/mnt/ubna_data_01/recover-20220822/UBNA_001/20220819_100000.WAV,recover-20220822,UBNA_001,Telephone Field
1220.9505,1220.9552,52109.0,64582.0,Pipistrellus pygmaeus,0.304,0.613,-1,Echolocation,/mnt/ubna_data_01/recover-20220822/UBNA_001/20220819_100000.WAV,recover-20220822,UBNA_001,Telephone Field
1221.0385,1221.0427,51250.0,62631.0,Pipistrellus pipistrellus,0.273,0.515,-1,Echolocation,/mnt/ubna_data_01/recover-20220822/UBNA_001/20220819_100000.WAV,recover-20220822,UBNA_001,Telephone Field
1221.2235,1221.2276,51250.0,67107.0,Pipistrellus pipistrellus,0.373,0.536,-1,Echolocation,/mnt/ubna_data_01/recover-20220822/UBNA_001/20220819_100000.WAV,recover-20220822,UBNA_001,Telephone Field
1222.3245,1222.3289,51250.0,61494.0,Pipistrellus pipistrellus,0.415,0.503,-1,Echolocation,/mnt/ubna_data_01/recover-20220822/UBNA_001/20220819_100000.WAV,recover-20220822,UBNA_001,Telephone Field
1222.3785,1222.3839,40937.0,52601.0,Pipistrellus pipistrellus,0.436,0.501,-1,Echolocation,/mnt/ubna_data_01/recover-20220822/UBNA_001/20220819_100000.WAV,recover-20220822,UBNA_001,Telephone Field
1222.6215,1222.626,47812.0,62907.0,Pipistrellus pipistrellus,0.443,0.507,-1,Echolocation,/mnt/ubna_data_01/recover-20220822/UBNA_001/20220819_100000.WAV,recover-20220822,UBNA_001,Telephone Field
1222.6815,1222.6869,47812.0,61173.0,Pipistrellus pipistrellus,0.477,0.568,-1,Echolocation,/mnt/ubna_data_01/recover-20220822/UBNA_001/20220819_100000.WAV,recover-20220822,UBNA_001,Telephone Field
1222.8765,1222.8811,50390.0,60869.0,Pipistrellus pipistrellus,0.48,0.564,-1,Echolocation,/mnt/ubna_data_01/recover-20220822/UBNA_001/20220819_100000.WAV,recover-20220822,UBNA_001,Telephone Field
1222.9755,1222.9803,49531.0,62435.0,Pipistrellus pipistrellus,0.536,0.619,-1,Echolocation,/mnt/ubna_data_01/recover-20220822/UBNA_001/20220819_100000.WAV,recover-20220822,UBNA_001,Telephone Field
1223.6885,1223.6932,49531.0,60521.0,Pipistrellus pipistrellus,0.504,0.557,-1,Echolocation,/mnt/ubna_data_01/recover-20220822/UBNA_001/20220819_100000.WAV,recover-20220822,UBNA_001,Telephone Field
1223.8555,1223.8599,47812.0,59528.0,Pipistrellus pipistrellus,0.533,0.571,-1,Echolocation,/mnt/ubna_data_01/recover-20220822/UBNA_001/20220819_100000.WAV,recover-20220822,UBNA_001,Telephone Field
1223.9385,1223.9428,47812.0,57876.0,Pipistrellus pipistrellus,0.488,0.521,-1,Echolocation,/mnt/ubna_data_01/recover-20220822/UBNA_001/20220819_100000.WAV,recover-20220822,UBNA_001,Telephone Field
1224.1095,1224.1145,48671.0,59204.0,Pipistrellus pipistrellus,0.454,0.518,-1,Echolocation,/mnt/ubna_data_01/recover-20220822/UBNA_001/20220819_100000.WAV,recover-20220822,UBNA_001,Telephone Field
1224.2815,1224.2873,48671.0,59177.0,Pipistrellus pipistrellus,0.513,0.546,-1,Echolocation,/mnt/ubna_data_01/recover-20220822/UBNA_001/20220819_100000.WAV,recover-20220822,UBNA_001,Telephone Field
1224.3685,1224.3745,46953.0,60006.0,Pipistrellus pipistrellus,0.491,0.557,-1,Echolocation,/mnt/ubna_data_01/recover-20220822/UBNA_001/20220819_100000.WAV,recover-20220822,UBNA_001,Telephone Field
1224.4535,1224.4609,46093.0,63747.0,Pipistrellus pipistrellus,0.527,0.709,-1,Echolocation,/mnt/ubna_data_01/recover-20220822/UBNA_001/20220819_100000.WAV,recover-20220822,UBNA_001,Telephone Field
1224.5325,1224.5395,46093.0,65478.0,Pipistrellus pipistrellus,0.53,0.677,-1,Echolocation,/mnt/ubna_data_01/recover-20220822/UBNA_001/20220819_100000.WAV,recover-20220822,UBNA_001,Telephone Field
1224.6085,1224.614,46093.0,69789.0,Pipistrellus pipistrellus,0.55,0.631,-1,Echolocation,/mnt/ubna_data_01/recover-20220822/UBNA_001/20220819_100000.WAV,recover-20220822,UBNA_001,Telephone Field
1224.6735,1224.6788999999999,45234.0,66816.0,Pipistrellus pipistrellus,0.438,0.573,-1,Echolocation,/mnt/ubna_data_01/recover-20220822/UBNA_001/20220819_100000.WAV,recover-20220822,UBNA_001,Telephone Field
1225.1695,1225.1753,46093.0,69185.0,Pipistrellus pipistrellus,0.473,0.593,-1,Echolocation,/mnt/ubna_data_01/recover-20220822/UBNA_001/20220819_100000.WAV,recover-20220822,UBNA_001,Telephone Field
1225.2545,1225.2613,46953.0,64589.0,Pipistrellus pipistrellus,0.476,0.612,-1,Echolocation,/mnt/ubna_data_01/recover-20220822/UBNA_001/20220819_100000.WAV,recover-20220822,UBNA_001,Telephone Field
1225.3445,1225.3517,46093.0,70152.0,Pipistrellus pipistrellus,0.416,0.532,-1,Echolocation,/mnt/ubna_data_01/recover-20220822/UBNA_001/20220819_100000.WAV,recover-20220822,UBNA_001,Telephone Field
1225.4265,1225.4333,46953.0,72650.0,Pipistrellus pipistrellus,0.462,0.626,-1,Echolocation,/mnt/ubna_data_01/recover-20220822/UBNA_001/20220819_100000.WAV,recover-20220822,UBNA_001,Telephone Field
1225.5185,1225.5247,46953.0,66210.0,Pipistrellus pipistrellus,0.477,0.586,-1,Echolocation,/mnt/ubna_data_01/recover-20220822/UBNA_001/20220819_100000.WAV,recover-20220822,UBNA_001,Telephone Field
1225.6835,1225.6888,46953.0,70493.0,Pipistrellus pipistrellus,0.511,0.599,-1,Echolocation,/mnt/ubna_data_01/recover-20220822/UBNA_001/20220819_100000.WAV,recover-20220822,UBNA_001,Telephone Field
1225.8335,1225.8407,47812.0,65275.0,Pipistrellus pipistrellus,0.546,0.669,-1,Echolocation,/mnt/ubna_data_01/recover-20220822/UBNA_001/20220819_100000.WAV,recover-20220822,UBNA_001,Telephone Field
1225.9065,1225.9129,47812.0,68663.0,Pipistrellus pipistrellus,0.573,0.678,-1,Echolocation,/mnt/ubna_data_01/recover-20220822/UBNA_001/20220819_100000.WAV,recover-20220822,UBNA_001,Telephone Field
1226.1625,1226.1711,46953.0,68767.0,Pipistrellus pipistrellus,0.521,0.646,-1,Echolocation,/mnt/ubna_data_01/recover-20220822/UBNA_001/20220819_100000.WAV,recover-20220822,UBNA_001,Telephone Field
1226.2545,1226.2613,46953.0,58644.0,Pipistrellus pipistrellus,0.425,0.567,-1,Echolocation,/mnt/ubna_data_01/recover-20220822/UBNA_001/20220819_100000.WAV,recover-20220822,UBNA_001,Telephone Field
1226.4335,1226.4409,47812.0,59973.0,Pipistrellus pipistrellus,0.528,0.668,-1,Echolocation,/mnt/ubna_data_01/recover-20220822/UBNA_001/20220819_100000.WAV,recover-20220822,UBNA_001,Telephone Field
1226.6205,1226.6297,46953.0,59709.0,Pipistrellus pipistrellus,0.369,0.588,-1,Echolocation,/mnt/ubna_data_01/recover-20220822/UBNA_001/20220819_100000.WAV,recover-20220822,UBNA_001,Telephone Field
1227.2345,1227.2423,40937.0,56888.0,Pipistrellus nathusii,0.419,0.613,-1,Echolocation,/mnt/ubna_data_01/recover-20220822/UBNA_001/20220819_100000.WAV,recover-20220822,UBNA_001,Telephone Field
1227.5525,1227.5606,39218.0,54722.0,Pipistrellus nathusii,0.372,0.514,-1,Echolocation,/mnt/ubna_data_01/recover-20220822/UBNA_001/20220819_100000.WAV,recover-20220822,UBNA_001,Telephone Field
1227.6315,1227.6384,47812.0,58352.0,Pipistrellus pipistrellus,0.41,0.535,-1,Echolocation,/mnt/ubna_data_01/recover-20220822/UBNA_001/20220819_100000.WAV,recover-20220822,UBNA_001,Telephone Field
1227.7485,1227.7549,41796.0,55511.0,Pipistrellus nathusii,0.343,0.517,-1,Echolocation,/mnt/ubna_data_01/recover-20220822/UBNA_001/20220819_100000.WAV,recover-20220822,UBNA_001,Telephone Field
1227.8535,1227.8609,40078.0,51767.0,Pipistrellus nathusii,0.476,0.568,-1,Echolocation,/mnt/ubna_data_01/recover-20220822/UBNA_001/20220819_100000.WAV,recover-20220822,UBNA_001,Telephone Field
1228.1685,1228.176,39218.0,50031.0,Pipistrellus nathusii,0.353,0.547,-1,Echolocation,/mnt/ubna_data_01/recover-20220822/UBNA_001/20220819_100000.WAV,recover-20220822,UBNA_001,Telephone Field
1229.0515,1229.0567,48671.0,59101.0,Pipistrellus pipistrellus,0.459,0.508,-1,Echolocation,/mnt/ubna_data_01/recover-20220822/UBNA_001/20220819_100000.WAV,recover-20220822,UBNA_001,Telephone Field
1229.2155,1229.22,49531.0,63219.0,Pipistrellus pipistrellus,0.447,0.529,-1,Echolocation,/mnt/ubna_data_01/recover-20220822/UBNA_001/20220819_100000.WAV,recover-20220822,UBNA_001,Telephone Field
1229.2395,1229.2459,38359.0,49727.0,Pipistrellus nathusii,0.356,0.501,-1,Echolocation,/mnt/ubna_data_01/recover-20220822/UBNA_001/20220819_100000.WAV,recover-20220822,UBNA_001,Telephone Field
1229.2885,1229.2937,48671.0,62996.0,Pipistrellus pipistrellus,0.532,0.661,-1,Echolocation,/mnt/ubna_data_01/recover-20220822/UBNA_001/20220819_100000.WAV,recover-20220822,UBNA_001,Telephone Field
1229.3705,1229.3764,48671.0,60848.0,Pipistrellus pipistrellus,0.486,0.531,-1,Echolocation,/mnt/ubna_data_01/recover-20220822/UBNA_001/20220819_100000.WAV,recover-20220822,UBNA_001,Telephone Field
1229.5515,1229.5569,47812.0,63255.0,Pipistrellus pipistrellus,0.424,0.515,-1,Echolocation,/mnt/ubna_data_01/recover-20220822/UBNA_001/20220819_100000.WAV,recover-20220822,UBNA_001,Telephone Field
1229.6455,1229.6517,47812.0,60099.0,Pipistrellus pipistrellus,0.446,0.582,-1,Echolocation,/mnt/ubna_data_01/recover-20220822/UBNA_001/20220819_100000.WAV,recover-20220822,UBNA_001,Telephone Field
1229.7415,1229.7489,47812.0,64081.0,Pipistrellus pipistrellus,0.467,0.678,-1,Echolocation,/mnt/ubna_data_01/recover-20220822/UBNA_001/20220819_100000.WAV,recover-20220822,UBNA_001,Telephone Field
1229.8145,1229.8195,48671.0,59137.0,Pipistrellus pipistrellus,0.548,0.599,-1,Echolocation,/mnt/ubna_data_01/recover-20220822/UBNA_001/20220819_100000.WAV,recover-20220822,UBNA_001,Telephone Field
1229.8905,1229.8998,40078.0,59894.0,Pipistrellus nathusii,0.352,0.527,-1,Echolocation,/mnt/ubna_data_01/recover-20220822/UBNA_001/20220819_100000.WAV,recover-20220822,UBNA_001,Telephone Field
1230.0035,1230.0121,40078.0,56171.0,Pipistrellus nathusii,0.461,0.585,-1,Echolocation,/mnt/ubna_data_01/recover-20220822/UBNA_001/20220819_100000.WAV,recover-20220822,UBNA_001,Telephone Field
1230.1135,1230.121,38359.0,62314.0,Pipistrellus nathusii,0.501,0.588,-1,Echolocation,/mnt/ubna_data_01/recover-20220822/UBNA_001/20220819_100000.WAV,recover-20220822,UBNA_001,Telephone Field
1230.2185,1230.2275,39218.0,59755.0,Pipistrellus nathusii,0.438,0.531,-1,Echolocation,/mnt/ubna_data_01/recover-20220822/UBNA_001/20220819_100000.WAV,recover-20220822,UBNA_001,Telephone Field
1230.3245,1230.3321,38359.0,54389.0,Pipistrellus nathusii,0.376,0.543,-1,Echolocation,/mnt/ubna_data_01/recover-20220822/UBNA_001/20220819_100000.WAV,recover-20220822,UBNA_001,Telephone Field
1230.5245,1230.5314,39218.0,56003.0,Pipistrellus nathusii,0.409,0.552,-1,Echolocation,/mnt/ubna_data_01/recover-20220822/UBNA_001/20220819_100000.WAV,recover-20220822,UBNA_001,Telephone Field
1230.7295,1230.7364,38359.0,61209.0,Pipistrellus nathusii,0.371,0.565,-1,Echolocation,/mnt/ubna_data_01/recover-20220822/UBNA_001/20220819_100000.WAV,recover-20220822,UBNA_001,Telephone Field
1230.8335,1230.8413,38359.0,62518.0,Pipistrellus nathusii,0.401,0.553,-1,Echolocation,/mnt/ubna_data_01/recover-20220822/UBNA_001/20220819_100000.WAV,recover-20220822,UBNA_001,Telephone Field
1230.9385,1230.9476,39218.0,61000.0,Pipistrellus nathusii,0.465,0.567,-1,Echolocation,/mnt/ubna_data_01/recover-20220822/UBNA_001/20220819_100000.WAV,recover-20220822,UBNA_001,Telephone Field
1231.0425,1231.0503,38359.0,64044.0,Pipistrellus nathusii,0.423,0.518,-1,Echolocation,/mnt/ubna_data_01/recover-20220822/UBNA_001/20220819_100000.WAV,recover-20220822,UBNA_001,Telephone Field
1231.1285,1231.1361,40078.0,61717.0,Pipistrellus nathusii,0.321,0.515,-1,Echolocation,/mnt/ubna_data_01/recover-20220822/UBNA_001/20220819_100000.WAV,recover-20220822,UBNA_001,Telephone Field
1231.5805,1231.5895,40078.0,62828.0,Pipistrellus nathusii,0.352,0.525,-1,Echolocation,/mnt/ubna_data_01/recover-20220822/UBNA_001/20220819_100000.WAV,recover-20220822,UBNA_001,Telephone Field
1231.8725,1231.8809,37500.0,69540.0,Pipistrellus nathusii,0.401,0.504,-1,Echolocation,/mnt/ubna_data_01/recover-20220822/UBNA_001/20220819_100000.WAV,recover-20220822,UBNA_001,Telephone Field
1232.2165,1232.2201,52968.0,62263.0,Pipistrellus pygmaeus,0.51,0.549,-1,Echolocation,/mnt/ubna_data_01/recover-20220822/UBNA_001/20220819_100000.WAV,recover-20220822,UBNA_001,Telephone Field
1232.2935,1232.2981,53828.0,62922.0,Pipistrellus pygmaeus,0.492,0.512,-1,Echolocation,/mnt/ubna_data_01/recover-20220822/UBNA_001/20220819_100000.WAV,recover-20220822,UBNA_001,Telephone Field
1232.7235,1232.731,40078.0,70586.0,Pipistrellus nathusii,0.512,0.575,-1,Echolocation,/mnt/ubna_data_01/recover-20220822/UBNA_001/20220819_100000.WAV,recover-20220822,UBNA_001,Telephone Field
1232.9095,1232.9171,41796.0,52969.0,Pipistrellus nathusii,0.458,0.52,-1,Echolocation,/mnt/ubna_data_01/recover-20220822/UBNA_001/20220819_100000.WAV,recover-20220822,UBNA_001,Telephone Field
1233.0295,1233.0366,39218.0,65387.0,Pipistrellus nathusii,0.532,0.602,-1,Echolocation,/mnt/ubna_data_01/recover-20220822/UBNA_001/20220819_100000.WAV,recover-20220822,UBNA_001,Telephone Field
1233.1265,1233.1338,40937.0,73999.0,Pipistrellus nathusii,0.274,0.505,-1,Echolocation,/mnt/ubna_data_01/recover-20220822/UBNA_001/20220819_100000.WAV,recover-20220822,UBNA_001,Telephone Field
1233.2295,1233.2361,40078.0,63188.0,Pipistrellus nathusii,0.403,0.523,-1,Echolocation,/mnt/ubna_data_01/recover-20220822/UBNA_001/20220819_100000.WAV,recover-20220822,UBNA_001,Telephone Field
1233.3245,1233.3318,39218.0,74579.0,Pipistrellus nathusii,0.419,0.501,-1,Echolocation,/mnt/ubna_data_01/recover-20220822/UBNA_001/20220819_100000.WAV,recover-20220822,UBNA_001,Telephone Field
1234.9755,1234.9831,35781.0,87005.0,Myotis daubentonii,0.386,0.503,-1,Echolocation,/mnt/ubna_data_01/recover-20220822/UBNA_001/20220819_100000.WAV,recover-20220822,UBNA_001,Telephone Field
1235.4465,1235.4529,36640.0,67891.0,Myotis daubentonii,0.349,0.504,-1,Echolocation,/mnt/ubna_data_01/recover-20220822/UBNA_001/20220819_100000.WAV,recover-20220822,UBNA_001,Telephone Field
1236.3515,1236.3586,38359.0,86330.0,Myotis daubentonii,0.387,0.539,-1,Echolocation,/mnt/ubna_data_01/recover-20220822/UBNA_001/20220819_100000.WAV,recover-20220822,UBNA_001,Telephone Field
1236.4095,1236.4159,37500.0,81725.0,Myotis daubentonii,0.307,0.514,-1,Echolocation,/mnt/ubna_data_01/recover-20220822/UBNA_001/20220819_100000.WAV,recover-20220822,UBNA_001,Telephone Field
1236.7925,1236.7994,37500.0,89261.0,Myotis daubentonii,0.408,0.578,-1,Echolocation,/mnt/ubna_data_01/recover-20220822/UBNA_001/20220819_100000.WAV,recover-20220822,UBNA_001,Telephone Field
1236.8695,1236.8766,36640.0,87333.0,Myotis daubentonii,0.235,0.511,-1,Echolocation,/mnt/ubna_data_01/recover-20220822/UBNA_001/20220819_100000.WAV,recover-20220822,UBNA_001,Telephone Field
1237.4305,1237.4374,35781.0,85316.0,Myotis daubentonii,0.324,0.502,-1,Echolocation,/mnt/ubna_data_01/recover-20220822/UBNA_001/20220819_100000.WAV,recover-20220822,UBNA_001,Telephone Field
1238.2745,1238.2817,39218.0,63907.0,Pipistrellus nathusii,0.368,0.518,-1,Echolocation,/mnt/ubna_data_01/recover-20220822/UBNA_001/20220819_100000.WAV,recover-20220822,UBNA_001,Telephone Field
1238.3745,1238.3824,40078.0,55722.0,Pipistrellus nathusii,0.371,0.55,-1,Echolocation,/mnt/ubna_data_01/recover-20220822/UBNA_001/20220819_100000.WAV,recover-20220822,UBNA_001,Telephone Field
1238.5035,1238.5081,52968.0,61807.0,Pipistrellus pygmaeus,0.597,0.622,-1,Echolocation,/mnt/ubna_data_01/recover-20220822/UBNA_001/20220819_100000.WAV,recover-20220822,UBNA_001,Telephone Field
1238.5635,1238.5684,36640.0,55966.0,Pipistrellus nathusii,0.238,0.542,-1,Echolocation,/mnt/ubna_data_01/recover-20220822/UBNA_001/20220819_100000.WAV,recover-20220822,UBNA_001,Telephone Field
1238.5755,1238.5809,54687.0,61117.0,Pipistrellus pygmaeus,0.539,0.551,-1,Echolocation,/mnt/ubna_data_01/recover-20220822/UBNA_001/20220819_100000.WAV,recover-20220822,UBNA_001,Telephone Field
1238.7265,1238.732,45234.0,68626.0,Pipistrellus pipistrellus,0.215,0.582,-1,Echolocation,/mnt/ubna_data_01/recover-20220822/UBNA_001/20220819_100000.WAV,recover-20220822,UBNA_001,Telephone Field
1238.8935,1238.8993,46953.0,67466.0,Pipistrellus pipistrellus,0.337,0.583,-1,Echolocation,/mnt/ubna_data_01/recover-20220822/UBNA_001/20220819_100000.WAV,recover-20220822,UBNA_001,Telephone Field
1238.9575,1238.9657,40937.0,58806.0,Pipistrellus nathusii,0.362,0.584,-1,Echolocation,/mnt/ubna_data_01/recover-20220822/UBNA_001/20220819_100000.WAV,recover-20220822,UBNA_001,Telephone Field
1238.9785,1238.9852,46093.0,71389.0,Pipistrellus pipistrellus,0.224,0.533,-1,Echolocation,/mnt/ubna_data_01/recover-20220822/UBNA_001/20220819_100000.WAV,recover-20220822,UBNA_001,Telephone Field
1239.0485,1239.0534,46953.0,69446.0,Pipistrellus pipistrellus,0.358,0.601,-1,Echolocation,/mnt/ubna_data_01/recover-20220822/UBNA_001/20220819_100000.WAV,recover-20220822,UBNA_001,Telephone Field
1239.1025,1239.1083,45234.0,69105.0,Pipistrellus pipistrellus,0.252,0.594,-1,Echolocation,/mnt/ubna_data_01/recover-20220822/UBNA_001/20220819_100000.WAV,recover-20220822,UBNA_001,Telephone Field
1239.1575,1239.1661,40937.0,56425.0,Pipistrellus nathusii,0.407,0.529,-1,Echolocation,/mnt/ubna_data_01/recover-20220822/UBNA_001/20220819_100000.WAV,recover-20220822,UBNA_001,Telephone Field
1239.1955,1239.2004,45234.0,63021.0,Pipistrellus pipistrellus,0.351,0.546,-1,Echolocation,/mnt/ubna_data_01/recover-20220822/UBNA_001/20220819_100000.WAV,recover-20220822,UBNA_001,Telephone Field
1239.2635,1239.2705,40078.0,56523.0,Pipistrellus nathusii,0.3,0.549,-1,Echolocation,/mnt/ubna_data_01/recover-20220822/UBNA_001/20220819_100000.WAV,recover-20220822,UBNA_001,Telephone Field
1239.4455,1239.4527,39218.0,54707.0,Pipistrellus nathusii,0.505,0.591,-1,Echolocation,/mnt/ubna_data_01/recover-20220822/UBNA_001/20220819_100000.WAV,recover-20220822,UBNA_001,Telephone Field
1239.4615,1239.4666,47812.0,65909.0,Pipistrellus pipistrellus,0.383,0.58,-1,Echolocation,/mnt/ubna_data_01/recover-20220822/UBNA_001/20220819_100000.WAV,recover-20220822,UBNA_001,Telephone Field
1239.5335,1239.5371,49531.0,63174.0,Pipistrellus pipistrellus,0.494,0.611,-1,Echolocation,/mnt/ubna_data_01/recover-20220822/UBNA_001/20220819_100000.WAV,recover-20220822,UBNA_001,Telephone Field
1239.5455,1239.5519,37500.0,58006.0,Pipistrellus nathusii,0.402,0.515,-1,Echolocation,/mnt/ubna_data_01/recover-20220822/UBNA_001/20220819_100000.WAV,recover-20220822,UBNA_001,Telephone Field
1239.6035,1239.6101,47812.0,61734.0,Pipistrellus pipistrellus,0.297,0.508,-1,Echolocation,/mnt/ubna_data_01/recover-20220822/UBNA_001/20220819_100000.WAV,recover-20220822,UBNA_001,Telephone Field
1240.3335,1240.3384,52109.0,61518.0,Pipistrellus pygmaeus,0.47,0.506,-1,Echolocation,/mnt/ubna_data_01/recover-20220822/UBNA_001/20220819_100000.WAV,recover-20220822,UBNA_001,Telephone Field
1240.3665,1240.3714,48671.0,58275.0,Pipistrellus pipistrellus,0.444,0.578,-1,Echolocation,/mnt/ubna_data_01/recover-20220822/UBNA_001/20220819_100000.WAV,recover-20220822,UBNA_001,Telephone Field
1240.4535,1240.4586,47812.0,62248.0,Pipistrellus pipistrellus,0.384,0.534,-1,Echolocation,/mnt/ubna_data_01/recover-20220822/UBNA_001/20220819_100000.WAV,recover-20220822,UBNA_001,Telephone Field
1240.5445,1240.5508,45234.0,60237.0,Pipistrellus pipistrellus,0.234,0.572,-1,Echolocation,/mnt/ubna_data_01/recover-20220822/UBNA_001/20220819_100000.WAV,recover-20220822,UBNA_001,Telephone Field
1240.7065,1240.711,48671.0,67190.0,Pipistrellus pipistrellus,0.31,0.533,-1,Echolocation,/mnt/ubna_data_01/recover-20220822/UBNA_001/20220819_100000.WAV,recover-20220822,UBNA_001,Telephone Field
1240.8065,1240.8112,49531.0,64008.0,Pipistrellus pipistrellus,0.368,0.626,-1,Echolocation,/mnt/ubna_data_01/recover-20220822/UBNA_001/20220819_100000.WAV,recover-20220822,UBNA_001,Telephone Field
1240.8995,1240.9071,49531.0,62197.0,Pipistrellus pipistrellus,0.335,0.541,-1,Echolocation,/mnt/ubna_data_01/recover-20220822/UBNA_001/20220819_100000.WAV,recover-20220822,UBNA_001,Telephone Field
1241.0675,1241.0746,46953.0,67928.0,Pipistrellus pipistrellus,0.398,0.636,-1,Echolocation,/mnt/ubna_data_01/recover-20220822/UBNA_001/20220819_100000.WAV,recover-20220822,UBNA_001,Telephone Field
1241.1595,1241.165,48671.0,65963.0,Pipistrellus pipistrellus,0.505,0.677,-1,Echolocation,/mnt/ubna_data_01/recover-20220822/UBNA_001/20220819_100000.WAV,recover-20220822,UBNA_001,Telephone Field
1241.2375,1241.2432,48671.0,60925.0,Pipistrellus pipistrellus,0.446,0.64,-1,Echolocation,/mnt/ubna_data_01/recover-20220822/UBNA_001/20220819_100000.WAV,recover-20220822,UBNA_001,Telephone Field
1241.3015,1241.3066,48671.0,57997.0,Pipistrellus pipistrellus,0.365,0.584,-1,Echolocation,/mnt/ubna_data_01/recover-20220822/UBNA_001/20220819_100000.WAV,recover-20220822,UBNA_001,Telephone Field
1242.3265,1242.3327,39218.0,63027.0,Myotis daubentonii,0.227,0.529,-1,Echolocation,/mnt/ubna_data_01/recover-20220822/UBNA_001/20220819_100000.WAV,recover-20220822,UBNA_001,Telephone Field
1242.8555,1242.864,46093.0,64903.0,Pipistrellus pipistrellus,0.237,0.585,-1,Echolocation,/mnt/ubna_data_01/recover-20220822/UBNA_001/20220819_100000.WAV,recover-20220822,UBNA_001,Telephone Field
1242.8935,1242.9003,38359.0,70103.0,Pipistrellus nathusii,0.197,0.505,-1,Echolocation,/mnt/ubna_data_01/recover-20220822/UBNA_001/20220819_100000.WAV,recover-20220822,UBNA_001,Telephone Field
1243.2055,1243.2131,47812.0,61926.0,Pipistrellus pipistrellus,0.284,0.561,-1,Echolocation,/mnt/ubna_data_01/recover-20220822/UBNA_001/20220819_100000.WAV,recover-20220822,UBNA_001,Telephone Field
1243.5065,1243.5124,45234.0,61933.0,Pipistrellus pipistrellus,0.285,0.501,-1,Echolocation,/mnt/ubna_data_01/recover-20220822/UBNA_001/20220819_100000.WAV,recover-20220822,UBNA_001,Telephone Field
1244.0785,1244.0841,47812.0,71710.0,Pipistrellus pipistrellus,0.338,0.505,-1,Echolocation,/mnt/ubna_data_01/recover-20220822/UBNA_001/20220819_100000.WAV,recover-20220822,UBNA_001,Telephone Field
1244.1565,1244.1614,47812.0,62922.0,Pipistrellus pipistrellus,0.364,0.518,-1,Echolocation,/mnt/ubna_data_01/recover-20220822/UBNA_001/20220819_100000.WAV,recover-20220822,UBNA_001,Telephone Field
1244.1795,1244.1852,46093.0,77790.0,Pipistrellus pipistrellus,0.35,0.575,-1,Echolocation,/mnt/ubna_data_01/recover-20220822/UBNA_001/20220819_100000.WAV,recover-20220822,UBNA_001,Telephone Field
1244.2265,1244.2339,46093.0,64789.0,Pipistrellus pipistrellus,0.309,0.615,-1,Echolocation,/mnt/ubna_data_01/recover-20220822/UBNA_001/20220819_100000.WAV,recover-20220822,UBNA_001,Telephone Field
1244.2825,1244.2878,45234.0,76331.0,Pipistrellus pipistrellus,0.274,0.522,-1,Echolocation,/mnt/ubna_data_01/recover-20220822/UBNA_001/20220819_100000.WAV,recover-20220822,UBNA_001,Telephone Field
1244.3705,1244.377,38359.0,70876.0,Myotis daubentonii,0.277,0.529,-1,Echolocation,/mnt/ubna_data_01/recover-20220822/UBNA_001/20220819_100000.WAV,recover-20220822,UBNA_001,Telephone Field
1244.3765,1244.382,50390.0,68809.0,Pipistrellus pipistrellus,0.454,0.513,-1,Echolocation,/mnt/ubna_data_01/recover-20220822/UBNA_001/20220819_100000.WAV,recover-20220822,UBNA_001,Telephone Field
1244.4085,1244.414,46093.0,72096.0,Pipistrellus pipistrellus,0.381,0.543,-1,Echolocation,/mnt/ubna_data_01/recover-20220822/UBNA_001/20220819_100000.WAV,recover-20220822,UBNA_001,Telephone Field
1244.5775,1244.5827,50390.0,61364.0,Pipistrellus pipistrellus,0.459,0.525,-1,Echolocation,/mnt/ubna_data_01/recover-20220822/UBNA_001/20220819_100000.WAV,recover-20220822,UBNA_001,Telephone Field
1244.6365,1244.6427,47812.0,68557.0,Pipistrellus pipistrellus,0.485,0.623,-1,Echolocation,/mnt/ubna_data_01/recover-20220822/UBNA_001/20220819_100000.WAV,recover-20220822,UBNA_001,Telephone Field
1244.6895,1244.6951,40078.0,57810.0,Myotis daubentonii,0.29,0.524,-1,Echolocation,/mnt/ubna_data_01/recover-20220822/UBNA_001/20220819_100000.WAV,recover-20220822,UBNA_001,Telephone Field
1244.7355,1244.7413,47812.0,66339.0,Pipistrellus pipistrellus,0.473,0.644,-1,Echolocation,/mnt/ubna_data_01/recover-20220822/UBNA_001/20220819_100000.WAV,recover-20220822,UBNA_001,Telephone Field
1244.7695,1244.7761,40937.0,61200.0,Myotis daubentonii,0.185,0.505,-1,Echolocation,/mnt/ubna_data_01/recover-20220822/UBNA_001/20220819_100000.WAV,recover-20220822,UBNA_001,Telephone Field
1244.8285,1244.8339,45234.0,67969.0,Pipistrellus pipistrellus,0.327,0.545,-1,Echolocation,/mnt/ubna_data_01/recover-20220822/UBNA_001/20220819_100000.WAV,recover-20220822,UBNA_001,Telephone Field
1245.1705,1245.1758,47812.0,60196.0,Pipistrellus pipistrellus,0.452,0.561,-1,Echolocation,/mnt/ubna_data_01/recover-20220822/UBNA_001/20220819_100000.WAV,recover-20220822,UBNA_001,Telephone Field
1245.4945,1245.502,40078.0,84992.0,Pipistrellus pipistrellus,0.222,0.575,-1,Echolocation,/mnt/ubna_data_01/recover-20220822/UBNA_001/20220819_100000.WAV,recover-20220822,UBNA_001,Telephone Field
1245.7495,1245.7564,38359.0,79312.0,Pipistrellus pipistrellus,0.225,0.578,-1,Echolocation,/mnt/ubna_data_01/recover-20220822/UBNA_001/20220819_100000.WAV,recover-20220822,UBNA_001,Telephone Field
1245.7915,1245.7956,49531.0,66281.0,Pipistrellus pipistrellus,0.474,0.541,-1,Echolocation,/mnt/ubna_data_01/recover-20220822/UBNA_001/20220819_100000.WAV,recover-20220822,UBNA_001,Telephone Field
1245.9305,1245.9382,38359.0,80979.0,Pipistrellus pipistrellus,0.248,0.568,-1,Echolocation,/mnt/ubna_data_01/recover-20220822/UBNA_001/20220819_100000.WAV,recover-20220822,UBNA_001,Telephone Field
1246.1835,1246.1884,48671.0,61450.0,Pipistrellus pipistrellus,0.522,0.578,-1,Echolocation,/mnt/ubna_data_01/recover-20220822/UBNA_001/20220819_100000.WAV,recover-20220822,UBNA_001,Telephone Field
1246.6245,1246.6309,38359.0,71845.0,Myotis daubentonii,0.424,0.524,-1,Echolocation,/mnt/ubna_data_01/recover-20220822/UBNA_001/20220819_100000.WAV,recover-20220822,UBNA_001,Telephone Field
1246.7165,1246.7227,34921.0,78068.0,Myotis daubentonii,0.451,0.537,-1,Echolocation,/mnt/ubna_data_01/recover-20220822/UBNA_001/20220819_100000.WAV,recover-20220822,UBNA_001,Telephone Field
1246.9745,1246.9817,38359.0,81448.0,Myotis daubentonii,0.427,0.51,-1,Echolocation,/mnt/ubna_data_01/recover-20220822/UBNA_001/20220819_100000.WAV,recover-20220822,UBNA_001,Telephone Field
1247.0795,1247.087,38359.0,82013.0,Myotis daubentonii,0.417,0.521,-1,Echolocation,/mnt/ubna_data_01/recover-20220822/UBNA_001/20220819_100000.WAV,recover-20220822,UBNA_001,Telephone Field
1247.1495,1247.1573,37500.0,81799.0,Myotis daubentonii,0.396,0.504,-1,Echolocation,/mnt/ubna_data_01/recover-20220822/UBNA_001/20220819_100000.WAV,recover-20220822,UBNA_001,Telephone Field
1247.2145,1247.2212,36640.0,74224.0,Myotis daubentonii,0.447,0.544,-1,Echolocation,/mnt/ubna_data_01/recover-20220822/UBNA_001/20220819_100000.WAV,recover-20220822,UBNA_001,Telephone Field
1247.6605,1247.6654,46953.0,58024.0,Pipistrellus pipistrellus,0.514,0.555,-1,Echolocation,/mnt/ubna_data_01/recover-20220822/UBNA_001/20220819_100000.WAV,recover-20220822,UBNA_001,Telephone Field
1248.4715,1248.477,44375.0,56817.0,Pipistrellus pipistrellus,0.461,0.541,-1,Echolocation,/mnt/ubna_data_01/recover-20220822/UBNA_001/20220819_100000.WAV,recover-20220822,UBNA_001,Telephone Field
1248.6215,1248.6257,45234.0,57317.0,Pipistrellus pipistrellus,0.506,0.568,-1,Echolocation,/mnt/ubna_data_01/recover-20220822/UBNA_001/20220819_100000.WAV,recover-20220822,UBNA_001,Telephone Field
1248.8475,1248.854,43515.0,60133.0,Pipistrellus pipistrellus,0.435,0.632,-1,Echolocation,/mnt/ubna_data_01/recover-20220822/UBNA_001/20220819_100000.WAV,recover-20220822,UBNA_001,Telephone Field
1249.1085,1249.114,39218.0,56095.0,Myotis daubentonii,0.157,0.504,-1,Echolocation,/mnt/ubna_data_01/recover-20220822/UBNA_001/20220819_100000.WAV,recover-20220822,UBNA_001,Telephone Field
1249.8765,1249.8813,47812.0,60119.0,Pipistrellus pipistrellus,0.491,0.601,-1,Echolocation,/mnt/ubna_data_01/recover-20220822/UBNA_001/20220819_100000.WAV,recover-20220822,UBNA_001,Telephone Field
1250.6855,1250.6897,50390.0,61039.0,Pipistrellus pipistrellus,0.381,0.502,-1,Echolocation,/mnt/ubna_data_01/recover-20220822/UBNA_001/20220819_100000.WAV,recover-20220822,UBNA_001,Telephone Field
1250.9375,1250.9438,37500.0,54066.0,Pipistrellus nathusii,0.205,0.51,-1,Echolocation,/mnt/ubna_data_01/recover-20220822/UBNA_001/20220819_100000.WAV,recover-20220822,UBNA_001,Telephone Field
1251.3605,1251.367,47812.0,61855.0,Pipistrellus pipistrellus,0.364,0.54,-1,Echolocation,/mnt/ubna_data_01/recover-20220822/UBNA_001/20220819_100000.WAV,recover-20220822,UBNA_001,Telephone Field
1251.5385,1251.5453,46093.0,62820.0,Pipistrellus nathusii,0.278,0.527,-1,Echolocation,/mnt/ubna_data_01/recover-20220822/UBNA_001/20220819_100000.WAV,recover-20220822,UBNA_001,Telephone Field
1251.6305,1251.6391,46953.0,64165.0,Pipistrellus pipistrellus,0.308,0.602,-1,Echolocation,/mnt/ubna_data_01/recover-20220822/UBNA_001/20220819_100000.WAV,recover-20220822,UBNA_001,Telephone Field
1251.6815,1251.6888,40937.0,62629.0,Pipistrellus nathusii,0.432,0.515,-1,Echolocation,/mnt/ubna_data_01/recover-20220822/UBNA_001/20220819_100000.WAV,recover-20220822,UBNA_001,Telephone Field
1251.7305,1251.737,48671.0,64431.0,Pipistrellus pipistrellus,0.339,0.597,-1,Echolocation,/mnt/ubna_data_01/recover-20220822/UBNA_001/20220819_100000.WAV,recover-20220822,UBNA_001,Telephone Field
1251.7795,1251.7878,41796.0,64418.0,Pipistrellus nathusii,0.269,0.512,-1,Echolocation,/mnt/ubna_data_01/recover-20220822/UBNA_001/20220819_100000.WAV,recover-20220822,UBNA_001,Telephone Field
1251.8245,1251.8323,47812.0,65404.0,Pipistrellus pipistrellus,0.4,0.613,-1,Echolocation,/mnt/ubna_data_01/recover-20220822/UBNA_001/20220819_100000.WAV,recover-20220822,UBNA_001,Telephone Field
1251.9245,1251.9323,46953.0,66522.0,Pipistrellus pipistrellus,0.391,0.587,-1,Echolocation,/mnt/ubna_data_01/recover-20220822/UBNA_001/20220819_100000.WAV,recover-20220822,UBNA_001,Telephone Field
1252.0245,1252.0338,46953.0,69265.0,Pipistrellus pipistrellus,0.324,0.63,-1,Echolocation,/mnt/ubna_data_01/recover-20220822/UBNA_001/20220819_100000.WAV,recover-20220822,UBNA_001,Telephone Field
1252.1355,1252.1423,46953.0,73495.0,Pipistrellus pipistrellus,0.418,0.641,-1,Echolocation,/mnt/ubna_data_01/recover-20220822/UBNA_001/20220819_100000.WAV,recover-20220822,UBNA_001,Telephone Field
1252.2355,1252.2433,46093.0,72892.0,Pipistrellus pipistrellus,0.333,0.582,-1,Echolocation,/mnt/ubna_data_01/recover-20220822/UBNA_001/20220819_100000.WAV,recover-20220822,UBNA_001,Telephone Field
1252.5145,1252.5218,46953.0,74078.0,Pipistrellus pipistrellus,0.275,0.537,-1,Echolocation,/mnt/ubna_data_01/recover-20220822/UBNA_001/20220819_100000.WAV,recover-20220822,UBNA_001,Telephone Field
1252.6035,1252.6126,46093.0,75238.0,Pipistrellus pipistrellus,0.279,0.588,-1,Echolocation,/mnt/ubna_data_01/recover-20220822/UBNA_001/20220819_100000.WAV,recover-20220822,UBNA_001,Telephone Field
1252.7075,1252.7152,46093.0,72850.0,Pipistrellus pipistrellus,0.395,0.651,-1,Echolocation,/mnt/ubna_data_01/recover-20220822/UBNA_001/20220819_100000.WAV,recover-20220822,UBNA_001,Telephone Field
1252.7695,1252.7751,48671.0,69667.0,Pipistrellus pipistrellus,0.451,0.618,-1,Echolocation,/mnt/ubna_data_01/recover-20220822/UBNA_001/20220819_100000.WAV,recover-20220822,UBNA_001,Telephone Field
1252.8815,1252.8875,44375.0,74931.0,Pipistrellus pipistrellus,0.322,0.564,-1,Echolocation,/mnt/ubna_data_01/recover-20220822/UBNA_001/20220819_100000.WAV,recover-20220822,UBNA_001,Telephone Field
1253.3325,1253.3381,48671.0,74118.0,Pipistrellus pipistrellus,0.527,0.636,-1,Echolocation,/mnt/ubna_data_01/recover-20220822/UBNA_001/20220819_100000.WAV,recover-20220822,UBNA_001,Telephone Field
1253.5035,1253.5107,48671.0,64145.0,Pipistrellus pipistrellus,0.427,0.597,-1,Echolocation,/mnt/ubna_data_01/recover-20220822/UBNA_001/20220819_100000.WAV,recover-20220822,UBNA_001,Telephone Field
1253.6835,1253.6893,48671.0,65529.0,Pipistrellus pipistrellus,0.541,0.623,-1,Echolocation,/mnt/ubna_data_01/recover-20220822/UBNA_001/20220819_100000.WAV,recover-20220822,UBNA_001,Telephone Field
1253.6995,1253.7076,40078.0,57021.0,Pipistrellus nathusii,0.47,0.531,-1,Echolocation,/mnt/ubna_data_01/recover-20220822/UBNA_001/20220819_100000.WAV,recover-20220822,UBNA_001,Telephone Field
1253.8835,1253.8893,37500.0,61495.0,Pipistrellus nathusii,0.441,0.522,-1,Echolocation,/mnt/ubna_data_01/recover-20220822/UBNA_001/20220819_100000.WAV,recover-20220822,UBNA_001,Telephone Field
1253.9415,1253.9475,48671.0,68811.0,Pipistrellus pipistrellus,0.439,0.609,-1,Echolocation,/mnt/ubna_data_01/recover-20220822/UBNA_001/20220819_100000.WAV,recover-20220822,UBNA_001,Telephone Field
1254.6555,1254.6593,49531.0,66345.0,Pipistrellus pipistrellus,0.423,0.546,-1,Echolocation,/mnt/ubna_data_01/recover-20220822/UBNA_001/20220819_100000.WAV,recover-20220822,UBNA_001,Telephone Field
1254.7185,1254.7235,48671.0,69944.0,Pipistrellus pipistrellus,0.553,0.638,-1,Echolocation,/mnt/ubna_data_01/recover-20220822/UBNA_001/20220819_100000.WAV,recover-20220822,UBNA_001,Telephone Field
1254.7855,1254.7902,47812.0,73390.0,Pipistrellus pipistrellus,0.507,0.577,-1,Echolocation,/mnt/ubna_data_01/recover-20220822/UBNA_001/20220819_100000.WAV,recover-20220822,UBNA_001,Telephone Field
1254.8555,1254.8604,47812.0,72535.0,Pipistrellus pipistrellus,0.572,0.656,-1,Echolocation,/mnt/ubna_data_01/recover-20220822/UBNA_001/20220819_100000.WAV,recover-20220822,UBNA_001,Telephone Field
1254.9215,1254.9267,47812.0,73624.0,Pipistrellus pipistrellus,0.45,0.57,-1,Echolocation,/mnt/ubna_data_01/recover-20220822/UBNA_001/20220819_100000.WAV,recover-20220822,UBNA_001,Telephone Field
1255.0215,1255.0255,46953.0,63913.0,Pipistrellus pipistrellus,0.476,0.569,-1,Echolocation,/mnt/ubna_data_01/recover-20220822/UBNA_001/20220819_100000.WAV,recover-20220822,UBNA_001,Telephone Field
1255.1685,1255.1731,47812.0,67131.0,Pipistrellus pipistrellus,0.515,0.654,-1,Echolocation,/mnt/ubna_data_01/recover-20220822/UBNA_001/20220819_100000.WAV,recover-20220822,UBNA_001,Telephone Field
1255.3225,1255.3269,48671.0,63453.0,Pipistrellus pipistrellus,0.553,0.597,-1,Echolocation,/mnt/ubna_data_01/recover-20220822/UBNA_001/20220819_100000.WAV,recover-20220822,UBNA_001,Telephone Field
1255.3805,1255.3883,38359.0,45680.0,Pipistrellus nathusii,0.396,0.507,-1,Echolocation,/mnt/ubna_data_01/recover-20220822/UBNA_001/20220819_100000.WAV,recover-20220822,UBNA_001,Telephone Field
1255.3945,1255.3989,48671.0,71528.0,Pipistrellus pipistrellus,0.549,0.594,-1,Echolocation,/mnt/ubna_data_01/recover-20220822/UBNA_001/20220819_100000.WAV,recover-20220822,UBNA_001,Telephone Field
1255.4695,1255.474,47812.0,72300.0,Pipistrellus pipistrellus,0.465,0.567,-1,Echolocation,/mnt/ubna_data_01/recover-20220822/UBNA_001/20220819_100000.WAV,recover-20220822,UBNA_001,Telephone Field
1255.6335,1255.6381,46093.0,68931.0,Pipistrellus pipistrellus,0.438,0.546,-1,Echolocation,/mnt/ubna_data_01/recover-20220822/UBNA_001/20220819_100000.WAV,recover-20220822,UBNA_001,Telephone Field
1256.3495,1256.3529,48671.0,65146.0,Pipistrellus pipistrellus,0.467,0.563,-1,Echolocation,/mnt/ubna_data_01/recover-20220822/UBNA_001/20220819_100000.WAV,recover-20220822,UBNA_001,Telephone Field
1256.4015,1256.4052,48671.0,68557.0,Pipistrellus pipistrellus,0.49,0.592,-1,Echolocation,/mnt/ubna_data_01/recover-20220822/UBNA_001/20220819_100000.WAV,recover-20220822,UBNA_001,Telephone Field
1256.4615,1256.4663,46953.0,64778.0,Pipistrellus pipistrellus,0.525,0.619,-1,Echolocation,/mnt/ubna_data_01/recover-20220822/UBNA_001/20220819_100000.WAV,recover-20220822,UBNA_001,Telephone Field
1256.7235,1256.7289,46953.0,68374.0,Pipistrellus pipistrellus,0.378,0.595,-1,Echolocation,/mnt/ubna_data_01/recover-20220822/UBNA_001/20220819_100000.WAV,recover-20220822,UBNA_001,Telephone Field
1256.9045,1256.9092,47812.0,63992.0,Pipistrellus pipistrellus,0.458,0.547,-1,Echolocation,/mnt/ubna_data_01/recover-20220822/UBNA_001/20220819_100000.WAV,recover-20220822,UBNA_001,Telephone Field
1258.1585,1258.1649,48671.0,68802.0,Pipistrellus nathusii,0.22,0.545,-1,Echolocation,/mnt/ubna_data_01/recover-20220822/UBNA_001/20220819_100000.WAV,recover-20220822,UBNA_001,Telephone Field
1258.3035,1258.3103,48671.0,71879.0,Pipistrellus nathusii,0.29,0.595,-1,Echolocation,/mnt/ubna_data_01/recover-20220822/UBNA_001/20220819_100000.WAV,recover-20220822,UBNA_001,Telephone Field
1258.4895,1258.497,48671.0,65196.0,Pipistrellus pipistrellus,0.365,0.617,-1,Echolocation,/mnt/ubna_data_01/recover-20220822/UBNA_001/20220819_100000.WAV,recover-20220822,UBNA_001,Telephone Field
1260.2155,1260.2224,40937.0,65586.0,Pipistrellus nathusii,0.46,0.661,-1,Echolocation,/mnt/ubna_data_01/recover-20220822/UBNA_001/20220819_100000.WAV,recover-20220822,UBNA_001,Telephone Field
1260.3075,1260.3142,40078.0,66533.0,Pipistrellus nathusii,0.4,0.586,-1,Echolocation,/mnt/ubna_data_01/recover-20220822/UBNA_001/20220819_100000.WAV,recover-20220822,UBNA_001,Telephone Field
1261.4415,1261.4485,39218.0,70475.0,Pipistrellus nathusii,0.337,0.527,-1,Echolocation,/mnt/ubna_data_01/recover-20220822/UBNA_001/20220819_100000.WAV,recover-20220822,UBNA_001,Telephone Field
1261.5475,1261.5549,38359.0,69113.0,Pipistrellus nathusii,0.414,0.584,-1,Echolocation,/mnt/ubna_data_01/recover-20220822/UBNA_001/20220819_100000.WAV,recover-20220822,UBNA_001,Telephone Field
1261.7425,1261.7496,35781.0,66480.0,Pipistrellus nathusii,0.284,0.554,-1,Echolocation,/mnt/ubna_data_01/recover-20220822/UBNA_001/20220819_100000.WAV,recover-20220822,UBNA_001,Telephone Field
1261.8435,1261.8496,40078.0,59462.0,Pipistrellus nathusii,0.394,0.509,-1,Echolocation,/mnt/ubna_data_01/recover-20220822/UBNA_001/20220819_100000.WAV,recover-20220822,UBNA_001,Telephone Field
1261.9355,1261.9417,40937.0,63733.0,Pipistrellus nathusii,0.329,0.606,-1,Echolocation,/mnt/ubna_data_01/recover-20220822/UBNA_001/20220819_100000.WAV,recover-20220822,UBNA_001,Telephone Field
1262.0075,1262.0162,42656.0,52239.0,Pipistrellus nathusii,0.477,0.574,-1,Echolocation,/mnt/ubna_data_01/recover-20220822/UBNA_001/20220819_100000.WAV,recover-20220822,UBNA_001,Telephone Field
1263.1425,1263.1499,41796.0,49957.0,Pipistrellus nathusii,0.415,0.503,-1,Echolocation,/mnt/ubna_data_01/recover-20220822/UBNA_001/20220819_100000.WAV,recover-20220822,UBNA_001,Telephone Field
1263.3965,1263.4013,49531.0,62688.0,Pipistrellus pipistrellus,0.425,0.553,-1,Echolocation,/mnt/ubna_data_01/recover-20220822/UBNA_001/20220819_100000.WAV,recover-20220822,UBNA_001,Telephone Field
1263.5655,1263.5743,47812.0,65228.0,Pipistrellus pipistrellus,0.241,0.582,-1,Echolocation,/mnt/ubna_data_01/recover-20220822/UBNA_001/20220819_100000.WAV,recover-20220822,UBNA_001,Telephone Field
1263.9385,1263.9444,48671.0,67423.0,Pipistrellus pipistrellus,0.449,0.594,-1,Echolocation,/mnt/ubna_data_01/recover-20220822/UBNA_001/20220819_100000.WAV,recover-20220822,UBNA_001,Telephone Field
1263.9875,1263.9921,47812.0,66338.0,Pipistrellus pipistrellus,0.408,0.51,-1,Echolocation,/mnt/ubna_data_01/recover-20220822/UBNA_001/20220819_100000.WAV,recover-20220822,UBNA_001,Telephone Field
1264.0235,1264.0276,47812.0,63764.0,Pipistrellus pipistrellus,0.551,0.611,-1,Echolocation,/mnt/ubna_data_01/recover-20220822/UBNA_001/20220819_100000.WAV,recover-20220822,UBNA_001,Telephone Field
1264.3525,1264.3574,51250.0,63916.0,Pipistrellus pipistrellus,0.482,0.562,-1,Echolocation,/mnt/ubna_data_01/recover-20220822/UBNA_001/20220819_100000.WAV,recover-20220822,UBNA_001,Telephone Field
1264.4155,1264.4209,48671.0,66832.0,Pipistrellus pipistrellus,0.521,0.656,-1,Echolocation,/mnt/ubna_data_01/recover-20220822/UBNA_001/20220819_100000.WAV,recover-20220822,UBNA_001,Telephone Field
1264.4865,1264.4919,49531.0,62918.0,Pipistrellus pipistrellus,0.488,0.617,-1,Echolocation,/mnt/ubna_data_01/recover-20220822/UBNA_001/20220819_100000.WAV,recover-20220822,UBNA_001,Telephone Field
1264.5615,1264.568,47812.0,62458.0,Pipistrellus pipistrellus,0.394,0.555,-1,Echolocation,/mnt/ubna_data_01/recover-20220822/UBNA_001/20220819_100000.WAV,recover-20220822,UBNA_001,Telephone Field
1264.6685,1264.6765,47812.0,65944.0,Pipistrellus pipistrellus,0.474,0.718,-1,Echolocation,/mnt/ubna_data_01/recover-20220822/UBNA_001/20220819_100000.WAV,recover-20220822,UBNA_001,Telephone Field
1264.7555,1264.7635,46093.0,62357.0,Pipistrellus pipistrellus,0.237,0.607,-1,Echolocation,/mnt/ubna_data_01/recover-20220822/UBNA_001/20220819_100000.WAV,recover-20220822,UBNA_001,Telephone Field
1264.8445,1264.852,46953.0,62711.0,Pipistrellus pipistrellus,0.334,0.54,-1,Echolocation,/mnt/ubna_data_01/recover-20220822/UBNA_001/20220819_100000.WAV,recover-20220822,UBNA_001,Telephone Field
1265.0975,1265.1066,42656.0,65181.0,Pipistrellus pipistrellus,0.206,0.54,-1,Echolocation,/mnt/ubna_data_01/recover-20220822/UBNA_001/20220819_100000.WAV,recover-20220822,UBNA_001,Telephone Field
1266.3515,1266.3569,40937.0,49162.0,Pipistrellus nathusii,0.462,0.526,-1,Echolocation,/mnt/ubna_data_01/recover-20220822/UBNA_001/20220819_100000.WAV,recover-20220822,UBNA_001,Telephone Field
1266.5985,1266.6026,48671.0,60116.0,Pipistrellus pipistrellus,0.447,0.575,-1,Echolocation,/mnt/ubna_data_01/recover-20220822/UBNA_001/20220819_100000.WAV,recover-20220822,UBNA_001,Telephone Field
1266.6805,1266.6843,47812.0,61981.0,Pipistrellus pipistrellus,0.459,0.544,-1,Echolocation,/mnt/ubna_data_01/recover-20220822/UBNA_001/20220819_100000.WAV,recover-20220822,UBNA_001,Telephone Field
1267.4985,1267.5044,43515.0,67971.0,Pipistrellus pipistrellus,0.487,0.697,-1,Echolocation,/mnt/ubna_data_01/recover-20220822/UBNA_001/20220819_100000.WAV,recover-20220822,UBNA_001,Telephone Field
1267.5775,1267.5814,52109.0,72650.0,Pipistrellus pipistrellus,0.398,0.587,-1,Echolocation,/mnt/ubna_data_01/recover-20220822/UBNA_001/20220819_100000.WAV,recover-20220822,UBNA_001,Telephone Field
1267.6505,1267.6555,43515.0,55161.0,Pipistrellus pipistrellus,0.445,0.661,-1,Echolocation,/mnt/ubna_data_01/recover-20220822/UBNA_001/20220819_100000.WAV,recover-20220822,UBNA_001,Telephone Field
1267.7765,1267.7818,43515.0,58959.0,Pipistrellus pipistrellus,0.581,0.721,-1,Echolocation,/mnt/ubna_data_01/recover-20220822/UBNA_001/20220819_100000.WAV,recover-20220822,UBNA_001,Telephone Field
1267.8815,1267.886,44375.0,57871.0,Pipistrellus pipistrellus,0.314,0.547,-1,Echolocation,/mnt/ubna_data_01/recover-20220822/UBNA_001/20220819_100000.WAV,recover-20220822,UBNA_001,Telephone Field
1267.9765,1267.9824,42656.0,64106.0,Pipistrellus nathusii,0.293,0.543,-1,Echolocation,/mnt/ubna_data_01/recover-20220822/UBNA_001/20220819_100000.WAV,recover-20220822,UBNA_001,Telephone Field
1268.0725,1268.0772,50390.0,88873.0,Myotis alcathoe,0.332,0.506,-1,Echolocation,/mnt/ubna_data_01/recover-20220822/UBNA_001/20220819_100000.WAV,recover-20220822,UBNA_001,Telephone Field
1268.1525,1268.1579,49531.0,94677.0,Myotis alcathoe,0.225,0.519,-1,Echolocation,/mnt/ubna_data_01/recover-20220822/UBNA_001/20220819_100000.WAV,recover-20220822,UBNA_001,Telephone Field
1268.2055,1268.211,48671.0,83812.0,Pipistrellus pipistrellus,0.376,0.615,-1,Echolocation,/mnt/ubna_data_01/recover-20220822/UBNA_001/20220819_100000.WAV,recover-20220822,UBNA_001,Telephone Field
1268.2545,1268.2605,43515.0,85103.0,Myotis alcathoe,0.208,0.525,-1,Echolocation,/mnt/ubna_data_01/recover-20220822/UBNA_001/20220819_100000.WAV,recover-20220822,UBNA_001,Telephone Field
1268.3755,1268.3811,43515.0,92809.0,Myotis alcathoe,0.23,0.517,-1,Echolocation,/mnt/ubna_data_01/recover-20220822/UBNA_001/20220819_100000.WAV,recover-20220822,UBNA_001,Telephone Field
1268.7055,1268.7103,48671.0,99907.0,Myotis alcathoe,0.284,0.538,-1,Echolocation,/mnt/ubna_data_01/recover-20220822/UBNA_001/20220819_100000.WAV,recover-20220822,UBNA_001,Telephone Field
1268.7475,1268.7531,47812.0,97169.0,Myotis alcathoe,0.295,0.568,-1,Echolocation,/mnt/ubna_data_01/recover-20220822/UBNA_001/20220819_100000.WAV,recover-20220822,UBNA_001,Telephone Field
1268.7685,1268.7737,36640.0,82781.0,Myotis brandtii,0.316,0.533,-1,Echolocation,/mnt/ubna_data_01/recover-20220822/UBNA_001/20220819_100000.WAV,recover-20220822,UBNA_001,Telephone Field
1268.8005,1268.804,51250.0,74717.0,Myotis alcathoe,0.231,0.503,-1,Echolocation,/mnt/ubna_data_01/recover-20220822/UBNA_001/20220819_100000.WAV,recover-20220822,UBNA_001,Telephone Field
1269.1035,1269.1077,48671.0,80934.0,Myotis alcathoe,0.235,0.533,-1,Echolocation,/mnt/ubna_data_01/recover-20220822/UBNA_001/20220819_100000.WAV,recover-20220822,UBNA_001,Telephone Field
1269.4655,1269.471,46093.0,80200.0,Myotis alcathoe,0.247,0.509,-1,Echolocation,/mnt/ubna_data_01/recover-20220822/UBNA_001/20220819_100000.WAV,recover-20220822,UBNA_001,Telephone Field
1269.7375,1269.7417,48671.0,66722.0,Pipistrellus pipistrellus,0.437,0.546,-1,Echolocation,/mnt/ubna_data_01/recover-20220822/UBNA_001/20220819_100000.WAV,recover-20220822,UBNA_001,Telephone Field
1269.8255,1269.8292,46953.0,64376.0,Pipistrellus pipistrellus,0.47,0.598,-1,Echolocation,/mnt/ubna_data_01/recover-20220822/UBNA_001/20220819_100000.WAV,recover-20220822,UBNA_001,Telephone Field
1269.9105,1269.9167,45234.0,71151.0,Pipistrellus pipistrellus,0.182,0.553,-1,Echolocation,/mnt/ubna_data_01/recover-20220822/UBNA_001/20220819_100000.WAV,recover-20220822,UBNA_001,Telephone Field
1270.0075,1270.0116,47812.0,60375.0,Pipistrellus pipistrellus,0.511,0.518,-1,Echolocation,/mnt/ubna_data_01/recover-20220822/UBNA_001/20220819_100000.WAV,recover-20220822,UBNA_001,Telephone Field
1270.0925,1270.0969,48671.0,64888.0,Pipistrellus pipistrellus,0.525,0.577,-1,Echolocation,/mnt/ubna_data_01/recover-20220822/UBNA_001/20220819_100000.WAV,recover-20220822,UBNA_001,Telephone Field
1270.1785,1270.1851,46953.0,65469.0,Pipistrellus pipistrellus,0.445,0.584,-1,Echolocation,/mnt/ubna_data_01/recover-20220822/UBNA_001/20220819_100000.WAV,recover-20220822,UBNA_001,Telephone Field
1270.2675,1270.2714,48671.0,59189.0,Pipistrellus pipistrellus,0.554,0.608,-1,Echolocation,/mnt/ubna_data_01/recover-20220822/UBNA_001/20220819_100000.WAV,recover-20220822,UBNA_001,Telephone Field
1270.4325,1270.437,47812.0,62304.0,Pipistrellus pipistrellus,0.566,0.617,-1,Echolocation,/mnt/ubna_data_01/recover-20220822/UBNA_001/20220819_100000.WAV,recover-20220822,UBNA_001,Telephone Field
1270.5225,1270.5294,48671.0,63681.0,Pipistrellus pipistrellus,0.454,0.593,-1,Echolocation,/mnt/ubna_data_01/recover-20220822/UBNA_001/20220819_100000.WAV,recover-20220822,UBNA_001,Telephone Field
1270.6155,1270.6199,48671.0,58178.0,Pipistrellus pipistrellus,0.561,0.587,-1,Echolocation,/mnt/ubna_data_01/recover-20220822/UBNA_001/20220819_100000.WAV,recover-20220822,UBNA_001,Telephone Field
1270.6555,1270.6616,38359.0,61143.0,Myotis daubentonii,0.233,0.522,-1,Echolocation,/mnt/ubna_data_01/recover-20220822/UBNA_001/20220819_100000.WAV,recover-20220822,UBNA_001,Telephone Field
1270.7885,1270.7935,47812.0,63912.0,Pipistrellus pipistrellus,0.564,0.67,-1,Echolocation,/mnt/ubna_data_01/recover-20220822/UBNA_001/20220819_100000.WAV,recover-20220822,UBNA_001,Telephone Field
1270.8415,1270.8462,46953.0,63406.0,Pipistrellus pipistrellus,0.388,0.502,-1,Echolocation,/mnt/ubna_data_01/recover-20220822/UBNA_001/20220819_100000.WAV,recover-20220822,UBNA_001,Telephone Field
1270.8985,1270.9032,46953.0,60015.0,Pipistrellus pipistrellus,0.604,0.639,-1,Echolocation,/mnt/ubna_data_01/recover-20220822/UBNA_001/20220819_100000.WAV,recover-20220822,UBNA_001,Telephone Field
1271.0415,1271.0457,47812.0,60032.0,Pipistrellus pipistrellus,0.487,0.528,-1,Echolocation,/mnt/ubna_data_01/recover-20220822/UBNA_001/20220819_100000.WAV,recover-20220822,UBNA_001,Telephone Field
1271.2685,1271.2730999999999,46953.0,65301.0,Pipistrellus pipistrellus,0.597,0.673,-1,Echolocation,/mnt/ubna_data_01/recover-20220822/UBNA_001/20220819_100000.WAV,recover-20220822,UBNA_001,Telephone Field
1271.3335,1271.3376,46953.0,63490.0,Pipistrellus pipistrellus,0.552,0.621,-1,Echolocation,/mnt/ubna_data_01/recover-20220822/UBNA_001/20220819_100000.WAV,recover-20220822,UBNA_001,Telephone Field
1271.3945,1271.399,46093.0,66581.0,Pipistrellus pipistrellus,0.495,0.586,-1,Echolocation,/mnt/ubna_data_01/recover-20220822/UBNA_001/20220819_100000.WAV,recover-20220822,UBNA_001,Telephone Field
1271.4815,1271.487,46953.0,69270.0,Pipistrellus pipistrellus,0.325,0.542,-1,Echolocation,/mnt/ubna_data_01/recover-20220822/UBNA_001/20220819_100000.WAV,recover-20220822,UBNA_001,Telephone Field
1271.5375,1271.5423,46953.0,69507.0,Pipistrellus pipistrellus,0.244,0.55,-1,Echolocation,/mnt/ubna_data_01/recover-20220822/UBNA_001/20220819_100000.WAV,recover-20220822,UBNA_001,Telephone Field
1271.5835,1271.5877,46093.0,67045.0,Pipistrellus pipistrellus,0.422,0.515,-1,Echolocation,/mnt/ubna_data_01/recover-20220822/UBNA_001/20220819_100000.WAV,recover-20220822,UBNA_001,Telephone Field
1271.8125,1271.8185,40078.0,60517.0,Pipistrellus nathusii,0.139,0.516,-1,Echolocation,/mnt/ubna_data_01/recover-20220822/UBNA_001/20220819_100000.WAV,recover-20220822,UBNA_001,Telephone Field
1272.3585,1272.3632,48671.0,70868.0,Pipistrellus pipistrellus,0.41,0.563,-1,Echolocation,/mnt/ubna_data_01/recover-20220822/UBNA_001/20220819_100000.WAV,recover-20220822,UBNA_001,Telephone Field
1272.4275,1272.4324,47812.0,62551.0,Pipistrellus pipistrellus,0.378,0.525,-1,Echolocation,/mnt/ubna_data_01/recover-20220822/UBNA_001/20220819_100000.WAV,recover-20220822,UBNA_001,Telephone Field
1273.3185,1273.3232,47812.0,55388.0,Pipistrellus pipistrellus,0.459,0.52,-1,Echolocation,/mnt/ubna_data_01/recover-20220822/UBNA_001/20220819_100000.WAV,recover-20220822,UBNA_001,Telephone Field
1273.5005,1273.5047,47812.0,78370.0,Pipistrellus pipistrellus,0.303,0.589,-1,Echolocation,/mnt/ubna_data_01/recover-20220822/UBNA_001/20220819_100000.WAV,recover-20220822,UBNA_001,Telephone Field
1273.7165,1273.7216,46953.0,55017.0,Pipistrellus pipistrellus,0.495,0.543,-1,Echolocation,/mnt/ubna_data_01/recover-20220822/UBNA_001/20220819_100000.WAV,recover-20220822,UBNA_001,Telephone Field
1273.7395,1273.7449,45234.0,87939.0,Myotis alcathoe,0.375,0.522,-1,Echolocation,/mnt/ubna_data_01/recover-20220822/UBNA_001/20220819_100000.WAV,recover-20220822,UBNA_001,Telephone Field
1273.9925,1273.9975,46953.0,70206.0,Pipistrellus pipistrellus,0.566,0.645,-1,Echolocation,/mnt/ubna_data_01/recover-20220822/UBNA_001/20220819_100000.WAV,recover-20220822,UBNA_001,Telephone Field
1274.0705,1274.0767,46093.0,79433.0,Pipistrellus pipistrellus,0.523,0.612,-1,Echolocation,/mnt/ubna_data_01/recover-20220822/UBNA_001/20220819_100000.WAV,recover-20220822,UBNA_001,Telephone Field
1274.1615,1274.166,47812.0,65878.0,Pipistrellus pipistrellus,0.611,0.653,-1,Echolocation,/mnt/ubna_data_01/recover-20220822/UBNA_001/20220819_100000.WAV,recover-20220822,UBNA_001,Telephone Field
1274.1995,1274.2057,39218.0,73469.0,Myotis daubentonii,0.178,0.551,-1,Echolocation,/mnt/ubna_data_01/recover-20220822/UBNA_001/20220819_100000.WAV,recover-20220822,UBNA_001,Telephone Field
1274.2755,1274.2816,46953.0,76364.0,Pipistrellus pipistrellus,0.56,0.638,-1,Echolocation,/mnt/ubna_data_01/recover-20220822/UBNA_001/20220819_100000.WAV,recover-20220822,UBNA_001,Telephone Field
1274.3565,1274.3606,48671.0,69442.0,Pipistrellus pipistrellus,0.477,0.541,-1,Echolocation,/mnt/ubna_data_01/recover-20220822/UBNA_001/20220819_100000.WAV,recover-20220822,UBNA_001,Telephone Field
1274.3745,1274.3804,45234.0,56070.0,Pipistrellus pipistrellus,0.46,0.542,-1,Echolocation,/mnt/ubna_data_01/recover-20220822/UBNA_001/20220819_100000.WAV,recover-20220822,UBNA_001,Telephone Field
1274.4405,1274.4446,50390.0,64781.0,Pipistrellus pipistrellus,0.543,0.606,-1,Echolocation,/mnt/ubna_data_01/recover-20220822/UBNA_001/20220819_100000.WAV,recover-20220822,UBNA_001,Telephone Field
1274.5865,1274.5919,42656.0,67572.0,Pipistrellus pipistrellus,0.441,0.578,-1,Echolocation,/mnt/ubna_data_01/recover-20220822/UBNA_001/20220819_100000.WAV,recover-20220822,UBNA_001,Telephone Field
1274.6165,1274.6222,51250.0,68481.0,Pipistrellus pipistrellus,0.401,0.517,-1,Echolocation,/mnt/ubna_data_01/recover-20220822/UBNA_001/20220819_100000.WAV,recover-20220822,UBNA_001,Telephone Field
1274.6525,1274.6574,46093.0,56936.0,Pipistrellus pipistrellus,0.517,0.542,-1,Echolocation,/mnt/ubna_data_01/recover-20220822/UBNA_001/20220819_100000.WAV,recover-20220822,UBNA_001,Telephone Field
1274.7065,1274.7121,40937.0,67869.0,Pipistrellus pipistrellus,0.318,0.504,-1,Echolocation,/mnt/ubna_data_01/recover-20220822/UBNA_001/20220819_100000.WAV,recover-20220822,UBNA_001,Telephone Field
1274.8145,1274.8209,41796.0,71138.0,Pipistrellus pipistrellus,0.361,0.54,-1,Echolocation,/mnt/ubna_data_01/recover-20220822/UBNA_001/20220819_100000.WAV,recover-20220822,UBNA_001,Telephone Field
1274.9185,1274.9262,40078.0,75270.0,Pipistrellus pipistrellus,0.244,0.527,-1,Echolocation,/mnt/ubna_data_01/recover-20220822/UBNA_001/20220819_100000.WAV,recover-20220822,UBNA_001,Telephone Field
1275.1135,1275.1204,38359.0,80827.0,Pipistrellus pipistrellus,0.247,0.55,-1,Echolocation,/mnt/ubna_data_01/recover-20220822/UBNA_001/20220819_100000.WAV,recover-20220822,UBNA_001,Telephone Field
1275.2335,1275.2399,39218.0,78647.0,Pipistrellus pipistrellus,0.275,0.577,-1,Echolocation,/mnt/ubna_data_01/recover-20220822/UBNA_001/20220819_100000.WAV,recover-20220822,UBNA_001,Telephone Field
1275.3155,1275.3228,36640.0,78730.0,Pipistrellus pipistrellus,0.214,0.579,-1,Echolocation,/mnt/ubna_data_01/recover-20220822/UBNA_001/20220819_100000.WAV,recover-20220822,UBNA_001,Telephone Field
1275.4085,1275.4161,38359.0,85088.0,Pipistrellus pipistrellus,0.197,0.526,-1,Echolocation,/mnt/ubna_data_01/recover-20220822/UBNA_001/20220819_100000.WAV,recover-20220822,UBNA_001,Telephone Field
1275.4995,1275.5067,38359.0,85411.0,Pipistrellus pipistrellus,0.238,0.542,-1,Echolocation,/mnt/ubna_data_01/recover-20220822/UBNA_001/20220819_100000.WAV,recover-20220822,UBNA_001,Telephone Field
1275.6735,1275.6801,40937.0,71585.0,Pipistrellus pipistrellus,0.422,0.551,-1,Echolocation,/mnt/ubna_data_01/recover-20220822/UBNA_001/20220819_100000.WAV,recover-20220822,UBNA_001,Telephone Field
1275.7095,1275.714,48671.0,63197.0,Pipistrellus pipistrellus,0.501,0.562,-1,Echolocation,/mnt/ubna_data_01/recover-20220822/UBNA_001/20220819_100000.WAV,recover-20220822,UBNA_001,Telephone Field
1275.7465,1275.7528,40937.0,68087.0,Pipistrellus pipistrellus,0.314,0.552,-1,Echolocation,/mnt/ubna_data_01/recover-20220822/UBNA_001/20220819_100000.WAV,recover-20220822,UBNA_001,Telephone Field
1275.8085,1275.8146,40937.0,72360.0,Pipistrellus pipistrellus,0.291,0.575,-1,Echolocation,/mnt/ubna_data_01/recover-20220822/UBNA_001/20220819_100000.WAV,recover-20220822,UBNA_001,Telephone Field
1275.8645,1275.8704,41796.0,64952.0,Pipistrellus pipistrellus,0.508,0.6,-1,Echolocation,/mnt/ubna_data_01/recover-20220822/UBNA_001/20220819_100000.WAV,recover-20220822,UBNA_001,Telephone Field
1276.2125,1276.2167,47812.0,65352.0,Pipistrellus pipistrellus,0.445,0.538,-1,Echolocation,/mnt/ubna_data_01/recover-20220822/UBNA_001/20220819_100000.WAV,recover-20220822,UBNA_001,Telephone Field
1276.2975,1276.303,46953.0,65053.0,Pipistrellus pipistrellus,0.417,0.574,-1,Echolocation,/mnt/ubna_data_01/recover-20220822/UBNA_001/20220819_100000.WAV,recover-20220822,UBNA_001,Telephone Field
1276.3315,1276.3384,40078.0,62339.0,Myotis daubentonii,0.243,0.5,-1,Echolocation,/mnt/ubna_data_01/recover-20220822/UBNA_001/20220819_100000.WAV,recover-20220822,UBNA_001,Telephone Field
1276.3725,1276.3778,46093.0,65146.0,Pipistrellus pipistrellus,0.384,0.505,-1,Echolocation,/mnt/ubna_data_01/recover-20220822/UBNA_001/20220819_100000.WAV,recover-20220822,UBNA_001,Telephone Field
1276.4705,1276.4762,46093.0,62675.0,Pipistrellus pipistrellus,0.471,0.589,-1,Echolocation,/mnt/ubna_data_01/recover-20220822/UBNA_001/20220819_100000.WAV,recover-20220822,UBNA_001,Telephone Field
1276.4975,1276.5043,40937.0,72307.0,Pipistrellus pipistrellus,0.349,0.59,-1,Echolocation,/mnt/ubna_data_01/recover-20220822/UBNA_001/20220819_100000.WAV,recover-20220822,UBNA_001,Telephone Field
1276.5565,1276.5628,46093.0,63987.0,Pipistrellus pipistrellus,0.514,0.689,-1,Echolocation,/mnt/ubna_data_01/recover-20220822/UBNA_001/20220819_100000.WAV,recover-20220822,UBNA_001,Telephone Field
1276.7845,1276.7913,40078.0,69074.0,Pipistrellus pipistrellus,0.345,0.595,-1,Echolocation,/mnt/ubna_data_01/recover-20220822/UBNA_001/20220819_100000.WAV,recover-20220822,UBNA_001,Telephone Field
1276.8825,1276.8891,40937.0,70988.0,Pipistrellus pipistrellus,0.317,0.567,-1,Echolocation,/mnt/ubna_data_01/recover-20220822/UBNA_001/20220819_100000.WAV,recover-20220822,UBNA_001,Telephone Field
1276.9825,1276.9884,45234.0,67731.0,Pipistrellus pipistrellus,0.336,0.585,-1,Echolocation,/mnt/ubna_data_01/recover-20220822/UBNA_001/20220819_100000.WAV,recover-20220822,UBNA_001,Telephone Field
1277.0285,1277.0366,40937.0,65268.0,Pipistrellus pipistrellus,0.206,0.542,-1,Echolocation,/mnt/ubna_data_01/recover-20220822/UBNA_001/20220819_100000.WAV,recover-20220822,UBNA_001,Telephone Field
1277.0865,1277.0918,46953.0,64842.0,Pipistrellus pipistrellus,0.346,0.539,-1,Echolocation,/mnt/ubna_data_01/recover-20220822/UBNA_001/20220819_100000.WAV,recover-20220822,UBNA_001,Telephone Field
1277.2145,1277.2217,39218.0,63152.0,Myotis daubentonii,0.194,0.513,-1,Echolocation,/mnt/ubna_data_01/recover-20220822/UBNA_001/20220819_100000.WAV,recover-20220822,UBNA_001,Telephone Field
1277.3125,1277.3193,38359.0,68547.0,Myotis daubentonii,0.302,0.515,-1,Echolocation,/mnt/ubna_data_01/recover-20220822/UBNA_001/20220819_100000.WAV,recover-20220822,UBNA_001,Telephone Field
1277.4615,1277.4678,46093.0,68771.0,Pipistrellus pipistrellus,0.523,0.655,-1,Echolocation,/mnt/ubna_data_01/recover-20220822/UBNA_001/20220819_100000.WAV,recover-20220822,UBNA_001,Telephone Field
1277.5485,1277.5526,48671.0,62234.0,Pipistrellus pipistrellus,0.478,0.567,-1,Echolocation,/mnt/ubna_data_01/recover-20220822/UBNA_001/20220819_100000.WAV,recover-20220822,UBNA_001,Telephone Field
1277.5955,1277.6025,38359.0,60758.0,Pipistrellus nathusii,0.221,0.529,-1,Echolocation,/mnt/ubna_data_01/recover-20220822/UBNA_001/20220819_100000.WAV,recover-20220822,UBNA_001,Telephone Field
1277.7035,1277.7105,42656.0,61558.0,Pipistrellus pipistrellus,0.219,0.507,-1,Echolocation,/mnt/ubna_data_01/recover-20220822/UBNA_001/20220819_100000.WAV,recover-20220822,UBNA_001,Telephone Field
1277.7395,1277.7454,46953.0,64968.0,Pipistrellus pipistrellus,0.408,0.588,-1,Echolocation,/mnt/ubna_data_01/recover-20220822/UBNA_001/20220819_100000.WAV,recover-20220822,UBNA_001,Telephone Field
1278.0735,1278.0782,48671.0,62597.0,Pipistrellus pipistrellus,0.503,0.618,-1,Echolocation,/mnt/ubna_data_01/recover-20220822/UBNA_001/20220819_100000.WAV,recover-20220822,UBNA_001,Telephone Field
1278.1315,1278.1353,52968.0,70405.0,Pipistrellus pipistrellus,0.381,0.561,-1,Echolocation,/mnt/ubna_data_01/recover-20220822/UBNA_001/20220819_100000.WAV,recover-20220822,UBNA_001,Telephone Field
1278.1815,1278.1864,49531.0,77176.0,Pipistrellus pipistrellus,0.39,0.529,-1,Echolocation,/mnt/ubna_data_01/recover-20220822/UBNA_001/20220819_100000.WAV,recover-20220822,UBNA_001,Telephone Field
1278.2365,1278.2413,46953.0,58553.0,Pipistrellus pipistrellus,0.502,0.567,-1,Echolocation,/mnt/ubna_data_01/recover-20220822/UBNA_001/20220819_100000.WAV,recover-20220822,UBNA_001,Telephone Field
1278.5515,1278.5578,46093.0,80735.0,Pipistrellus pipistrellus,0.312,0.532,-1,Echolocation,/mnt/ubna_data_01/recover-20220822/UBNA_001/20220819_100000.WAV,recover-20220822,UBNA_001,Telephone Field
1278.6075,1278.6137,45234.0,87382.0,Pipistrellus pipistrellus,0.273,0.529,-1,Echolocation,/mnt/ubna_data_01/recover-20220822/UBNA_001/20220819_100000.WAV,recover-20220822,UBNA_001,Telephone Field
1278.7445,1278.7509,41796.0,78098.0,Pipistrellus pipistrellus,0.397,0.602,-1,Echolocation,/mnt/ubna_data_01/recover-20220822/UBNA_001/20220819_100000.WAV,recover-20220822,UBNA_001,Telephone Field
1278.9025,1278.9085,47812.0,74263.0,Pipistrellus pipistrellus,0.573,0.679,-1,Echolocation,/mnt/ubna_data_01/recover-20220822/UBNA_001/20220819_100000.WAV,recover-20220822,UBNA_001,Telephone Field
1278.9835,1278.9881,46093.0,66581.0,Pipistrellus pipistrellus,0.49,0.589,-1,Echolocation,/mnt/ubna_data_01/recover-20220822/UBNA_001/20220819_100000.WAV,recover-20220822,UBNA_001,Telephone Field
1279.0685,1279.0744,46953.0,75458.0,Pipistrellus pipistrellus,0.493,0.604,-1,Echolocation,/mnt/ubna_data_01/recover-20220822/UBNA_001/20220819_100000.WAV,recover-20220822,UBNA_001,Telephone Field
1279.1105,1279.1163999999999,40078.0,67039.0,Pipistrellus pipistrellus,0.203,0.54,-1,Echolocation,/mnt/ubna_data_01/recover-20220822/UBNA_001/20220819_100000.WAV,recover-20220822,UBNA_001,Telephone Field
1279.2465,1279.2512,48671.0,68107.0,Pipistrellus pipistrellus,0.54,0.631,-1,Echolocation,/mnt/ubna_data_01/recover-20220822/UBNA_001/20220819_100000.WAV,recover-20220822,UBNA_001,Telephone Field
1279.3345,1279.3418,46093.0,69241.0,Pipistrellus pipistrellus,0.3,0.664,-1,Echolocation,/mnt/ubna_data_01/recover-20220822/UBNA_001/20220819_100000.WAV,recover-20220822,UBNA_001,Telephone Field
1279.4225,1279.4275,47812.0,66573.0,Pipistrellus pipistrellus,0.327,0.611,-1,Echolocation,/mnt/ubna_data_01/recover-20220822/UBNA_001/20220819_100000.WAV,recover-20220822,UBNA_001,Telephone Field
1279.5245,1279.5284,50390.0,65915.0,Pipistrellus pipistrellus,0.457,0.528,-1,Echolocation,/mnt/ubna_data_01/recover-20220822/UBNA_001/20220819_100000.WAV,recover-20220822,UBNA_001,Telephone Field
1279.5735,1279.5778,50390.0,65539.0,Pipistrellus pipistrellus,0.483,0.546,-1,Echolocation,/mnt/ubna_data_01/recover-20220822/UBNA_001/20220819_100000.WAV,recover-20220822,UBNA_001,Telephone Field
1279.6695,1279.6736,50390.0,62675.0,Pipistrellus pipistrellus,0.474,0.522,-1,Echolocation,/mnt/ubna_data_01/recover-20220822/UBNA_001/20220819_100000.WAV,recover-20220822,UBNA_001,Telephone Field
1279.7275,1279.7345,40937.0,67060.0,Pipistrellus nathusii,0.168,0.514,-1,Echolocation,/mnt/ubna_data_01/recover-20220822/UBNA_001/20220819_100000.WAV,recover-20220822,UBNA_001,Telephone Field
1279.9495,1279.9533,51250.0,71982.0,Pipistrellus pipistrellus,0.391,0.538,-1,Echolocation,/mnt/ubna_data_01/recover-20220822/UBNA_001/20220819_100000.WAV,recover-20220822,UBNA_001,Telephone Field
1280.2535,1280.2594,44375.0,73137.0,Pipistrellus pipistrellus,0.357,0.562,-1,Echolocation,/mnt/ubna_data_01/recover-20220822/UBNA_001/20220819_100000.WAV,recover-20220822,UBNA_001,Telephone Field
1280.3275,1280.3326,43515.0,68695.0,Pipistrellus pipistrellus,0.297,0.53,-1,Echolocation,/mnt/ubna_data_01/recover-20220822/UBNA_001/20220819_100000.WAV,recover-20220822,UBNA_001,Telephone Field
1280.4425,1280.4484,41796.0,63748.0,Pipistrellus pipistrellus,0.31,0.561,-1,Echolocation,/mnt/ubna_data_01/recover-20220822/UBNA_001/20220819_100000.WAV,recover-20220822,UBNA_001,Telephone Field
1280.6155,1280.6231,42656.0,68388.0,Pipistrellus pipistrellus,0.206,0.585,-1,Echolocation,/mnt/ubna_data_01/recover-20220822/UBNA_001/20220819_100000.WAV,recover-20220822,UBNA_001,Telephone Field
1280.7785,1280.7824,48671.0,70383.0,Pipistrellus pipistrellus,0.471,0.566,-1,Echolocation,/mnt/ubna_data_01/recover-20220822/UBNA_001/20220819_100000.WAV,recover-20220822,UBNA_001,Telephone Field
1280.8415,1280.8457,51250.0,70127.0,Pipistrellus pipistrellus,0.355,0.563,-1,Echolocation,/mnt/ubna_data_01/recover-20220822/UBNA_001/20220819_100000.WAV,recover-20220822,UBNA_001,Telephone Field
1280.9225,1280.9279,48671.0,65191.0,Pipistrellus pipistrellus,0.421,0.55,-1,Echolocation,/mnt/ubna_data_01/recover-20220822/UBNA_001/20220819_100000.WAV,recover-20220822,UBNA_001,Telephone Field
1280.9765,1280.9837,40078.0,73371.0,Pipistrellus pipistrellus,0.287,0.557,-1,Echolocation,/mnt/ubna_data_01/recover-20220822/UBNA_001/20220819_100000.WAV,recover-20220822,UBNA_001,Telephone Field
1281.0005,1281.0063,54687.0,68864.0,Pipistrellus pygmaeus,0.67,0.686,-1,Echolocation,/mnt/ubna_data_01/recover-20220822/UBNA_001/20220819_100000.WAV,recover-20220822,UBNA_001,Telephone Field
1281.2315,1281.2384,41796.0,65292.0,Pipistrellus nathusii,0.248,0.516,-1,Echolocation,/mnt/ubna_data_01/recover-20220822/UBNA_001/20220819_100000.WAV,recover-20220822,UBNA_001,Telephone Field
1281.3375,1281.3422,51250.0,61966.0,Pipistrellus pipistrellus,0.367,0.527,-1,Echolocation,/mnt/ubna_data_01/recover-20220822/UBNA_001/20220819_100000.WAV,recover-20220822,UBNA_001,Telephone Field
1281.5065,1281.5128,38359.0,61631.0,Pipistrellus nathusii,0.221,0.507,-1,Echolocation,/mnt/ubna_data_01/recover-20220822/UBNA_001/20220819_100000.WAV,recover-20220822,UBNA_001,Telephone Field
1281.6215,1281.6259,48671.0,67771.0,Pipistrellus pipistrellus,0.44,0.55,-1,Echolocation,/mnt/ubna_data_01/recover-20220822/UBNA_001/20220819_100000.WAV,recover-20220822,UBNA_001,Telephone Field
1282.0535,1282.0568,48671.0,59767.0,Pipistrellus pipistrellus,0.447,0.55,-1,Echolocation,/mnt/ubna_data_01/recover-20220822/UBNA_001/20220819_100000.WAV,recover-20220822,UBNA_001,Telephone Field
1282.2595,1282.265,48671.0,60806.0,Pipistrellus pipistrellus,0.404,0.515,-1,Echolocation,/mnt/ubna_data_01/recover-20220822/UBNA_001/20220819_100000.WAV,recover-20220822,UBNA_001,Telephone Field
1282.4665,1282.4762,40937.0,51481.0,Pipistrellus nathusii,0.358,0.501,-1,Echolocation,/mnt/ubna_data_01/recover-20220822/UBNA_001/20220819_100000.WAV,recover-20220822,UBNA_001,Telephone Field
1282.8935,1282.8979,49531.0,60535.0,Pipistrellus pipistrellus,0.372,0.502,-1,Echolocation,/mnt/ubna_data_01/recover-20220822/UBNA_001/20220819_100000.WAV,recover-20220822,UBNA_001,Telephone Field
1283.7045,1283.7113,43515.0,54346.0,Pipistrellus pipistrellus,0.192,0.502,-1,Echolocation,/mnt/ubna_data_01/recover-20220822/UBNA_001/20220819_100000.WAV,recover-20220822,UBNA_001,Telephone Field
1283.8465,1283.8516,48671.0,58251.0,Pipistrellus pipistrellus,0.463,0.65,-1,Echolocation,/mnt/ubna_data_01/recover-20220822/UBNA_001/20220819_100000.WAV,recover-20220822,UBNA_001,Telephone Field
1284.4595,1284.4652,46953.0,56201.0,Pipistrellus pipistrellus,0.473,0.522,-1,Echolocation,/mnt/ubna_data_01/recover-20220822/UBNA_001/20220819_100000.WAV,recover-20220822,UBNA_001,Telephone Field
1284.6445,1284.6506,47812.0,61070.0,Pipistrellus pipistrellus,0.493,0.615,-1,Echolocation,/mnt/ubna_data_01/recover-20220822/UBNA_001/20220819_100000.WAV,recover-20220822,UBNA_001,Telephone Field
1284.7925,1284.7993,41796.0,59610.0,Pipistrellus nathusii,0.31,0.543,-1,Echolocation,/mnt/ubna_data_01/recover-20220822/UBNA_001/20220819_100000.WAV,recover-20220822,UBNA_001,Telephone Field
1284.9785,1284.9878,41796.0,62755.0,Pipistrellus nathusii,0.198,0.516,-1,Echolocation,/mnt/ubna_data_01/recover-20220822/UBNA_001/20220819_100000.WAV,recover-20220822,UBNA_001,Telephone Field
1285.0705,1285.0785,41796.0,60427.0,Pipistrellus pipistrellus,0.168,0.511,-1,Echolocation,/mnt/ubna_data_01/recover-20220822/UBNA_001/20220819_100000.WAV,recover-20220822,UBNA_001,Telephone Field
1285.1855,1285.1919,44375.0,59246.0,Pipistrellus pipistrellus,0.444,0.669,-1,Echolocation,/mnt/ubna_data_01/recover-20220822/UBNA_001/20220819_100000.WAV,recover-20220822,UBNA_001,Telephone Field
1285.2435,1285.2523,40937.0,62611.0,Pipistrellus pipistrellus,0.196,0.508,-1,Echolocation,/mnt/ubna_data_01/recover-20220822/UBNA_001/20220819_100000.WAV,recover-20220822,UBNA_001,Telephone Field
1285.3215,1285.3287,41796.0,63058.0,Pipistrellus pipistrellus,0.205,0.524,-1,Echolocation,/mnt/ubna_data_01/recover-20220822/UBNA_001/20220819_100000.WAV,recover-20220822,UBNA_001,Telephone Field
1285.5125,1285.5204,38359.0,66385.0,Pipistrellus nathusii,0.271,0.505,-1,Echolocation,/mnt/ubna_data_01/recover-20220822/UBNA_001/20220819_100000.WAV,recover-20220822,UBNA_001,Telephone Field
1285.5775,1285.5828,46093.0,57231.0,Pipistrellus pipistrellus,0.461,0.549,-1,Echolocation,/mnt/ubna_data_01/recover-20220822/UBNA_001/20220819_100000.WAV,recover-20220822,UBNA_001,Telephone Field
1285.6755,1285.68,46953.0,61790.0,Pipistrellus pipistrellus,0.494,0.574,-1,Echolocation,/mnt/ubna_data_01/recover-20220822/UBNA_001/20220819_100000.WAV,recover-20220822,UBNA_001,Telephone Field
1285.8545,1285.8621,45234.0,64693.0,Pipistrellus pipistrellus,0.31,0.593,-1,Echolocation,/mnt/ubna_data_01/recover-20220822/UBNA_001/20220819_100000.WAV,recover-20220822,UBNA_001,Telephone Field
1286.1205,1286.1265,45234.0,66048.0,Pipistrellus pipistrellus,0.235,0.631,-1,Echolocation,/mnt/ubna_data_01/recover-20220822/UBNA_001/20220819_100000.WAV,recover-20220822,UBNA_001,Telephone Field
1286.5895,1286.5955,39218.0,58769.0,Pipistrellus nathusii,0.408,0.549,-1,Echolocation,/mnt/ubna_data_01/recover-20220822/UBNA_001/20220819_100000.WAV,recover-20220822,UBNA_001,Telephone Field
1286.6855,1286.6923,38359.0,53974.0,Pipistrellus nathusii,0.225,0.518,-1,Echolocation,/mnt/ubna_data_01/recover-20220822/UBNA_001/20220819_100000.WAV,recover-20220822,UBNA_001,Telephone Field
1286.7825,1286.7887,38359.0,63503.0,Pipistrellus nathusii,0.275,0.571,-1,Echolocation,/mnt/ubna_data_01/recover-20220822/UBNA_001/20220819_100000.WAV,recover-20220822,UBNA_001,Telephone Field
1287.0585,1287.0646,38359.0,63316.0,Pipistrellus nathusii,0.311,0.53,-1,Echolocation,/mnt/ubna_data_01/recover-20220822/UBNA_001/20220819_100000.WAV,recover-20220822,UBNA_001,Telephone Field
1287.1205,1287.1248,47812.0,63023.0,Pipistrellus pipistrellus,0.398,0.604,-1,Echolocation,/mnt/ubna_data_01/recover-20220822/UBNA_001/20220819_100000.WAV,recover-20220822,UBNA_001,Telephone Field
1287.2975,1287.3018,45234.0,67759.0,Pipistrellus pipistrellus,0.236,0.538,-1,Echolocation,/mnt/ubna_data_01/recover-20220822/UBNA_001/20220819_100000.WAV,recover-20220822,UBNA_001,Telephone Field
1288.0055,1288.0129,39218.0,71698.0,Pipistrellus nathusii,0.301,0.527,-1,Echolocation,/mnt/ubna_data_01/recover-20220822/UBNA_001/20220819_100000.WAV,recover-20220822,UBNA_001,Telephone Field
1288.0895,1288.0976,39218.0,69431.0,Pipistrellus nathusii,0.424,0.526,-1,Echolocation,/mnt/ubna_data_01/recover-20220822/UBNA_001/20220819_100000.WAV,recover-20220822,UBNA_001,Telephone Field
1288.3475,1288.3553,38359.0,69980.0,Pipistrellus nathusii,0.449,0.547,-1,Echolocation,/mnt/ubna_data_01/recover-20220822/UBNA_001/20220819_100000.WAV,recover-20220822,UBNA_001,Telephone Field
1288.9785,1288.9868,37500.0,71279.0,Pipistrellus nathusii,0.393,0.533,-1,Echolocation,/mnt/ubna_data_01/recover-20220822/UBNA_001/20220819_100000.WAV,recover-20220822,UBNA_001,Telephone Field
1289.0795,1289.0877,38359.0,67521.0,Pipistrellus nathusii,0.399,0.549,-1,Echolocation,/mnt/ubna_data_01/recover-20220822/UBNA_001/20220819_100000.WAV,recover-20220822,UBNA_001,Telephone Field
1289.1645,1289.1731,40937.0,60390.0,Pipistrellus nathusii,0.378,0.534,-1,Echolocation,/mnt/ubna_data_01/recover-20220822/UBNA_001/20220819_100000.WAV,recover-20220822,UBNA_001,Telephone Field
1289.2405,1289.2466,40937.0,64643.0,Pipistrellus nathusii,0.357,0.513,-1,Echolocation,/mnt/ubna_data_01/recover-20220822/UBNA_001/20220819_100000.WAV,recover-20220822,UBNA_001,Telephone Field
1289.7425,1289.75,39218.0,64493.0,Pipistrellus nathusii,0.343,0.552,-1,Echolocation,/mnt/ubna_data_01/recover-20220822/UBNA_001/20220819_100000.WAV,recover-20220822,UBNA_001,Telephone Field
1289.8305,1289.8378,37500.0,63527.0,Pipistrellus nathusii,0.383,0.527,-1,Echolocation,/mnt/ubna_data_01/recover-20220822/UBNA_001/20220819_100000.WAV,recover-20220822,UBNA_001,Telephone Field
1289.9225,1289.9301,38359.0,50587.0,Pipistrellus nathusii,0.513,0.59,-1,Echolocation,/mnt/ubna_data_01/recover-20220822/UBNA_001/20220819_100000.WAV,recover-20220822,UBNA_001,Telephone Field
1290.0435,1290.0505,43515.0,51748.0,Pipistrellus nathusii,0.375,0.519,-1,Echolocation,/mnt/ubna_data_01/recover-20220822/UBNA_001/20220819_100000.WAV,recover-20220822,UBNA_001,Telephone Field
1290.0985,1290.1053,37500.0,56304.0,Pipistrellus nathusii,0.448,0.52,-1,Echolocation,/mnt/ubna_data_01/recover-20220822/UBNA_001/20220819_100000.WAV,recover-20220822,UBNA_001,Telephone Field
1290.2665,1290.2741,43515.0,53929.0,Pipistrellus nathusii,0.346,0.567,-1,Echolocation,/mnt/ubna_data_01/recover-20220822/UBNA_001/20220819_100000.WAV,recover-20220822,UBNA_001,Telephone Field
1290.3375,1290.3452,43515.0,53163.0,Pipistrellus nathusii,0.233,0.578,-1,Echolocation,/mnt/ubna_data_01/recover-20220822/UBNA_001/20220819_100000.WAV,recover-20220822,UBNA_001,Telephone Field
1290.6745,1290.6821,40937.0,47701.0,Pipistrellus nathusii,0.518,0.603,-1,Echolocation,/mnt/ubna_data_01/recover-20220822/UBNA_001/20220819_100000.WAV,recover-20220822,UBNA_001,Telephone Field
1290.8665,1290.8737,39218.0,54076.0,Pipistrellus nathusii,0.466,0.515,-1,Echolocation,/mnt/ubna_data_01/recover-20220822/UBNA_001/20220819_100000.WAV,recover-20220822,UBNA_001,Telephone Field
1291.0475,1291.0546,39218.0,55883.0,Pipistrellus nathusii,0.339,0.535,-1,Echolocation,/mnt/ubna_data_01/recover-20220822/UBNA_001/20220819_100000.WAV,recover-20220822,UBNA_001,Telephone Field
1291.1465,1291.1554,40078.0,56674.0,Pipistrellus nathusii,0.383,0.539,-1,Echolocation,/mnt/ubna_data_01/recover-20220822/UBNA_001/20220819_100000.WAV,recover-20220822,UBNA_001,Telephone Field
1291.3295,1291.3361,38359.0,55003.0,Pipistrellus nathusii,0.478,0.55,-1,Echolocation,/mnt/ubna_data_01/recover-20220822/UBNA_001/20220819_100000.WAV,recover-20220822,UBNA_001,Telephone Field
1291.4285,1291.4351,39218.0,54168.0,Pipistrellus nathusii,0.406,0.545,-1,Echolocation,/mnt/ubna_data_01/recover-20220822/UBNA_001/20220819_100000.WAV,recover-20220822,UBNA_001,Telephone Field
1291.5235,1291.5316,38359.0,64295.0,Pipistrellus nathusii,0.438,0.565,-1,Echolocation,/mnt/ubna_data_01/recover-20220822/UBNA_001/20220819_100000.WAV,recover-20220822,UBNA_001,Telephone Field
1291.7005,1291.7083,39218.0,59971.0,Pipistrellus nathusii,0.407,0.577,-1,Echolocation,/mnt/ubna_data_01/recover-20220822/UBNA_001/20220819_100000.WAV,recover-20220822,UBNA_001,Telephone Field
1291.8885,1291.8954,38359.0,59274.0,Pipistrellus nathusii,0.36,0.527,-1,Echolocation,/mnt/ubna_data_01/recover-20220822/UBNA_001/20220819_100000.WAV,recover-20220822,UBNA_001,Telephone Field
1292.0675,1292.0741,38359.0,70865.0,Pipistrellus nathusii,0.324,0.57,-1,Echolocation,/mnt/ubna_data_01/recover-20220822/UBNA_001/20220819_100000.WAV,recover-20220822,UBNA_001,Telephone Field
1292.1645,1292.1713,38359.0,67108.0,Pipistrellus nathusii,0.363,0.603,-1,Echolocation,/mnt/ubna_data_01/recover-20220822/UBNA_001/20220819_100000.WAV,recover-20220822,UBNA_001,Telephone Field
1292.3435,1292.3499,38359.0,69690.0,Pipistrellus nathusii,0.235,0.566,-1,Echolocation,/mnt/ubna_data_01/recover-20220822/UBNA_001/20220819_100000.WAV,recover-20220822,UBNA_001,Telephone Field
1292.5355,1292.5415,36640.0,66075.0,Myotis daubentonii,0.242,0.52,-1,Echolocation,/mnt/ubna_data_01/recover-20220822/UBNA_001/20220819_100000.WAV,recover-20220822,UBNA_001,Telephone Field
1294.1665,1294.1731,39218.0,54392.0,Pipistrellus nathusii,0.332,0.513,-1,Echolocation,/mnt/ubna_data_01/recover-20220822/UBNA_001/20220819_100000.WAV,recover-20220822,UBNA_001,Telephone Field
1294.2615,1294.2677,38359.0,55453.0,Pipistrellus nathusii,0.325,0.531,-1,Echolocation,/mnt/ubna_data_01/recover-20220822/UBNA_001/20220819_100000.WAV,recover-20220822,UBNA_001,Telephone Field
1294.8285,1294.8351,38359.0,58543.0,Pipistrellus nathusii,0.313,0.512,-1,Echolocation,/mnt/ubna_data_01/recover-20220822/UBNA_001/20220819_100000.WAV,recover-20220822,UBNA_001,Telephone Field
1294.9315,1294.9384,40078.0,63333.0,Pipistrellus nathusii,0.467,0.553,-1,Echolocation,/mnt/ubna_data_01/recover-20220822/UBNA_001/20220819_100000.WAV,recover-20220822,UBNA_001,Telephone Field
1295.0335,1295.0406,39218.0,65037.0,Pipistrellus nathusii,0.371,0.579,-1,Echolocation,/mnt/ubna_data_01/recover-20220822/UBNA_001/20220819_100000.WAV,recover-20220822,UBNA_001,Telephone Field
1295.1145,1295.1222,40078.0,65309.0,Pipistrellus nathusii,0.469,0.55,-1,Echolocation,/mnt/ubna_data_01/recover-20220822/UBNA_001/20220819_100000.WAV,recover-20220822,UBNA_001,Telephone Field
1295.2615,1295.2685,40937.0,67926.0,Pipistrellus nathusii,0.442,0.557,-1,Echolocation,/mnt/ubna_data_01/recover-20220822/UBNA_001/20220819_100000.WAV,recover-20220822,UBNA_001,Telephone Field
1295.3465,1295.3546,40078.0,65859.0,Pipistrellus nathusii,0.555,0.592,-1,Echolocation,/mnt/ubna_data_01/recover-20220822/UBNA_001/20220819_100000.WAV,recover-20220822,UBNA_001,Telephone Field
1295.4365,1295.4447,39218.0,65872.0,Pipistrellus nathusii,0.483,0.598,-1,Echolocation,/mnt/ubna_data_01/recover-20220822/UBNA_001/20220819_100000.WAV,recover-20220822,UBNA_001,Telephone Field
1295.5135,1295.5208,39218.0,74123.0,Pipistrellus nathusii,0.464,0.568,-1,Echolocation,/mnt/ubna_data_01/recover-20220822/UBNA_001/20220819_100000.WAV,recover-20220822,UBNA_001,Telephone Field
1295.6295,1295.6359,39218.0,69224.0,Pipistrellus nathusii,0.48,0.561,-1,Echolocation,/mnt/ubna_data_01/recover-20220822/UBNA_001/20220819_100000.WAV,recover-20220822,UBNA_001,Telephone Field
1295.7665,1295.774,40078.0,66272.0,Pipistrellus nathusii,0.468,0.589,-1,Echolocation,/mnt/ubna_data_01/recover-20220822/UBNA_001/20220819_100000.WAV,recover-20220822,UBNA_001,Telephone Field
1295.8425,1295.8492,40078.0,68143.0,Pipistrellus nathusii,0.493,0.566,-1,Echolocation,/mnt/ubna_data_01/recover-20220822/UBNA_001/20220819_100000.WAV,recover-20220822,UBNA_001,Telephone Field
1296.7105,1296.7169,37500.0,65842.0,Pipistrellus nathusii,0.289,0.541,-1,Echolocation,/mnt/ubna_data_01/recover-20220822/UBNA_001/20220819_100000.WAV,recover-20220822,UBNA_001,Telephone Field
1297.0295,1297.0349,46953.0,53339.0,Pipistrellus pipistrellus,0.485,0.53,-1,Echolocation,/mnt/ubna_data_01/recover-20220822/UBNA_001/20220819_100000.WAV,recover-20220822,UBNA_001,Telephone Field
1297.1905,1297.1975,38359.0,69476.0,Pipistrellus nathusii,0.25,0.517,-1,Echolocation,/mnt/ubna_data_01/recover-20220822/UBNA_001/20220819_100000.WAV,recover-20220822,UBNA_001,Telephone Field
1298.0285,1298.0351,38359.0,76420.0,Myotis daubentonii,0.361,0.522,-1,Echolocation,/mnt/ubna_data_01/recover-20220822/UBNA_001/20220819_100000.WAV,recover-20220822,UBNA_001,Telephone Field
1299.3105,1299.3168,34921.0,62167.0,Pipistrellus nathusii,0.216,0.567,-1,Echolocation,/mnt/ubna_data_01/recover-20220822/UBNA_001/20220819_100000.WAV,recover-20220822,UBNA_001,Telephone Field
1299.3965,1299.4047,37500.0,63100.0,Pipistrellus nathusii,0.385,0.516,-1,Echolocation,/mnt/ubna_data_01/recover-20220822/UBNA_001/20220819_100000.WAV,recover-20220822,UBNA_001,Telephone Field
1299.6645,1299.6713,42656.0,53466.0,Pipistrellus nathusii,0.47,0.535,-1,Echolocation,/mnt/ubna_data_01/recover-20220822/UBNA_001/20220819_100000.WAV,recover-20220822,UBNA_001,Telephone Field
1299.7665,1299.7734,37500.0,63699.0,Pipistrellus nathusii,0.376,0.517,-1,Echolocation,/mnt/ubna_data_01/recover-20220822/UBNA_001/20220819_100000.WAV,recover-20220822,UBNA_001,Telephone Field
1299.8685,1299.8762,38359.0,52501.0,Pipistrellus nathusii,0.344,0.518,-1,Echolocation,/mnt/ubna_data_01/recover-20220822/UBNA_001/20220819_100000.WAV,recover-20220822,UBNA_001,Telephone Field
1300.0605,1300.0709,39218.0,59432.0,Pipistrellus nathusii,0.461,0.562,-1,Echolocation,/mnt/ubna_data_01/recover-20220822/UBNA_001/20220819_100000.WAV,recover-20220822,UBNA_001,Telephone Field
1300.1415,1300.1483,41796.0,55943.0,Pipistrellus nathusii,0.512,0.562,-1,Echolocation,/mnt/ubna_data_01/recover-20220822/UBNA_001/20220819_100000.WAV,recover-20220822,UBNA_001,Telephone Field
1300.2225,1300.229,41796.0,54946.0,Pipistrellus nathusii,0.574,0.59,-1,Echolocation,/mnt/ubna_data_01/recover-20220822/UBNA_001/20220819_100000.WAV,recover-20220822,UBNA_001,Telephone Field
1300.2595,1300.2669,36640.0,55425.0,Pipistrellus nathusii,0.466,0.568,-1,Echolocation,/mnt/ubna_data_01/recover-20220822/UBNA_001/20220819_100000.WAV,recover-20220822,UBNA_001,Telephone Field
1300.3035,1300.3112,41796.0,61512.0,Pipistrellus nathusii,0.509,0.595,-1,Echolocation,/mnt/ubna_data_01/recover-20220822/UBNA_001/20220819_100000.WAV,recover-20220822,UBNA_001,Telephone Field
1300.3615,1300.3715,38359.0,57931.0,Pipistrellus nathusii,0.403,0.533,-1,Echolocation,/mnt/ubna_data_01/recover-20220822/UBNA_001/20220819_100000.WAV,recover-20220822,UBNA_001,Telephone Field
1300.3905,1300.3983,41796.0,51944.0,Pipistrellus nathusii,0.631,0.661,-1,Echolocation,/mnt/ubna_data_01/recover-20220822/UBNA_001/20220819_100000.WAV,recover-20220822,UBNA_001,Telephone Field
1300.4635,1300.4713,37500.0,52209.0,Pipistrellus nathusii,0.467,0.511,-1,Echolocation,/mnt/ubna_data_01/recover-20220822/UBNA_001/20220819_100000.WAV,recover-20220822,UBNA_001,Telephone Field
1300.5455,1300.5531,41796.0,56442.0,Pipistrellus nathusii,0.563,0.618,-1,Echolocation,/mnt/ubna_data_01/recover-20220822/UBNA_001/20220819_100000.WAV,recover-20220822,UBNA_001,Telephone Field
1300.8435,1300.8541,38359.0,45007.0,Pipistrellus nathusii,0.487,0.507,-1,Echolocation,/mnt/ubna_data_01/recover-20220822/UBNA_001/20220819_100000.WAV,recover-20220822,UBNA_001,Telephone Field
1300.9365,1300.9444,38359.0,55691.0,Pipistrellus nathusii,0.527,0.623,-1,Echolocation,/mnt/ubna_data_01/recover-20220822/UBNA_001/20220819_100000.WAV,recover-20220822,UBNA_001,Telephone Field
1301.0275,1301.0354,39218.0,57807.0,Pipistrellus nathusii,0.52,0.604,-1,Echolocation,/mnt/ubna_data_01/recover-20220822/UBNA_001/20220819_100000.WAV,recover-20220822,UBNA_001,Telephone Field
1301.1275,1301.135,38359.0,60039.0,Pipistrellus nathusii,0.401,0.569,-1,Echolocation,/mnt/ubna_data_01/recover-20220822/UBNA_001/20220819_100000.WAV,recover-20220822,UBNA_001,Telephone Field
1301.2265,1301.2333,38359.0,58738.0,Pipistrellus nathusii,0.478,0.574,-1,Echolocation,/mnt/ubna_data_01/recover-20220822/UBNA_001/20220819_100000.WAV,recover-20220822,UBNA_001,Telephone Field
1301.3245,1301.332,37500.0,52010.0,Pipistrellus nathusii,0.482,0.595,-1,Echolocation,/mnt/ubna_data_01/recover-20220822/UBNA_001/20220819_100000.WAV,recover-20220822,UBNA_001,Telephone Field
1301.5035,1301.5123,39218.0,62838.0,Pipistrellus nathusii,0.423,0.567,-1,Echolocation,/mnt/ubna_data_01/recover-20220822/UBNA_001/20220819_100000.WAV,recover-20220822,UBNA_001,Telephone Field
1301.6005,1301.6077,38359.0,63951.0,Pipistrellus nathusii,0.465,0.588,-1,Echolocation,/mnt/ubna_data_01/recover-20220822/UBNA_001/20220819_100000.WAV,recover-20220822,UBNA_001,Telephone Field
1301.6905,1301.6985,39218.0,66804.0,Pipistrellus nathusii,0.494,0.59,-1,Echolocation,/mnt/ubna_data_01/recover-20220822/UBNA_001/20220819_100000.WAV,recover-20220822,UBNA_001,Telephone Field
1301.9555,1301.962,38359.0,65327.0,Pipistrellus nathusii,0.405,0.509,-1,Echolocation,/mnt/ubna_data_01/recover-20220822/UBNA_001/20220819_100000.WAV,recover-20220822,UBNA_001,Telephone Field
1302.1515,1302.1587,38359.0,76545.0,Pipistrellus nathusii,0.223,0.52,-1,Echolocation,/mnt/ubna_data_01/recover-20220822/UBNA_001/20220819_100000.WAV,recover-20220822,UBNA_001,Telephone Field
1302.2465,1302.2538,38359.0,72231.0,Pipistrellus nathusii,0.274,0.519,-1,Echolocation,/mnt/ubna_data_01/recover-20220822/UBNA_001/20220819_100000.WAV,recover-20220822,UBNA_001,Telephone Field
1302.8675,1302.8752,39218.0,72942.0,Pipistrellus nathusii,0.41,0.558,-1,Echolocation,/mnt/ubna_data_01/recover-20220822/UBNA_001/20220819_100000.WAV,recover-20220822,UBNA_001,Telephone Field
1302.9565,1302.964,36640.0,71903.0,Pipistrellus nathusii,0.356,0.505,-1,Echolocation,/mnt/ubna_data_01/recover-20220822/UBNA_001/20220819_100000.WAV,recover-20220822,UBNA_001,Telephone Field
1303.0505,1303.0584,37500.0,69169.0,Pipistrellus nathusii,0.429,0.564,-1,Echolocation,/mnt/ubna_data_01/recover-20220822/UBNA_001/20220819_100000.WAV,recover-20220822,UBNA_001,Telephone Field
1303.4185,1303.4255,38359.0,74655.0,Pipistrellus nathusii,0.475,0.53,-1,Echolocation,/mnt/ubna_data_01/recover-20220822/UBNA_001/20220819_100000.WAV,recover-20220822,UBNA_001,Telephone Field
1303.7885,1303.796,35781.0,80170.0,Myotis daubentonii,0.287,0.534,-1,Echolocation,/mnt/ubna_data_01/recover-20220822/UBNA_001/20220819_100000.WAV,recover-20220822,UBNA_001,Telephone Field
1304.0405,1304.0465,34921.0,80475.0,Myotis brandtii,0.467,0.58,-1,Echolocation,/mnt/ubna_data_01/recover-20220822/UBNA_001/20220819_100000.WAV,recover-20220822,UBNA_001,Telephone Field
1304.3035,1304.3104,35781.0,83758.0,Myotis brandtii,0.441,0.574,-1,Echolocation,/mnt/ubna_data_01/recover-20220822/UBNA_001/20220819_100000.WAV,recover-20220822,UBNA_001,Telephone Field
1304.3925,1304.3996,35781.0,85890.0,Myotis brandtii,0.434,0.514,-1,Echolocation,/mnt/ubna_data_01/recover-20220822/UBNA_001/20220819_100000.WAV,recover-20220822,UBNA_001,Telephone Field
1304.4575,1304.4644,37500.0,89008.0,Myotis brandtii,0.46,0.536,-1,Echolocation,/mnt/ubna_data_01/recover-20220822/UBNA_001/20220819_100000.WAV,recover-20220822,UBNA_001,Telephone Field
1305.4545,1305.4602,36640.0,68044.0,Myotis brandtii,0.397,0.513,-1,Echolocation,/mnt/ubna_data_01/recover-20220822/UBNA_001/20220819_100000.WAV,recover-20220822,UBNA_001,Telephone Field
1306.0555,1306.0638,40937.0,57199.0,Pipistrellus nathusii,0.489,0.541,-1,Echolocation,/mnt/ubna_data_01/recover-20220822/UBNA_001/20220819_100000.WAV,recover-20220822,UBNA_001,Telephone Field
1306.2385,1306.246,42656.0,60092.0,Pipistrellus nathusii,0.439,0.545,-1,Echolocation,/mnt/ubna_data_01/recover-20220822/UBNA_001/20220819_100000.WAV,recover-20220822,UBNA_001,Telephone Field
1306.7225,1306.7284,40078.0,52211.0,Pipistrellus nathusii,0.319,0.512,-1,Echolocation,/mnt/ubna_data_01/recover-20220822/UBNA_001/20220819_100000.WAV,recover-20220822,UBNA_001,Telephone Field
1307.2075,1307.2139,39218.0,53105.0,Pipistrellus nathusii,0.311,0.552,-1,Echolocation,/mnt/ubna_data_01/recover-20220822/UBNA_001/20220819_100000.WAV,recover-20220822,UBNA_001,Telephone Field
1307.3865,1307.3923,37500.0,45963.0,Pipistrellus nathusii,0.277,0.51,-1,Echolocation,/mnt/ubna_data_01/recover-20220822/UBNA_001/20220819_100000.WAV,recover-20220822,UBNA_001,Telephone Field
1308.6345,1308.6402,40078.0,64246.0,Pipistrellus pipistrellus,0.137,0.503,-1,Echolocation,/mnt/ubna_data_01/recover-20220822/UBNA_001/20220819_100000.WAV,recover-20220822,UBNA_001,Telephone Field
1308.8405,1308.846,46093.0,56744.0,Pipistrellus pipistrellus,0.429,0.531,-1,Echolocation,/mnt/ubna_data_01/recover-20220822/UBNA_001/20220819_100000.WAV,recover-20220822,UBNA_001,Telephone Field
1308.9035,1308.908,46093.0,59446.0,Pipistrellus pipistrellus,0.503,0.553,-1,Echolocation,/mnt/ubna_data_01/recover-20220822/UBNA_001/20220819_100000.WAV,recover-20220822,UBNA_001,Telephone Field
1309.0285,1309.0341,39218.0,62334.0,Myotis daubentonii,0.204,0.537,-1,Echolocation,/mnt/ubna_data_01/recover-20220822/UBNA_001/20220819_100000.WAV,recover-20220822,UBNA_001,Telephone Field
1309.1075,1309.1134,40078.0,60117.0,Pipistrellus pipistrellus,0.148,0.515,-1,Echolocation,/mnt/ubna_data_01/recover-20220822/UBNA_001/20220819_100000.WAV,recover-20220822,UBNA_001,Telephone Field
1309.1365,1309.142,46953.0,56038.0,Pipistrellus pipistrellus,0.526,0.579,-1,Echolocation,/mnt/ubna_data_01/recover-20220822/UBNA_001/20220819_100000.WAV,recover-20220822,UBNA_001,Telephone Field
1309.1945,1309.1999,40078.0,66429.0,Myotis daubentonii,0.15,0.506,-1,Echolocation,/mnt/ubna_data_01/recover-20220822/UBNA_001/20220819_100000.WAV,recover-20220822,UBNA_001,Telephone Field
1309.2745,1309.2814,40078.0,61513.0,Pipistrellus nathusii,0.139,0.515,-1,Echolocation,/mnt/ubna_data_01/recover-20220822/UBNA_001/20220819_100000.WAV,recover-20220822,UBNA_001,Telephone Field
1309.3705,1309.377,40937.0,65656.0,Pipistrellus pipistrellus,0.195,0.528,-1,Echolocation,/mnt/ubna_data_01/recover-20220822/UBNA_001/20220819_100000.WAV,recover-20220822,UBNA_001,Telephone Field
1310.1895,1310.1956,41796.0,68904.0,Pipistrellus pipistrellus,0.423,0.521,-1,Echolocation,/mnt/ubna_data_01/recover-20220822/UBNA_001/20220819_100000.WAV,recover-20220822,UBNA_001,Telephone Field
1311.1255,1311.1323,37500.0,79673.0,Myotis daubentonii,0.313,0.509,-1,Echolocation,/mnt/ubna_data_01/recover-20220822/UBNA_001/20220819_100000.WAV,recover-20220822,UBNA_001,Telephone Field
1311.3165,1311.3236,36640.0,77596.0,Myotis daubentonii,0.322,0.504,-1,Echolocation,/mnt/ubna_data_01/recover-20220822/UBNA_001/20220819_100000.WAV,recover-20220822,UBNA_001,Telephone Field
1311.7785,1311.7849,37500.0,71087.0,Myotis daubentonii,0.378,0.524,-1,Echolocation,/mnt/ubna_data_01/recover-20220822/UBNA_001/20220819_100000.WAV,recover-20220822,UBNA_001,Telephone Field
1312.1585,1312.1683,41796.0,64208.0,Pipistrellus nathusii,0.419,0.506,-1,Echolocation,/mnt/ubna_data_01/recover-20220822/UBNA_001/20220819_100000.WAV,recover-20220822,UBNA_001,Telephone Field
1312.9945,1313.0023,39218.0,51313.0,Pipistrellus nathusii,0.279,0.502,-1,Echolocation,/mnt/ubna_data_01/recover-20220822/UBNA_001/20220819_100000.WAV,recover-20220822,UBNA_001,Telephone Field
1314.3475,1314.3545,40937.0,50625.0,Pipistrellus nathusii,0.49,0.559,-1,Echolocation,/mnt/ubna_data_01/recover-20220822/UBNA_001/20220819_100000.WAV,recover-20220822,UBNA_001,Telephone Field
1314.5355,1314.5437,40937.0,54542.0,Pipistrellus nathusii,0.549,0.643,-1,Echolocation,/mnt/ubna_data_01/recover-20220822/UBNA_001/20220819_100000.WAV,recover-20220822,UBNA_001,Telephone Field
1314.6355,1314.6427,41796.0,54470.0,Pipistrellus nathusii,0.384,0.554,-1,Echolocation,/mnt/ubna_data_01/recover-20220822/UBNA_001/20220819_100000.WAV,recover-20220822,UBNA_001,Telephone Field
1314.8245,1314.8319,40078.0,56003.0,Pipistrellus nathusii,0.32,0.525,-1,Echolocation,/mnt/ubna_data_01/recover-20220822/UBNA_001/20220819_100000.WAV,recover-20220822,UBNA_001,Telephone Field
1314.9255,1314.9329,39218.0,54953.0,Pipistrellus nathusii,0.303,0.531,-1,Echolocation,/mnt/ubna_data_01/recover-20220822/UBNA_001/20220819_100000.WAV,recover-20220822,UBNA_001,Telephone Field
1315.1225,1315.1287,38359.0,57720.0,Pipistrellus nathusii,0.51,0.604,-1,Echolocation,/mnt/ubna_data_01/recover-20220822/UBNA_001/20220819_100000.WAV,recover-20220822,UBNA_001,Telephone Field
1315.2305,1315.2372,39218.0,57889.0,Pipistrellus nathusii,0.429,0.547,-1,Echolocation,/mnt/ubna_data_01/recover-20220822/UBNA_001/20220819_100000.WAV,recover-20220822,UBNA_001,Telephone Field
1316.3975,1316.4039,40078.0,60026.0,Pipistrellus nathusii,0.433,0.555,-1,Echolocation,/mnt/ubna_data_01/recover-20220822/UBNA_001/20220819_100000.WAV,recover-20220822,UBNA_001,Telephone Field
1316.5305,1316.5377,38359.0,64713.0,Pipistrellus nathusii,0.38,0.536,-1,Echolocation,/mnt/ubna_data_01/recover-20220822/UBNA_001/20220819_100000.WAV,recover-20220822,UBNA_001,Telephone Field
1316.6215,1316.6282,38359.0,67091.0,Pipistrellus nathusii,0.406,0.548,-1,Echolocation,/mnt/ubna_data_01/recover-20220822/UBNA_001/20220819_100000.WAV,recover-20220822,UBNA_001,Telephone Field
1316.7105,1316.7166,38359.0,61954.0,Pipistrellus nathusii,0.517,0.618,-1,Echolocation,/mnt/ubna_data_01/recover-20220822/UBNA_001/20220819_100000.WAV,recover-20220822,UBNA_001,Telephone Field
1316.8025,1316.8094,38359.0,64160.0,Pipistrellus nathusii,0.421,0.523,-1,Echolocation,/mnt/ubna_data_01/recover-20220822/UBNA_001/20220819_100000.WAV,recover-20220822,UBNA_001,Telephone Field
1317.2965,1317.3035,40078.0,65382.0,Pipistrellus nathusii,0.379,0.586,-1,Echolocation,/mnt/ubna_data_01/recover-20220822/UBNA_001/20220819_100000.WAV,recover-20220822,UBNA_001,Telephone Field
1317.4135,1317.4203,37500.0,65329.0,Pipistrellus nathusii,0.353,0.501,-1,Echolocation,/mnt/ubna_data_01/recover-20220822/UBNA_001/20220819_100000.WAV,recover-20220822,UBNA_001,Telephone Field
1317.5035,1317.5106,39218.0,67085.0,Pipistrellus nathusii,0.3,0.533,-1,Echolocation,/mnt/ubna_data_01/recover-20220822/UBNA_001/20220819_100000.WAV,recover-20220822,UBNA_001,Telephone Field
1317.6015,1317.6084,38359.0,73547.0,Pipistrellus nathusii,0.451,0.536,-1,Echolocation,/mnt/ubna_data_01/recover-20220822/UBNA_001/20220819_100000.WAV,recover-20220822,UBNA_001,Telephone Field
1317.6945,1317.7014,38359.0,73330.0,Pipistrellus nathusii,0.404,0.509,-1,Echolocation,/mnt/ubna_data_01/recover-20220822/UBNA_001/20220819_100000.WAV,recover-20220822,UBNA_001,Telephone Field
1318.5545,1318.5617,40937.0,69763.0,Pipistrellus nathusii,0.324,0.566,-1,Echolocation,/mnt/ubna_data_01/recover-20220822/UBNA_001/20220819_100000.WAV,recover-20220822,UBNA_001,Telephone Field
1318.6435,1318.6508,39218.0,68837.0,Pipistrellus nathusii,0.466,0.568,-1,Echolocation,/mnt/ubna_data_01/recover-20220822/UBNA_001/20220819_100000.WAV,recover-20220822,UBNA_001,Telephone Field
1318.7315,1318.7393,38359.0,67645.0,Pipistrellus nathusii,0.417,0.562,-1,Echolocation,/mnt/ubna_data_01/recover-20220822/UBNA_001/20220819_100000.WAV,recover-20220822,UBNA_001,Telephone Field
1318.8225,1318.8299,37500.0,70598.0,Pipistrellus nathusii,0.409,0.54,-1,Echolocation,/mnt/ubna_data_01/recover-20220822/UBNA_001/20220819_100000.WAV,recover-20220822,UBNA_001,Telephone Field
1319.2135,1319.2204,37500.0,67664.0,Pipistrellus nathusii,0.255,0.554,-1,Echolocation,/mnt/ubna_data_01/recover-20220822/UBNA_001/20220819_100000.WAV,recover-20220822,UBNA_001,Telephone Field
1319.3505,1319.3575,37500.0,66861.0,Myotis daubentonii,0.219,0.506,-1,Echolocation,/mnt/ubna_data_01/recover-20220822/UBNA_001/20220819_100000.WAV,recover-20220822,UBNA_001,Telephone Field
1320.2295,1320.236,34921.0,68569.0,Myotis daubentonii,0.213,0.546,-1,Echolocation,/mnt/ubna_data_01/recover-20220822/UBNA_001/20220819_100000.WAV,recover-20220822,UBNA_001,Telephone Field
1320.3345,1320.3412,36640.0,65651.0,Pipistrellus nathusii,0.237,0.532,-1,Echolocation,/mnt/ubna_data_01/recover-20220822/UBNA_001/20220819_100000.WAV,recover-20220822,UBNA_001,Telephone Field
1320.6225,1320.6294,38359.0,65976.0,Pipistrellus nathusii,0.345,0.54,-1,Echolocation,/mnt/ubna_data_01/recover-20220822/UBNA_001/20220819_100000.WAV,recover-20220822,UBNA_001,Telephone Field
1320.7895,1320.7969,36640.0,59386.0,Pipistrellus nathusii,0.336,0.529,-1,Echolocation,/mnt/ubna_data_01/recover-20220822/UBNA_001/20220819_100000.WAV,recover-20220822,UBNA_001,Telephone Field
1320.8855,1320.8939,38359.0,55602.0,Pipistrellus nathusii,0.559,0.631,-1,Echolocation,/mnt/ubna_data_01/recover-20220822/UBNA_001/20220819_100000.WAV,recover-20220822,UBNA_001,Telephone Field
1321.1735,1321.1822,39218.0,51941.0,Pipistrellus nathusii,0.492,0.554,-1,Echolocation,/mnt/ubna_data_01/recover-20220822/UBNA_001/20220819_100000.WAV,recover-20220822,UBNA_001,Telephone Field
1321.3685,1321.3773,39218.0,51698.0,Pipistrellus nathusii,0.422,0.505,-1,Echolocation,/mnt/ubna_data_01/recover-20220822/UBNA_001/20220819_100000.WAV,recover-20220822,UBNA_001,Telephone Field
1321.4705,1321.4763,36640.0,58283.0,Pipistrellus nathusii,0.428,0.599,-1,Echolocation,/mnt/ubna_data_01/recover-20220822/UBNA_001/20220819_100000.WAV,recover-20220822,UBNA_001,Telephone Field
1321.9725,1321.9794,37500.0,46986.0,Pipistrellus nathusii,0.343,0.529,-1,Echolocation,/mnt/ubna_data_01/recover-20220822/UBNA_001/20220819_100000.WAV,recover-20220822,UBNA_001,Telephone Field
1322.4385,1322.4445,37500.0,54675.0,Pipistrellus nathusii,0.174,0.508,-1,Echolocation,/mnt/ubna_data_01/recover-20220822/UBNA_001/20220819_100000.WAV,recover-20220822,UBNA_001,Telephone Field
1323.2705,1323.277,36640.0,65418.0,Myotis daubentonii,0.25,0.501,-1,Echolocation,/mnt/ubna_data_01/recover-20220822/UBNA_001/20220819_100000.WAV,recover-20220822,UBNA_001,Telephone Field
1323.5465,1323.5526,40937.0,61075.0,Pipistrellus nathusii,0.233,0.502,-1,Echolocation,/mnt/ubna_data_01/recover-20220822/UBNA_001/20220819_100000.WAV,recover-20220822,UBNA_001,Telephone Field
1323.6355,1323.6422,38359.0,66093.0,Pipistrellus nathusii,0.228,0.508,-1,Echolocation,/mnt/ubna_data_01/recover-20220822/UBNA_001/20220819_100000.WAV,recover-20220822,UBNA_001,Telephone Field
1323.7305,1323.7372,37500.0,65877.0,Myotis daubentonii,0.192,0.5,-1,Echolocation,/mnt/ubna_data_01/recover-20220822/UBNA_001/20220819_100000.WAV,recover-20220822,UBNA_001,Telephone Field
1323.8285,1323.8355,38359.0,67595.0,Pipistrellus nathusii,0.204,0.505,-1,Echolocation,/mnt/ubna_data_01/recover-20220822/UBNA_001/20220819_100000.WAV,recover-20220822,UBNA_001,Telephone Field
1324.4365,1324.4434,36640.0,78650.0,Myotis daubentonii,0.433,0.519,-1,Echolocation,/mnt/ubna_data_01/recover-20220822/UBNA_001/20220819_100000.WAV,recover-20220822,UBNA_001,Telephone Field
1326.0865,1326.0927,36640.0,76199.0,Myotis daubentonii,0.391,0.513,-1,Echolocation,/mnt/ubna_data_01/recover-20220822/UBNA_001/20220819_100000.WAV,recover-20220822,UBNA_001,Telephone Field
1326.7785,1326.7857,36640.0,77808.0,Myotis daubentonii,0.368,0.519,-1,Echolocation,/mnt/ubna_data_01/recover-20220822/UBNA_001/20220819_100000.WAV,recover-20220822,UBNA_001,Telephone Field
1327.1325,1327.1393,42656.0,61291.0,Pipistrellus pipistrellus,0.201,0.505,-1,Echolocation,/mnt/ubna_data_01/recover-20220822/UBNA_001/20220819_100000.WAV,recover-20220822,UBNA_001,Telephone Field
1327.3195,1327.3269,41796.0,64300.0,Pipistrellus nathusii,0.273,0.506,-1,Echolocation,/mnt/ubna_data_01/recover-20220822/UBNA_001/20220819_100000.WAV,recover-20220822,UBNA_001,Telephone Field
1327.8905,1327.8988,41796.0,60186.0,Pipistrellus nathusii,0.324,0.547,-1,Echolocation,/mnt/ubna_data_01/recover-20220822/UBNA_001/20220819_100000.WAV,recover-20220822,UBNA_001,Telephone Field
1329.2055,1329.2108,46093.0,57243.0,Pipistrellus pipistrellus,0.49,0.535,-1,Echolocation,/mnt/ubna_data_01/recover-20220822/UBNA_001/20220819_100000.WAV,recover-20220822,UBNA_001,Telephone Field
1329.5055,1329.5117,42656.0,52720.0,Pipistrellus pipistrellus,0.533,0.587,-1,Echolocation,/mnt/ubna_data_01/recover-20220822/UBNA_001/20220819_100000.WAV,recover-20220822,UBNA_001,Telephone Field
1331.0775,1331.0841,41796.0,50247.0,Pipistrellus nathusii,0.596,0.625,-1,Echolocation,/mnt/ubna_data_01/recover-20220822/UBNA_001/20220819_100000.WAV,recover-20220822,UBNA_001,Telephone Field
1331.4095,1331.4164,41796.0,54508.0,Pipistrellus nathusii,0.54,0.616,-1,Echolocation,/mnt/ubna_data_01/recover-20220822/UBNA_001/20220819_100000.WAV,recover-20220822,UBNA_001,Telephone Field
1331.5885,1331.5945,40078.0,56631.0,Pipistrellus nathusii,0.509,0.594,-1,Echolocation,/mnt/ubna_data_01/recover-20220822/UBNA_001/20220819_100000.WAV,recover-20220822,UBNA_001,Telephone Field
1331.8745,1331.8801,42656.0,50292.0,Pipistrellus nathusii,0.525,0.568,-1,Echolocation,/mnt/ubna_data_01/recover-20220822/UBNA_001/20220819_100000.WAV,recover-20220822,UBNA_001,Telephone Field
1333.7105,1333.7163,47812.0,57114.0,Pipistrellus pipistrellus,0.484,0.568,-1,Echolocation,/mnt/ubna_data_01/recover-20220822/UBNA_001/20220819_100000.WAV,recover-20220822,UBNA_001,Telephone Field
1333.7965,1333.8024,49531.0,58879.0,Pipistrellus pipistrellus,0.423,0.535,-1,Echolocation,/mnt/ubna_data_01/recover-20220822/UBNA_001/20220819_100000.WAV,recover-20220822,UBNA_001,Telephone Field
1333.8825,1333.8878,47812.0,60059.0,Pipistrellus pipistrellus,0.539,0.629,-1,Echolocation,/mnt/ubna_data_01/recover-20220822/UBNA_001/20220819_100000.WAV,recover-20220822,UBNA_001,Telephone Field
1334.0645,1334.0693,49531.0,60983.0,Pipistrellus pipistrellus,0.529,0.619,-1,Echolocation,/mnt/ubna_data_01/recover-20220822/UBNA_001/20220819_100000.WAV,recover-20220822,UBNA_001,Telephone Field
1334.2825,1334.2886,50390.0,60346.0,Pipistrellus pipistrellus,0.42,0.52,-1,Echolocation,/mnt/ubna_data_01/recover-20220822/UBNA_001/20220819_100000.WAV,recover-20220822,UBNA_001,Telephone Field
1334.9155,1334.9232,40937.0,51236.0,Pipistrellus nathusii,0.558,0.6,-1,Echolocation,/mnt/ubna_data_01/recover-20220822/UBNA_001/20220819_100000.WAV,recover-20220822,UBNA_001,Telephone Field
1335.5125,1335.5178,47812.0,59290.0,Pipistrellus pipistrellus,0.484,0.57,-1,Echolocation,/mnt/ubna_data_01/recover-20220822/UBNA_001/20220819_100000.WAV,recover-20220822,UBNA_001,Telephone Field
1336.1795,1336.1845,48671.0,61417.0,Pipistrellus pipistrellus,0.497,0.567,-1,Echolocation,/mnt/ubna_data_01/recover-20220822/UBNA_001/20220819_100000.WAV,recover-20220822,UBNA_001,Telephone Field
1336.3945,1336.3991,48671.0,59277.0,Pipistrellus pipistrellus,0.49,0.557,-1,Echolocation,/mnt/ubna_data_01/recover-20220822/UBNA_001/20220819_100000.WAV,recover-20220822,UBNA_001,Telephone Field
1336.4685,1336.4741,48671.0,61331.0,Pipistrellus pipistrellus,0.429,0.555,-1,Echolocation,/mnt/ubna_data_01/recover-20220822/UBNA_001/20220819_100000.WAV,recover-20220822,UBNA_001,Telephone Field
1336.5515,1336.5562,46953.0,63325.0,Pipistrellus pipistrellus,0.499,0.581,-1,Echolocation,/mnt/ubna_data_01/recover-20220822/UBNA_001/20220819_100000.WAV,recover-20220822,UBNA_001,Telephone Field
1336.6485,1336.6543,46953.0,61194.0,Pipistrellus pipistrellus,0.491,0.669,-1,Echolocation,/mnt/ubna_data_01/recover-20220822/UBNA_001/20220819_100000.WAV,recover-20220822,UBNA_001,Telephone Field
1336.7295,1336.7371,47812.0,62985.0,Pipistrellus pipistrellus,0.531,0.633,-1,Echolocation,/mnt/ubna_data_01/recover-20220822/UBNA_001/20220819_100000.WAV,recover-20220822,UBNA_001,Telephone Field
1336.8205,1336.826,48671.0,61982.0,Pipistrellus pipistrellus,0.489,0.633,-1,Echolocation,/mnt/ubna_data_01/recover-20220822/UBNA_001/20220819_100000.WAV,recover-20220822,UBNA_001,Telephone Field
1336.9205,1336.9264,47812.0,61371.0,Pipistrellus pipistrellus,0.517,0.623,-1,Echolocation,/mnt/ubna_data_01/recover-20220822/UBNA_001/20220819_100000.WAV,recover-20220822,UBNA_001,Telephone Field
1336.9865,1336.9907,48671.0,64580.0,Pipistrellus pipistrellus,0.461,0.557,-1,Echolocation,/mnt/ubna_data_01/recover-20220822/UBNA_001/20220819_100000.WAV,recover-20220822,UBNA_001,Telephone Field
1337.1125,1337.1182,49531.0,63972.0,Pipistrellus pipistrellus,0.614,0.7,-1,Echolocation,/mnt/ubna_data_01/recover-20220822/UBNA_001/20220819_100000.WAV,recover-20220822,UBNA_001,Telephone Field
1337.2135,1337.2195,47812.0,57593.0,Pipistrellus pipistrellus,0.539,0.636,-1,Echolocation,/mnt/ubna_data_01/recover-20220822/UBNA_001/20220819_100000.WAV,recover-20220822,UBNA_001,Telephone Field
1338.0935,1338.1,48671.0,59688.0,Pipistrellus pipistrellus,0.423,0.561,-1,Echolocation,/mnt/ubna_data_01/recover-20220822/UBNA_001/20220819_100000.WAV,recover-20220822,UBNA_001,Telephone Field
1338.7145,1338.7198,46093.0,62480.0,Pipistrellus pipistrellus,0.377,0.524,-1,Echolocation,/mnt/ubna_data_01/recover-20220822/UBNA_001/20220819_100000.WAV,recover-20220822,UBNA_001,Telephone Field
1339.2545,1339.2583,49531.0,61166.0,Pipistrellus pipistrellus,0.441,0.537,-1,Echolocation,/mnt/ubna_data_01/recover-20220822/UBNA_001/20220819_100000.WAV,recover-20220822,UBNA_001,Telephone Field
1340.1045,1340.1092,53828.0,63312.0,Pipistrellus pygmaeus,0.49,0.5,-1,Echolocation,/mnt/ubna_data_01/recover-20220822/UBNA_001/20220819_100000.WAV,recover-20220822,UBNA_001,Telephone Field
1340.2465,1340.2518,52968.0,64152.0,Pipistrellus pygmaeus,0.491,0.521,-1,Echolocation,/mnt/ubna_data_01/recover-20220822/UBNA_001/20220819_100000.WAV,recover-20220822,UBNA_001,Telephone Field
1340.4255,1340.4331,48671.0,67055.0,Pipistrellus pipistrellus,0.352,0.533,-1,Echolocation,/mnt/ubna_data_01/recover-20220822/UBNA_001/20220819_100000.WAV,recover-20220822,UBNA_001,Telephone Field
1340.5255,1340.5324,46953.0,66279.0,Pipistrellus pipistrellus,0.474,0.604,-1,Echolocation,/mnt/ubna_data_01/recover-20220822/UBNA_001/20220819_100000.WAV,recover-20220822,UBNA_001,Telephone Field
1340.6215,1340.6281,47812.0,64859.0,Pipistrellus pipistrellus,0.451,0.639,-1,Echolocation,/mnt/ubna_data_01/recover-20220822/UBNA_001/20220819_100000.WAV,recover-20220822,UBNA_001,Telephone Field
1340.7215,1340.7281,46953.0,61399.0,Pipistrellus pipistrellus,0.516,0.629,-1,Echolocation,/mnt/ubna_data_01/recover-20220822/UBNA_001/20220819_100000.WAV,recover-20220822,UBNA_001,Telephone Field
1340.8125,1340.8199,46093.0,65891.0,Pipistrellus pipistrellus,0.461,0.617,-1,Echolocation,/mnt/ubna_data_01/recover-20220822/UBNA_001/20220819_100000.WAV,recover-20220822,UBNA_001,Telephone Field
1340.9035,1340.9128,46093.0,63475.0,Pipistrellus pipistrellus,0.359,0.594,-1,Echolocation,/mnt/ubna_data_01/recover-20220822/UBNA_001/20220819_100000.WAV,recover-20220822,UBNA_001,Telephone Field
1341.0015,1341.0093,48671.0,66410.0,Pipistrellus pipistrellus,0.467,0.699,-1,Echolocation,/mnt/ubna_data_01/recover-20220822/UBNA_001/20220819_100000.WAV,recover-20220822,UBNA_001,Telephone Field
1341.0985,1341.1046,47812.0,62562.0,Pipistrellus pipistrellus,0.302,0.514,-1,Echolocation,/mnt/ubna_data_01/recover-20220822/UBNA_001/20220819_100000.WAV,recover-20220822,UBNA_001,Telephone Field
1341.1875,1341.1964,46093.0,67818.0,Pipistrellus pipistrellus,0.345,0.621,-1,Echolocation,/mnt/ubna_data_01/recover-20220822/UBNA_001/20220819_100000.WAV,recover-20220822,UBNA_001,Telephone Field
1341.2855,1341.2946,46953.0,65818.0,Pipistrellus pipistrellus,0.379,0.61,-1,Echolocation,/mnt/ubna_data_01/recover-20220822/UBNA_001/20220819_100000.WAV,recover-20220822,UBNA_001,Telephone Field
1341.3825,1341.3911,46093.0,60054.0,Pipistrellus pipistrellus,0.257,0.521,-1,Echolocation,/mnt/ubna_data_01/recover-20220822/UBNA_001/20220819_100000.WAV,recover-20220822,UBNA_001,Telephone Field
1341.5665,1341.5742,46953.0,65577.0,Pipistrellus pipistrellus,0.493,0.742,-1,Echolocation,/mnt/ubna_data_01/recover-20220822/UBNA_001/20220819_100000.WAV,recover-20220822,UBNA_001,Telephone Field
1341.6655,1341.6762,45234.0,67688.0,Pipistrellus pipistrellus,0.356,0.602,-1,Echolocation,/mnt/ubna_data_01/recover-20220822/UBNA_001/20220819_100000.WAV,recover-20220822,UBNA_001,Telephone Field
1341.8225,1341.8282,41796.0,52217.0,Pipistrellus nathusii,0.463,0.534,-1,Echolocation,/mnt/ubna_data_01/recover-20220822/UBNA_001/20220819_100000.WAV,recover-20220822,UBNA_001,Telephone Field
1341.8615,1341.8673,48671.0,61701.0,Pipistrellus pipistrellus,0.276,0.585,-1,Echolocation,/mnt/ubna_data_01/recover-20220822/UBNA_001/20220819_100000.WAV,recover-20220822,UBNA_001,Telephone Field
1342.0395,1342.0462,42656.0,57119.0,Pipistrellus pipistrellus,0.23,0.513,-1,Echolocation,/mnt/ubna_data_01/recover-20220822/UBNA_001/20220819_100000.WAV,recover-20220822,UBNA_001,Telephone Field
1342.1435,1342.153,46093.0,61741.0,Pipistrellus pipistrellus,0.435,0.68,-1,Echolocation,/mnt/ubna_data_01/recover-20220822/UBNA_001/20220819_100000.WAV,recover-20220822,UBNA_001,Telephone Field
1342.3645,1342.3691,46953.0,63075.0,Pipistrellus pipistrellus,0.458,0.504,-1,Echolocation,/mnt/ubna_data_01/recover-20220822/UBNA_001/20220819_100000.WAV,recover-20220822,UBNA_001,Telephone Field
1342.4195,1342.4273,46093.0,60609.0,Pipistrellus pipistrellus,0.441,0.668,-1,Echolocation,/mnt/ubna_data_01/recover-20220822/UBNA_001/20220819_100000.WAV,recover-20220822,UBNA_001,Telephone Field
1342.4645,1342.469,49531.0,65901.0,Pipistrellus pipistrellus,0.374,0.539,-1,Echolocation,/mnt/ubna_data_01/recover-20220822/UBNA_001/20220819_100000.WAV,recover-20220822,UBNA_001,Telephone Field
1342.5065,1342.5145,46093.0,61158.0,Pipistrellus pipistrellus,0.417,0.617,-1,Echolocation,/mnt/ubna_data_01/recover-20220822/UBNA_001/20220819_100000.WAV,recover-20220822,UBNA_001,Telephone Field
1342.5375,1342.5476,42656.0,62550.0,Pipistrellus nathusii,0.176,0.535,-1,Echolocation,/mnt/ubna_data_01/recover-20220822/UBNA_001/20220819_100000.WAV,recover-20220822,UBNA_001,Telephone Field
1342.5935,1342.6009,47812.0,60128.0,Pipistrellus pipistrellus,0.447,0.546,-1,Echolocation,/mnt/ubna_data_01/recover-20220822/UBNA_001/20220819_100000.WAV,recover-20220822,UBNA_001,Telephone Field
1342.6455,1342.6545,41796.0,67045.0,Pipistrellus pipistrellus,0.357,0.634,-1,Echolocation,/mnt/ubna_data_01/recover-20220822/UBNA_001/20220819_100000.WAV,recover-20220822,UBNA_001,Telephone Field
1342.7285,1342.7354,46953.0,61132.0,Pipistrellus pipistrellus,0.432,0.576,-1,Echolocation,/mnt/ubna_data_01/recover-20220822/UBNA_001/20220819_100000.WAV,recover-20220822,UBNA_001,Telephone Field
1342.7445,1342.7488,43515.0,59820.0,Pipistrellus pipistrellus,0.554,0.601,-1,Echolocation,/mnt/ubna_data_01/recover-20220822/UBNA_001/20220819_100000.WAV,recover-20220822,UBNA_001,Telephone Field
1342.8315,1342.836,42656.0,59004.0,Pipistrellus pipistrellus,0.594,0.684,-1,Echolocation,/mnt/ubna_data_01/recover-20220822/UBNA_001/20220819_100000.WAV,recover-20220822,UBNA_001,Telephone Field
1342.9015,1342.9079,46093.0,58643.0,Pipistrellus pipistrellus,0.423,0.535,-1,Echolocation,/mnt/ubna_data_01/recover-20220822/UBNA_001/20220819_100000.WAV,recover-20220822,UBNA_001,Telephone Field
1343.1105,1343.1172,47812.0,65624.0,Pipistrellus pipistrellus,0.495,0.627,-1,Echolocation,/mnt/ubna_data_01/recover-20220822/UBNA_001/20220819_100000.WAV,recover-20220822,UBNA_001,Telephone Field
1343.2045,1343.212,46093.0,66823.0,Pipistrellus pipistrellus,0.468,0.646,-1,Echolocation,/mnt/ubna_data_01/recover-20220822/UBNA_001/20220819_100000.WAV,recover-20220822,UBNA_001,Telephone Field
1343.2745,1343.28,48671.0,57092.0,Pipistrellus pipistrellus,0.451,0.554,-1,Echolocation,/mnt/ubna_data_01/recover-20220822/UBNA_001/20220819_100000.WAV,recover-20220822,UBNA_001,Telephone Field
1343.2915,1343.2982,46953.0,66859.0,Pipistrellus pipistrellus,0.548,0.643,-1,Echolocation,/mnt/ubna_data_01/recover-20220822/UBNA_001/20220819_100000.WAV,recover-20220822,UBNA_001,Telephone Field
1343.3945,1343.4022,47812.0,63537.0,Pipistrellus pipistrellus,0.481,0.638,-1,Echolocation,/mnt/ubna_data_01/recover-20220822/UBNA_001/20220819_100000.WAV,recover-20220822,UBNA_001,Telephone Field
1343.4945,1343.5018,46093.0,67321.0,Pipistrellus pipistrellus,0.543,0.71,-1,Echolocation,/mnt/ubna_data_01/recover-20220822/UBNA_001/20220819_100000.WAV,recover-20220822,UBNA_001,Telephone Field
1343.5985,1343.606,47812.0,65589.0,Pipistrellus pipistrellus,0.519,0.663,-1,Echolocation,/mnt/ubna_data_01/recover-20220822/UBNA_001/20220819_100000.WAV,recover-20220822,UBNA_001,Telephone Field
1343.6965,1343.7054,45234.0,66564.0,Pipistrellus pipistrellus,0.549,0.673,-1,Echolocation,/mnt/ubna_data_01/recover-20220822/UBNA_001/20220819_100000.WAV,recover-20220822,UBNA_001,Telephone Field
1343.7925,1343.8007,46953.0,59166.0,Pipistrellus pipistrellus,0.494,0.652,-1,Echolocation,/mnt/ubna_data_01/recover-20220822/UBNA_001/20220819_100000.WAV,recover-20220822,UBNA_001,Telephone Field
1343.8815,1343.8901,46953.0,63305.0,Pipistrellus pipistrellus,0.464,0.628,-1,Echolocation,/mnt/ubna_data_01/recover-20220822/UBNA_001/20220819_100000.WAV,recover-20220822,UBNA_001,Telephone Field
1343.9765,1343.9852,46093.0,62472.0,Pipistrellus pipistrellus,0.507,0.691,-1,Echolocation,/mnt/ubna_data_01/recover-20220822/UBNA_001/20220819_100000.WAV,recover-20220822,UBNA_001,Telephone Field
1344.0695,1344.078,45234.0,63074.0,Pipistrellus nathusii,0.436,0.595,-1,Echolocation,/mnt/ubna_data_01/recover-20220822/UBNA_001/20220819_100000.WAV,recover-20220822,UBNA_001,Telephone Field
1344.2555,1344.2639,46093.0,64856.0,Pipistrellus nathusii,0.445,0.585,-1,Echolocation,/mnt/ubna_data_01/recover-20220822/UBNA_001/20220819_100000.WAV,recover-20220822,UBNA_001,Telephone Field
1344.5285,1344.5359,40078.0,63158.0,Pipistrellus nathusii,0.431,0.501,-1,Echolocation,/mnt/ubna_data_01/recover-20220822/UBNA_001/20220819_100000.WAV,recover-20220822,UBNA_001,Telephone Field
1344.7325,1344.7401,40078.0,64030.0,Pipistrellus nathusii,0.525,0.594,-1,Echolocation,/mnt/ubna_data_01/recover-20220822/UBNA_001/20220819_100000.WAV,recover-20220822,UBNA_001,Telephone Field
1344.8315,1344.839,39218.0,67026.0,Pipistrellus nathusii,0.504,0.569,-1,Echolocation,/mnt/ubna_data_01/recover-20220822/UBNA_001/20220819_100000.WAV,recover-20220822,UBNA_001,Telephone Field
1344.9355,1344.9429,39218.0,63901.0,Pipistrellus nathusii,0.558,0.624,-1,Echolocation,/mnt/ubna_data_01/recover-20220822/UBNA_001/20220819_100000.WAV,recover-20220822,UBNA_001,Telephone Field
1345.2315,1345.2394,40078.0,67556.0,Pipistrellus nathusii,0.329,0.533,-1,Echolocation,/mnt/ubna_data_01/recover-20220822/UBNA_001/20220819_100000.WAV,recover-20220822,UBNA_001,Telephone Field
1345.4355,1345.4429,39218.0,71269.0,Pipistrellus nathusii,0.505,0.571,-1,Echolocation,/mnt/ubna_data_01/recover-20220822/UBNA_001/20220819_100000.WAV,recover-20220822,UBNA_001,Telephone Field
1345.5475,1345.5563,36640.0,68108.0,Pipistrellus nathusii,0.502,0.55,-1,Echolocation,/mnt/ubna_data_01/recover-20220822/UBNA_001/20220819_100000.WAV,recover-20220822,UBNA_001,Telephone Field
1345.6665,1345.6749,38359.0,72331.0,Pipistrellus nathusii,0.468,0.53,-1,Echolocation,/mnt/ubna_data_01/recover-20220822/UBNA_001/20220819_100000.WAV,recover-20220822,UBNA_001,Telephone Field
1345.7745,1345.7819,38359.0,70192.0,Pipistrellus nathusii,0.489,0.551,-1,Echolocation,/mnt/ubna_data_01/recover-20220822/UBNA_001/20220819_100000.WAV,recover-20220822,UBNA_001,Telephone Field
1345.8905,1345.8979,37500.0,71761.0,Pipistrellus nathusii,0.418,0.513,-1,Echolocation,/mnt/ubna_data_01/recover-20220822/UBNA_001/20220819_100000.WAV,recover-20220822,UBNA_001,Telephone Field
1348.5255,1348.5324,37500.0,70404.0,Myotis daubentonii,0.214,0.5,-1,Echolocation,/mnt/ubna_data_01/recover-20220822/UBNA_001/20220819_100000.WAV,recover-20220822,UBNA_001,Telephone Field
1349.0065,1349.0126,40078.0,70569.0,Myotis daubentonii,0.326,0.506,-1,Echolocation,/mnt/ubna_data_01/recover-20220822/UBNA_001/20220819_100000.WAV,recover-20220822,UBNA_001,Telephone Field
1350.0155,1350.0211,40937.0,60805.0,Pipistrellus nathusii,0.284,0.503,-1,Echolocation,/mnt/ubna_data_01/recover-20220822/UBNA_001/20220819_100000.WAV,recover-20220822,UBNA_001,Telephone Field
1351.1975,1351.2043,35781.0,70212.0,Pipistrellus nathusii,0.309,0.514,-1,Echolocation,/mnt/ubna_data_01/recover-20220822/UBNA_001/20220819_100000.WAV,recover-20220822,UBNA_001,Telephone Field
1351.3815,1351.388,35781.0,62287.0,Pipistrellus nathusii,0.279,0.528,-1,Echolocation,/mnt/ubna_data_01/recover-20220822/UBNA_001/20220819_100000.WAV,recover-20220822,UBNA_001,Telephone Field
1351.4775,1351.4843,34921.0,62810.0,Pipistrellus nathusii,0.397,0.566,-1,Echolocation,/mnt/ubna_data_01/recover-20220822/UBNA_001/20220819_100000.WAV,recover-20220822,UBNA_001,Telephone Field
1351.5835,1351.5904,37500.0,60091.0,Pipistrellus nathusii,0.412,0.554,-1,Echolocation,/mnt/ubna_data_01/recover-20220822/UBNA_001/20220819_100000.WAV,recover-20220822,UBNA_001,Telephone Field
1351.6895,1351.6973,36640.0,64521.0,Pipistrellus nathusii,0.446,0.53,-1,Echolocation,/mnt/ubna_data_01/recover-20220822/UBNA_001/20220819_100000.WAV,recover-20220822,UBNA_001,Telephone Field
1351.7985,1351.808,37500.0,56487.0,Pipistrellus nathusii,0.409,0.517,-1,Echolocation,/mnt/ubna_data_01/recover-20220822/UBNA_001/20220819_100000.WAV,recover-20220822,UBNA_001,Telephone Field
1352.1145,1352.1224,36640.0,46970.0,Pipistrellus nathusii,0.536,0.599,-1,Echolocation,/mnt/ubna_data_01/recover-20220822/UBNA_001/20220819_100000.WAV,recover-20220822,UBNA_001,Telephone Field
1352.5225,1352.5301,37500.0,54557.0,Pipistrellus nathusii,0.585,0.633,-1,Echolocation,/mnt/ubna_data_01/recover-20220822/UBNA_001/20220819_100000.WAV,recover-20220822,UBNA_001,Telephone Field
1352.6265,1352.6348,37500.0,61518.0,Pipistrellus nathusii,0.47,0.584,-1,Echolocation,/mnt/ubna_data_01/recover-20220822/UBNA_001/20220819_100000.WAV,recover-20220822,UBNA_001,Telephone Field
1352.7305,1352.7386,35781.0,60133.0,Pipistrellus nathusii,0.414,0.529,-1,Echolocation,/mnt/ubna_data_01/recover-20220822/UBNA_001/20220819_100000.WAV,recover-20220822,UBNA_001,Telephone Field
1352.8295,1352.8364,36640.0,50664.0,Pipistrellus nathusii,0.529,0.601,-1,Echolocation,/mnt/ubna_data_01/recover-20220822/UBNA_001/20220819_100000.WAV,recover-20220822,UBNA_001,Telephone Field
1352.9185,1352.9253,36640.0,60005.0,Pipistrellus nathusii,0.397,0.539,-1,Echolocation,/mnt/ubna_data_01/recover-20220822/UBNA_001/20220819_100000.WAV,recover-20220822,UBNA_001,Telephone Field
1353.0155,1353.0218,36640.0,61456.0,Pipistrellus nathusii,0.315,0.562,-1,Echolocation,/mnt/ubna_data_01/recover-20220822/UBNA_001/20220819_100000.WAV,recover-20220822,UBNA_001,Telephone Field
1353.1105,1353.1167,36640.0,66453.0,Pipistrellus nathusii,0.215,0.521,-1,Echolocation,/mnt/ubna_data_01/recover-20220822/UBNA_001/20220819_100000.WAV,recover-20220822,UBNA_001,Telephone Field
1353.1945,1353.2011,37500.0,66885.0,Pipistrellus nathusii,0.249,0.55,-1,Echolocation,/mnt/ubna_data_01/recover-20220822/UBNA_001/20220819_100000.WAV,recover-20220822,UBNA_001,Telephone Field
1353.2725,1353.2793,37500.0,71713.0,Myotis brandtii,0.206,0.5,-1,Echolocation,/mnt/ubna_data_01/recover-20220822/UBNA_001/20220819_100000.WAV,recover-20220822,UBNA_001,Telephone Field
1355.0275,1355.0368,41796.0,55482.0,Pipistrellus nathusii,0.376,0.501,-1,Echolocation,/mnt/ubna_data_01/recover-20220822/UBNA_001/20220819_100000.WAV,recover-20220822,UBNA_001,Telephone Field
1356.7365,1356.7425,38359.0,51381.0,Pipistrellus nathusii,0.402,0.596,-1,Echolocation,/mnt/ubna_data_01/recover-20220822/UBNA_001/20220819_100000.WAV,recover-20220822,UBNA_001,Telephone Field
1356.9255,1356.9332,40078.0,52010.0,Pipistrellus nathusii,0.423,0.516,-1,Echolocation,/mnt/ubna_data_01/recover-20220822/UBNA_001/20220819_100000.WAV,recover-20220822,UBNA_001,Telephone Field
1357.0245,1357.03,38359.0,51076.0,Pipistrellus nathusii,0.31,0.523,-1,Echolocation,/mnt/ubna_data_01/recover-20220822/UBNA_001/20220819_100000.WAV,recover-20220822,UBNA_001,Telephone Field
1357.1205,1357.126,39218.0,55152.0,Pipistrellus nathusii,0.332,0.552,-1,Echolocation,/mnt/ubna_data_01/recover-20220822/UBNA_001/20220819_100000.WAV,recover-20220822,UBNA_001,Telephone Field
1357.3145,1357.3209,40078.0,51149.0,Pipistrellus nathusii,0.419,0.521,-1,Echolocation,/mnt/ubna_data_01/recover-20220822/UBNA_001/20220819_100000.WAV,recover-20220822,UBNA_001,Telephone Field
1357.4155,1357.4217,39218.0,54667.0,Pipistrellus nathusii,0.427,0.527,-1,Echolocation,/mnt/ubna_data_01/recover-20220822/UBNA_001/20220819_100000.WAV,recover-20220822,UBNA_001,Telephone Field
1357.5085,1357.516,40078.0,54546.0,Pipistrellus nathusii,0.363,0.56,-1,Echolocation,/mnt/ubna_data_01/recover-20220822/UBNA_001/20220819_100000.WAV,recover-20220822,UBNA_001,Telephone Field
1357.6065,1357.6144,40078.0,53108.0,Pipistrellus nathusii,0.376,0.548,-1,Echolocation,/mnt/ubna_data_01/recover-20220822/UBNA_001/20220819_100000.WAV,recover-20220822,UBNA_001,Telephone Field
1357.6975,1357.7046,40937.0,49497.0,Pipistrellus nathusii,0.475,0.529,-1,Echolocation,/mnt/ubna_data_01/recover-20220822/UBNA_001/20220819_100000.WAV,recover-20220822,UBNA_001,Telephone Field
1357.7955,1357.8032,39218.0,56113.0,Pipistrellus nathusii,0.46,0.606,-1,Echolocation,/mnt/ubna_data_01/recover-20220822/UBNA_001/20220819_100000.WAV,recover-20220822,UBNA_001,Telephone Field
1357.8995,1357.9077,39218.0,54875.0,Pipistrellus nathusii,0.444,0.573,-1,Echolocation,/mnt/ubna_data_01/recover-20220822/UBNA_001/20220819_100000.WAV,recover-20220822,UBNA_001,Telephone Field
1358.1905,1358.1979,39218.0,64255.0,Pipistrellus nathusii,0.52,0.602,-1,Echolocation,/mnt/ubna_data_01/recover-20220822/UBNA_001/20220819_100000.WAV,recover-20220822,UBNA_001,Telephone Field
1358.2895,1358.2965,38359.0,62005.0,Pipistrellus nathusii,0.51,0.563,-1,Echolocation,/mnt/ubna_data_01/recover-20220822/UBNA_001/20220819_100000.WAV,recover-20220822,UBNA_001,Telephone Field
1358.4735,1358.4804,38359.0,60324.0,Pipistrellus nathusii,0.605,0.658,-1,Echolocation,/mnt/ubna_data_01/recover-20220822/UBNA_001/20220819_100000.WAV,recover-20220822,UBNA_001,Telephone Field
1358.5755,1358.5824,38359.0,64730.0,Pipistrellus nathusii,0.548,0.618,-1,Echolocation,/mnt/ubna_data_01/recover-20220822/UBNA_001/20220819_100000.WAV,recover-20220822,UBNA_001,Telephone Field
1358.6765,1358.685,38359.0,63909.0,Pipistrellus nathusii,0.546,0.622,-1,Echolocation,/mnt/ubna_data_01/recover-20220822/UBNA_001/20220819_100000.WAV,recover-20220822,UBNA_001,Telephone Field
1358.7665,1358.7737,39218.0,69342.0,Pipistrellus nathusii,0.508,0.617,-1,Echolocation,/mnt/ubna_data_01/recover-20220822/UBNA_001/20220819_100000.WAV,recover-20220822,UBNA_001,Telephone Field
1358.8635,1358.8705,39218.0,68249.0,Pipistrellus nathusii,0.552,0.615,-1,Echolocation,/mnt/ubna_data_01/recover-20220822/UBNA_001/20220819_100000.WAV,recover-20220822,UBNA_001,Telephone Field
1358.9495,1358.9558,39218.0,72035.0,Pipistrellus nathusii,0.507,0.565,-1,Echolocation,/mnt/ubna_data_01/recover-20220822/UBNA_001/20220819_100000.WAV,recover-20220822,UBNA_001,Telephone Field
1359.0815,1359.0875,40078.0,72183.0,Pipistrellus nathusii,0.463,0.519,-1,Echolocation,/mnt/ubna_data_01/recover-20220822/UBNA_001/20220819_100000.WAV,recover-20220822,UBNA_001,Telephone Field
1359.6305,1359.6376,40078.0,67107.0,Pipistrellus nathusii,0.507,0.607,-1,Echolocation,/mnt/ubna_data_01/recover-20220822/UBNA_001/20220819_100000.WAV,recover-20220822,UBNA_001,Telephone Field
1359.7175,1359.7241,39218.0,64859.0,Pipistrellus nathusii,0.642,0.681,-1,Echolocation,/mnt/ubna_data_01/recover-20220822/UBNA_001/20220819_100000.WAV,recover-20220822,UBNA_001,Telephone Field
1359.8095,1359.817,38359.0,68329.0,Pipistrellus nathusii,0.501,0.604,-1,Echolocation,/mnt/ubna_data_01/recover-20220822/UBNA_001/20220819_100000.WAV,recover-20220822,UBNA_001,Telephone Field
1359.9025,1359.91,38359.0,71331.0,Pipistrellus nathusii,0.452,0.572,-1,Echolocation,/mnt/ubna_data_01/recover-20220822/UBNA_001/20220819_100000.WAV,recover-20220822,UBNA_001,Telephone Field
1360.0935,1360.1006,37500.0,67069.0,Pipistrellus nathusii,0.422,0.501,-1,Echolocation,/mnt/ubna_data_01/recover-20220822/UBNA_001/20220819_100000.WAV,recover-20220822,UBNA_001,Telephone Field
1360.2655,1360.2727,36640.0,66219.0,Pipistrellus nathusii,0.345,0.524,-1,Echolocation,/mnt/ubna_data_01/recover-20220822/UBNA_001/20220819_100000.WAV,recover-20220822,UBNA_001,Telephone Field
1360.4525,1360.4607,40078.0,58486.0,Pipistrellus nathusii,0.551,0.599,-1,Echolocation,/mnt/ubna_data_01/recover-20220822/UBNA_001/20220819_100000.WAV,recover-20220822,UBNA_001,Telephone Field
1360.5535,1360.5609,39218.0,71188.0,Pipistrellus nathusii,0.429,0.538,-1,Echolocation,/mnt/ubna_data_01/recover-20220822/UBNA_001/20220819_100000.WAV,recover-20220822,UBNA_001,Telephone Field
1361.6665,1361.6743,38359.0,69800.0,Pipistrellus nathusii,0.286,0.509,-1,Echolocation,/mnt/ubna_data_01/recover-20220822/UBNA_001/20220819_100000.WAV,recover-20220822,UBNA_001,Telephone Field
1362.7595,1362.7666,34921.0,87053.0,Myotis daubentonii,0.345,0.549,-1,Echolocation,/mnt/ubna_data_01/recover-20220822/UBNA_001/20220819_100000.WAV,recover-20220822,UBNA_001,Telephone Field
1362.8375,1362.8441,34921.0,83182.0,Myotis daubentonii,0.473,0.596,-1,Echolocation,/mnt/ubna_data_01/recover-20220822/UBNA_001/20220819_100000.WAV,recover-20220822,UBNA_001,Telephone Field
1362.9155,1362.9226,33203.0,82997.0,Myotis daubentonii,0.393,0.568,-1,Echolocation,/mnt/ubna_data_01/recover-20220822/UBNA_001/20220819_100000.WAV,recover-20220822,UBNA_001,Telephone Field
1362.9905,1362.9971,34921.0,86659.0,Myotis daubentonii,0.403,0.561,-1,Echolocation,/mnt/ubna_data_01/recover-20220822/UBNA_001/20220819_100000.WAV,recover-20220822,UBNA_001,Telephone Field
1363.0565,1363.0636,36640.0,88826.0,Myotis daubentonii,0.308,0.516,-1,Echolocation,/mnt/ubna_data_01/recover-20220822/UBNA_001/20220819_100000.WAV,recover-20220822,UBNA_001,Telephone Field
1363.1195,1363.1252,37500.0,82719.0,Myotis daubentonii,0.255,0.515,-1,Echolocation,/mnt/ubna_data_01/recover-20220822/UBNA_001/20220819_100000.WAV,recover-20220822,UBNA_001,Telephone Field
1363.1735,1363.1795,38359.0,73599.0,Myotis daubentonii,0.367,0.522,-1,Echolocation,/mnt/ubna_data_01/recover-20220822/UBNA_001/20220819_100000.WAV,recover-20220822,UBNA_001,Telephone Field
1363.9015,1363.9076,37500.0,69022.0,Myotis daubentonii,0.384,0.541,-1,Echolocation,/mnt/ubna_data_01/recover-20220822/UBNA_001/20220819_100000.WAV,recover-20220822,UBNA_001,Telephone Field
1364.2555,1364.263,40937.0,56760.0,Pipistrellus nathusii,0.373,0.5,-1,Echolocation,/mnt/ubna_data_01/recover-20220822/UBNA_001/20220819_100000.WAV,recover-20220822,UBNA_001,Telephone Field
1364.4395,1364.4458,35781.0,61019.0,Myotis daubentonii,0.223,0.503,-1,Echolocation,/mnt/ubna_data_01/recover-20220822/UBNA_001/20220819_100000.WAV,recover-20220822,UBNA_001,Telephone Field
1365.1995,1365.2049,35781.0,54188.0,Myotis daubentonii,0.269,0.522,-1,Echolocation,/mnt/ubna_data_01/recover-20220822/UBNA_001/20220819_100000.WAV,recover-20220822,UBNA_001,Telephone Field
1365.2945,1365.2997,34921.0,53131.0,Myotis daubentonii,0.245,0.61,-1,Echolocation,/mnt/ubna_data_01/recover-20220822/UBNA_001/20220819_100000.WAV,recover-20220822,UBNA_001,Telephone Field
1366.2185,1366.2256,41796.0,53705.0,Pipistrellus nathusii,0.453,0.517,-1,Echolocation,/mnt/ubna_data_01/recover-20220822/UBNA_001/20220819_100000.WAV,recover-20220822,UBNA_001,Telephone Field
1366.6825,1366.689,39218.0,57418.0,Pipistrellus nathusii,0.249,0.51,-1,Echolocation,/mnt/ubna_data_01/recover-20220822/UBNA_001/20220819_100000.WAV,recover-20220822,UBNA_001,Telephone Field
1366.8345,1366.8421,40937.0,52720.0,Pipistrellus nathusii,0.515,0.554,-1,Echolocation,/mnt/ubna_data_01/recover-20220822/UBNA_001/20220819_100000.WAV,recover-20220822,UBNA_001,Telephone Field
1366.9185,1366.9264,41796.0,51855.0,Pipistrellus nathusii,0.517,0.575,-1,Echolocation,/mnt/ubna_data_01/recover-20220822/UBNA_001/20220819_100000.WAV,recover-20220822,UBNA_001,Telephone Field
1367.0945,1367.1024,41796.0,56459.0,Pipistrellus nathusii,0.479,0.587,-1,Echolocation,/mnt/ubna_data_01/recover-20220822/UBNA_001/20220819_100000.WAV,recover-20220822,UBNA_001,Telephone Field
1367.1425,1367.1496,39218.0,57764.0,Pipistrellus nathusii,0.294,0.505,-1,Echolocation,/mnt/ubna_data_01/recover-20220822/UBNA_001/20220819_100000.WAV,recover-20220822,UBNA_001,Telephone Field
1367.2415,1367.2482,40078.0,61128.0,Pipistrellus nathusii,0.48,0.609,-1,Echolocation,/mnt/ubna_data_01/recover-20220822/UBNA_001/20220819_100000.WAV,recover-20220822,UBNA_001,Telephone Field
1367.3225,1367.3282,38359.0,62168.0,Pipistrellus nathusii,0.243,0.531,-1,Echolocation,/mnt/ubna_data_01/recover-20220822/UBNA_001/20220819_100000.WAV,recover-20220822,UBNA_001,Telephone Field
1368.0375,1368.0446,38359.0,65868.0,Pipistrellus nathusii,0.384,0.551,-1,Echolocation,/mnt/ubna_data_01/recover-20220822/UBNA_001/20220819_100000.WAV,recover-20220822,UBNA_001,Telephone Field
1368.1455,1368.1524,38359.0,71899.0,Pipistrellus nathusii,0.417,0.51,-1,Echolocation,/mnt/ubna_data_01/recover-20220822/UBNA_001/20220819_100000.WAV,recover-20220822,UBNA_001,Telephone Field
1368.2385,1368.2452,39218.0,67776.0,Pipistrellus nathusii,0.292,0.511,-1,Echolocation,/mnt/ubna_data_01/recover-20220822/UBNA_001/20220819_100000.WAV,recover-20220822,UBNA_001,Telephone Field
1369.2035,1369.21,38359.0,71737.0,Pipistrellus nathusii,0.42,0.512,-1,Echolocation,/mnt/ubna_data_01/recover-20220822/UBNA_001/20220819_100000.WAV,recover-20220822,UBNA_001,Telephone Field
1369.2975,1369.3042,36640.0,72827.0,Pipistrellus nathusii,0.353,0.525,-1,Echolocation,/mnt/ubna_data_01/recover-20220822/UBNA_001/20220819_100000.WAV,recover-20220822,UBNA_001,Telephone Field
1369.3865,1369.3939,38359.0,67394.0,Pipistrellus nathusii,0.332,0.532,-1,Echolocation,/mnt/ubna_data_01/recover-20220822/UBNA_001/20220819_100000.WAV,recover-20220822,UBNA_001,Telephone Field
1372.0245,1372.0314,36640.0,71001.0,Pipistrellus nathusii,0.427,0.512,-1,Echolocation,/mnt/ubna_data_01/recover-20220822/UBNA_001/20220819_100000.WAV,recover-20220822,UBNA_001,Telephone Field
1372.2185,1372.2251,37500.0,68484.0,Pipistrellus nathusii,0.43,0.546,-1,Echolocation,/mnt/ubna_data_01/recover-20220822/UBNA_001/20220819_100000.WAV,recover-20220822,UBNA_001,Telephone Field
1372.3085,1372.3152,35781.0,67336.0,Pipistrellus nathusii,0.376,0.556,-1,Echolocation,/mnt/ubna_data_01/recover-20220822/UBNA_001/20220819_100000.WAV,recover-20220822,UBNA_001,Telephone Field
1372.6915,1372.6984,36640.0,64153.0,Pipistrellus nathusii,0.408,0.54,-1,Echolocation,/mnt/ubna_data_01/recover-20220822/UBNA_001/20220819_100000.WAV,recover-20220822,UBNA_001,Telephone Field
1372.8955,1372.9017,36640.0,62648.0,Pipistrellus nathusii,0.267,0.504,-1,Echolocation,/mnt/ubna_data_01/recover-20220822/UBNA_001/20220819_100000.WAV,recover-20220822,UBNA_001,Telephone Field
1372.9935,1373.0001,36640.0,62091.0,Pipistrellus nathusii,0.348,0.519,-1,Echolocation,/mnt/ubna_data_01/recover-20220822/UBNA_001/20220819_100000.WAV,recover-20220822,UBNA_001,Telephone Field
1373.3995,1373.4058,36640.0,59308.0,Pipistrellus nathusii,0.348,0.529,-1,Echolocation,/mnt/ubna_data_01/recover-20220822/UBNA_001/20220819_100000.WAV,recover-20220822,UBNA_001,Telephone Field
1373.5035,1373.5097,38359.0,50144.0,Pipistrellus nathusii,0.485,0.625,-1,Echolocation,/mnt/ubna_data_01/recover-20220822/UBNA_001/20220819_100000.WAV,recover-20220822,UBNA_001,Telephone Field
1373.7965,1373.8034,37500.0,54035.0,Pipistrellus nathusii,0.548,0.6,-1,Echolocation,/mnt/ubna_data_01/recover-20220822/UBNA_001/20220819_100000.WAV,recover-20220822,UBNA_001,Telephone Field
1373.9005,1373.9103,38359.0,49844.0,Pipistrellus nathusii,0.538,0.629,-1,Echolocation,/mnt/ubna_data_01/recover-20220822/UBNA_001/20220819_100000.WAV,recover-20220822,UBNA_001,Telephone Field
1374.0885,1374.0976,38359.0,48875.0,Pipistrellus nathusii,0.632,0.653,-1,Echolocation,/mnt/ubna_data_01/recover-20220822/UBNA_001/20220819_100000.WAV,recover-20220822,UBNA_001,Telephone Field
1374.1895,1374.197,40078.0,48330.0,Pipistrellus nathusii,0.484,0.516,-1,Echolocation,/mnt/ubna_data_01/recover-20220822/UBNA_001/20220819_100000.WAV,recover-20220822,UBNA_001,Telephone Field
1374.3775,1374.3857,38359.0,47015.0,Pipistrellus nathusii,0.506,0.53,-1,Echolocation,/mnt/ubna_data_01/recover-20220822/UBNA_001/20220819_100000.WAV,recover-20220822,UBNA_001,Telephone Field
1374.4815,1374.4895,39218.0,51721.0,Pipistrellus nathusii,0.611,0.649,-1,Echolocation,/mnt/ubna_data_01/recover-20220822/UBNA_001/20220819_100000.WAV,recover-20220822,UBNA_001,Telephone Field
1374.6735,1374.6809,38359.0,55697.0,Pipistrellus nathusii,0.646,0.678,-1,Echolocation,/mnt/ubna_data_01/recover-20220822/UBNA_001/20220819_100000.WAV,recover-20220822,UBNA_001,Telephone Field
1374.7695,1374.7769,37500.0,58121.0,Pipistrellus nathusii,0.549,0.639,-1,Echolocation,/mnt/ubna_data_01/recover-20220822/UBNA_001/20220819_100000.WAV,recover-20220822,UBNA_001,Telephone Field
1374.8715,1374.8784,38359.0,63551.0,Pipistrellus nathusii,0.591,0.66,-1,Echolocation,/mnt/ubna_data_01/recover-20220822/UBNA_001/20220819_100000.WAV,recover-20220822,UBNA_001,Telephone Field
1374.9725,1374.9809,38359.0,64660.0,Pipistrellus nathusii,0.592,0.652,-1,Echolocation,/mnt/ubna_data_01/recover-20220822/UBNA_001/20220819_100000.WAV,recover-20220822,UBNA_001,Telephone Field
1375.0765,1375.0861,38359.0,60628.0,Pipistrellus nathusii,0.599,0.658,-1,Echolocation,/mnt/ubna_data_01/recover-20220822/UBNA_001/20220819_100000.WAV,recover-20220822,UBNA_001,Telephone Field
1375.1755,1375.1837,39218.0,68287.0,Pipistrellus nathusii,0.594,0.663,-1,Echolocation,/mnt/ubna_data_01/recover-20220822/UBNA_001/20220819_100000.WAV,recover-20220822,UBNA_001,Telephone Field
1375.2785,1375.2873,39218.0,62326.0,Pipistrellus nathusii,0.591,0.646,-1,Echolocation,/mnt/ubna_data_01/recover-20220822/UBNA_001/20220819_100000.WAV,recover-20220822,UBNA_001,Telephone Field
1375.3915,1375.3992,40078.0,63002.0,Pipistrellus nathusii,0.581,0.623,-1,Echolocation,/mnt/ubna_data_01/recover-20220822/UBNA_001/20220819_100000.WAV,recover-20220822,UBNA_001,Telephone Field
1375.5835,1375.5921,40078.0,65319.0,Pipistrellus nathusii,0.638,0.699,-1,Echolocation,/mnt/ubna_data_01/recover-20220822/UBNA_001/20220819_100000.WAV,recover-20220822,UBNA_001,Telephone Field
1375.6895,1375.6969,38359.0,66998.0,Pipistrellus nathusii,0.631,0.68,-1,Echolocation,/mnt/ubna_data_01/recover-20220822/UBNA_001/20220819_100000.WAV,recover-20220822,UBNA_001,Telephone Field
1375.8795,1375.8881,39218.0,65053.0,Pipistrellus nathusii,0.57,0.646,-1,Echolocation,/mnt/ubna_data_01/recover-20220822/UBNA_001/20220819_100000.WAV,recover-20220822,UBNA_001,Telephone Field
1375.9755,1375.9831,38359.0,67343.0,Pipistrellus nathusii,0.529,0.628,-1,Echolocation,/mnt/ubna_data_01/recover-20220822/UBNA_001/20220819_100000.WAV,recover-20220822,UBNA_001,Telephone Field
1376.0625,1376.0692,39218.0,72594.0,Pipistrellus nathusii,0.399,0.585,-1,Echolocation,/mnt/ubna_data_01/recover-20220822/UBNA_001/20220819_100000.WAV,recover-20220822,UBNA_001,Telephone Field
1376.1395,1376.1464,37500.0,68188.0,Pipistrellus nathusii,0.209,0.524,-1,Echolocation,/mnt/ubna_data_01/recover-20220822/UBNA_001/20220819_100000.WAV,recover-20220822,UBNA_001,Telephone Field
1376.7825,1376.7894000000001,39218.0,73693.0,Pipistrellus nathusii,0.399,0.568,-1,Echolocation,/mnt/ubna_data_01/recover-20220822/UBNA_001/20220819_100000.WAV,recover-20220822,UBNA_001,Telephone Field
1376.8745,1376.8816,36640.0,67647.0,Pipistrellus nathusii,0.282,0.536,-1,Echolocation,/mnt/ubna_data_01/recover-20220822/UBNA_001/20220819_100000.WAV,recover-20220822,UBNA_001,Telephone Field
1376.9675,1376.9748,38359.0,72748.0,Pipistrellus nathusii,0.358,0.571,-1,Echolocation,/mnt/ubna_data_01/recover-20220822/UBNA_001/20220819_100000.WAV,recover-20220822,UBNA_001,Telephone Field
1377.0625,1377.0695,39218.0,70917.0,Pipistrellus nathusii,0.442,0.575,-1,Echolocation,/mnt/ubna_data_01/recover-20220822/UBNA_001/20220819_100000.WAV,recover-20220822,UBNA_001,Telephone Field
1377.1585,1377.1656,38359.0,70862.0,Pipistrellus nathusii,0.323,0.53,-1,Echolocation,/mnt/ubna_data_01/recover-20220822/UBNA_001/20220819_100000.WAV,recover-20220822,UBNA_001,Telephone Field
1377.3465,1377.3538,37500.0,75456.0,Pipistrellus nathusii,0.415,0.553,-1,Echolocation,/mnt/ubna_data_01/recover-20220822/UBNA_001/20220819_100000.WAV,recover-20220822,UBNA_001,Telephone Field
1377.5425,1377.5495,39218.0,72118.0,Pipistrellus nathusii,0.37,0.555,-1,Echolocation,/mnt/ubna_data_01/recover-20220822/UBNA_001/20220819_100000.WAV,recover-20220822,UBNA_001,Telephone Field
1377.6325,1377.6397,39218.0,66551.0,Pipistrellus nathusii,0.356,0.518,-1,Echolocation,/mnt/ubna_data_01/recover-20220822/UBNA_001/20220819_100000.WAV,recover-20220822,UBNA_001,Telephone Field
1377.7315,1377.7384,38359.0,71959.0,Pipistrellus nathusii,0.413,0.517,-1,Echolocation,/mnt/ubna_data_01/recover-20220822/UBNA_001/20220819_100000.WAV,recover-20220822,UBNA_001,Telephone Field
1377.9325,1377.9398,38359.0,72731.0,Pipistrellus nathusii,0.448,0.539,-1,Echolocation,/mnt/ubna_data_01/recover-20220822/UBNA_001/20220819_100000.WAV,recover-20220822,UBNA_001,Telephone Field
1378.4975,1378.5039,37500.0,66899.0,Pipistrellus nathusii,0.376,0.539,-1,Echolocation,/mnt/ubna_data_01/recover-20220822/UBNA_001/20220819_100000.WAV,recover-20220822,UBNA_001,Telephone Field
1379.3505,1379.3555,41796.0,65158.0,Myotis brandtii,0.237,0.508,-1,Echolocation,/mnt/ubna_data_01/recover-20220822/UBNA_001/20220819_100000.WAV,recover-20220822,UBNA_001,Telephone Field
1379.9665,1379.9725,36640.0,66103.0,Myotis brandtii,0.342,0.517,-1,Echolocation,/mnt/ubna_data_01/recover-20220822/UBNA_001/20220819_100000.WAV,recover-20220822,UBNA_001,Telephone Field
1380.0615,1380.0681,37500.0,66390.0,Pipistrellus nathusii,0.342,0.528,-1,Echolocation,/mnt/ubna_data_01/recover-20220822/UBNA_001/20220819_100000.WAV,recover-20220822,UBNA_001,Telephone Field
1380.1565,1380.1633,37500.0,68753.0,Pipistrellus nathusii,0.367,0.521,-1,Echolocation,/mnt/ubna_data_01/recover-20220822/UBNA_001/20220819_100000.WAV,recover-20220822,UBNA_001,Telephone Field
1380.3505,1380.3573,40078.0,63463.0,Pipistrellus nathusii,0.399,0.578,-1,Echolocation,/mnt/ubna_data_01/recover-20220822/UBNA_001/20220819_100000.WAV,recover-20220822,UBNA_001,Telephone Field
1380.4455,1380.4521,38359.0,66149.0,Pipistrellus nathusii,0.401,0.567,-1,Echolocation,/mnt/ubna_data_01/recover-20220822/UBNA_001/20220819_100000.WAV,recover-20220822,UBNA_001,Telephone Field
1380.5385,1380.5454,38359.0,69478.0,Pipistrellus nathusii,0.337,0.525,-1,Echolocation,/mnt/ubna_data_01/recover-20220822/UBNA_001/20220819_100000.WAV,recover-20220822,UBNA_001,Telephone Field
1380.6345,1380.6427,40078.0,65498.0,Pipistrellus nathusii,0.472,0.557,-1,Echolocation,/mnt/ubna_data_01/recover-20220822/UBNA_001/20220819_100000.WAV,recover-20220822,UBNA_001,Telephone Field
1380.9065,1380.9131,38359.0,64885.0,Pipistrellus nathusii,0.347,0.532,-1,Echolocation,/mnt/ubna_data_01/recover-20220822/UBNA_001/20220819_100000.WAV,recover-20220822,UBNA_001,Telephone Field
1381.0025,1381.0112,40937.0,61478.0,Pipistrellus nathusii,0.47,0.585,-1,Echolocation,/mnt/ubna_data_01/recover-20220822/UBNA_001/20220819_100000.WAV,recover-20220822,UBNA_001,Telephone Field
1381.1855,1381.1924,38359.0,63712.0,Pipistrellus nathusii,0.451,0.587,-1,Echolocation,/mnt/ubna_data_01/recover-20220822/UBNA_001/20220819_100000.WAV,recover-20220822,UBNA_001,Telephone Field
1381.2865,1381.2942,39218.0,55621.0,Pipistrellus nathusii,0.469,0.599,-1,Echolocation,/mnt/ubna_data_01/recover-20220822/UBNA_001/20220819_100000.WAV,recover-20220822,UBNA_001,Telephone Field
1381.4775,1381.4834,37500.0,57441.0,Pipistrellus nathusii,0.375,0.573,-1,Echolocation,/mnt/ubna_data_01/recover-20220822/UBNA_001/20220819_100000.WAV,recover-20220822,UBNA_001,Telephone Field
1381.5785,1381.5888,40937.0,57781.0,Pipistrellus nathusii,0.443,0.531,-1,Echolocation,/mnt/ubna_data_01/recover-20220822/UBNA_001/20220819_100000.WAV,recover-20220822,UBNA_001,Telephone Field
1381.9085,1381.9144,38359.0,63482.0,Pipistrellus nathusii,0.285,0.542,-1,Echolocation,/mnt/ubna_data_01/recover-20220822/UBNA_001/20220819_100000.WAV,recover-20220822,UBNA_001,Telephone Field
1383.1205,1383.1268,38359.0,79593.0,Myotis daubentonii,0.321,0.535,-1,Echolocation,/mnt/ubna_data_01/recover-20220822/UBNA_001/20220819_100000.WAV,recover-20220822,UBNA_001,Telephone Field
1383.4005,1383.4069,37500.0,79988.0,Myotis daubentonii,0.269,0.503,-1,Echolocation,/mnt/ubna_data_01/recover-20220822/UBNA_001/20220819_100000.WAV,recover-20220822,UBNA_001,Telephone Field
1385.2685,1385.2748,35781.0,63553.0,Pipistrellus nathusii,0.209,0.534,-1,Echolocation,/mnt/ubna_data_01/recover-20220822/UBNA_001/20220819_100000.WAV,recover-20220822,UBNA_001,Telephone Field
1385.4595,1385.4665,40078.0,56407.0,Pipistrellus nathusii,0.35,0.516,-1,Echolocation,/mnt/ubna_data_01/recover-20220822/UBNA_001/20220819_100000.WAV,recover-20220822,UBNA_001,Telephone Field
1385.6405,1385.647,37500.0,57787.0,Pipistrellus nathusii,0.176,0.531,-1,Echolocation,/mnt/ubna_data_01/recover-20220822/UBNA_001/20220819_100000.WAV,recover-20220822,UBNA_001,Telephone Field
1385.8395,1385.8457,37500.0,57696.0,Pipistrellus nathusii,0.207,0.523,-1,Echolocation,/mnt/ubna_data_01/recover-20220822/UBNA_001/20220819_100000.WAV,recover-20220822,UBNA_001,Telephone Field
1386.0335,1386.0411,39218.0,52187.0,Pipistrellus nathusii,0.452,0.543,-1,Echolocation,/mnt/ubna_data_01/recover-20220822/UBNA_001/20220819_100000.WAV,recover-20220822,UBNA_001,Telephone Field
1386.1355,1386.142,36640.0,53906.0,Pipistrellus nathusii,0.418,0.568,-1,Echolocation,/mnt/ubna_data_01/recover-20220822/UBNA_001/20220819_100000.WAV,recover-20220822,UBNA_001,Telephone Field
1386.7215,1386.7273,37500.0,51558.0,Pipistrellus nathusii,0.418,0.53,-1,Echolocation,/mnt/ubna_data_01/recover-20220822/UBNA_001/20220819_100000.WAV,recover-20220822,UBNA_001,Telephone Field
1386.9155,1386.923,40937.0,49969.0,Pipistrellus nathusii,0.624,0.646,-1,Echolocation,/mnt/ubna_data_01/recover-20220822/UBNA_001/20220819_100000.WAV,recover-20220822,UBNA_001,Telephone Field
1387.1055,1387.1129,40078.0,52767.0,Pipistrellus nathusii,0.694,0.716,-1,Echolocation,/mnt/ubna_data_01/recover-20220822/UBNA_001/20220819_100000.WAV,recover-20220822,UBNA_001,Telephone Field
1387.2065,1387.2156,39218.0,58577.0,Pipistrellus nathusii,0.554,0.668,-1,Echolocation,/mnt/ubna_data_01/recover-20220822/UBNA_001/20220819_100000.WAV,recover-20220822,UBNA_001,Telephone Field
1387.3085,1387.3161,39218.0,55086.0,Pipistrellus nathusii,0.663,0.699,-1,Echolocation,/mnt/ubna_data_01/recover-20220822/UBNA_001/20220819_100000.WAV,recover-20220822,UBNA_001,Telephone Field
1387.4985,1387.5058,38359.0,59820.0,Pipistrellus nathusii,0.605,0.679,-1,Echolocation,/mnt/ubna_data_01/recover-20220822/UBNA_001/20220819_100000.WAV,recover-20220822,UBNA_001,Telephone Field
1387.6045,1387.6114,39218.0,52449.0,Pipistrellus nathusii,0.584,0.63,-1,Echolocation,/mnt/ubna_data_01/recover-20220822/UBNA_001/20220819_100000.WAV,recover-20220822,UBNA_001,Telephone Field
1387.7975,1387.8048,38359.0,58839.0,Pipistrellus nathusii,0.67,0.701,-1,Echolocation,/mnt/ubna_data_01/recover-20220822/UBNA_001/20220819_100000.WAV,recover-20220822,UBNA_001,Telephone Field
1387.9005,1387.9084,39218.0,58057.0,Pipistrellus nathusii,0.615,0.678,-1,Echolocation,/mnt/ubna_data_01/recover-20220822/UBNA_001/20220819_100000.WAV,recover-20220822,UBNA_001,Telephone Field
1387.9885,1387.9956,40078.0,59062.0,Pipistrellus nathusii,0.621,0.665,-1,Echolocation,/mnt/ubna_data_01/recover-20220822/UBNA_001/20220819_100000.WAV,recover-20220822,UBNA_001,Telephone Field
1388.0865,1388.0936,39218.0,54246.0,Pipistrellus nathusii,0.528,0.588,-1,Echolocation,/mnt/ubna_data_01/recover-20220822/UBNA_001/20220819_100000.WAV,recover-20220822,UBNA_001,Telephone Field
1388.1855,1388.1929,39218.0,62241.0,Pipistrellus nathusii,0.631,0.66,-1,Echolocation,/mnt/ubna_data_01/recover-20220822/UBNA_001/20220819_100000.WAV,recover-20220822,UBNA_001,Telephone Field
1388.2915,1388.2987,39218.0,62057.0,Pipistrellus nathusii,0.563,0.635,-1,Echolocation,/mnt/ubna_data_01/recover-20220822/UBNA_001/20220819_100000.WAV,recover-20220822,UBNA_001,Telephone Field
1388.4895,1388.4978,39218.0,61342.0,Pipistrellus nathusii,0.568,0.643,-1,Echolocation,/mnt/ubna_data_01/recover-20220822/UBNA_001/20220819_100000.WAV,recover-20220822,UBNA_001,Telephone Field
1388.5905,1388.599,40078.0,59880.0,Pipistrellus nathusii,0.503,0.621,-1,Echolocation,/mnt/ubna_data_01/recover-20220822/UBNA_001/20220819_100000.WAV,recover-20220822,UBNA_001,Telephone Field
1388.6825,1388.6901,40078.0,61548.0,Pipistrellus nathusii,0.506,0.596,-1,Echolocation,/mnt/ubna_data_01/recover-20220822/UBNA_001/20220819_100000.WAV,recover-20220822,UBNA_001,Telephone Field
1388.7695,1388.7771,39218.0,66749.0,Pipistrellus nathusii,0.454,0.592,-1,Echolocation,/mnt/ubna_data_01/recover-20220822/UBNA_001/20220819_100000.WAV,recover-20220822,UBNA_001,Telephone Field
1388.8665,1388.874,38359.0,66158.0,Pipistrellus nathusii,0.533,0.626,-1,Echolocation,/mnt/ubna_data_01/recover-20220822/UBNA_001/20220819_100000.WAV,recover-20220822,UBNA_001,Telephone Field
1388.9675,1388.9756,39218.0,59324.0,Pipistrellus nathusii,0.534,0.634,-1,Echolocation,/mnt/ubna_data_01/recover-20220822/UBNA_001/20220819_100000.WAV,recover-20220822,UBNA_001,Telephone Field
1389.1575,1389.1643,37500.0,60349.0,Pipistrellus nathusii,0.611,0.655,-1,Echolocation,/mnt/ubna_data_01/recover-20220822/UBNA_001/20220819_100000.WAV,recover-20220822,UBNA_001,Telephone Field
1389.2585,1389.2655,38359.0,66345.0,Pipistrellus nathusii,0.553,0.65,-1,Echolocation,/mnt/ubna_data_01/recover-20220822/UBNA_001/20220819_100000.WAV,recover-20220822,UBNA_001,Telephone Field
1389.8755,1389.8816,38359.0,57640.0,Pipistrellus nathusii,0.342,0.535,-1,Echolocation,/mnt/ubna_data_01/recover-20220822/UBNA_001/20220819_100000.WAV,recover-20220822,UBNA_001,Telephone Field
1389.9545,1389.9612,36640.0,66195.0,Pipistrellus nathusii,0.337,0.533,-1,Echolocation,/mnt/ubna_data_01/recover-20220822/UBNA_001/20220819_100000.WAV,recover-20220822,UBNA_001,Telephone Field
1392.0575,1392.0622,38359.0,57135.0,Myotis daubentonii,0.313,0.529,-1,Echolocation,/mnt/ubna_data_01/recover-20220822/UBNA_001/20220819_100000.WAV,recover-20220822,UBNA_001,Telephone Field
1393.3245,1393.3314,36640.0,81738.0,Myotis daubentonii,0.321,0.544,-1,Echolocation,/mnt/ubna_data_01/recover-20220822/UBNA_001/20220819_100000.WAV,recover-20220822,UBNA_001,Telephone Field
1393.5085,1393.5153,36640.0,83364.0,Myotis daubentonii,0.337,0.529,-1,Echolocation,/mnt/ubna_data_01/recover-20220822/UBNA_001/20220819_100000.WAV,recover-20220822,UBNA_001,Telephone Field
1396.5885,1396.5947,38359.0,59818.0,Pipistrellus nathusii,0.35,0.542,-1,Echolocation,/mnt/ubna_data_01/recover-20220822/UBNA_001/20220819_100000.WAV,recover-20220822,UBNA_001,Telephone Field
1396.6865,1396.6933,40937.0,58285.0,Pipistrellus nathusii,0.439,0.535,-1,Echolocation,/mnt/ubna_data_01/recover-20220822/UBNA_001/20220819_100000.WAV,recover-20220822,UBNA_001,Telephone Field
1396.8855,1396.893,39218.0,52901.0,Pipistrellus nathusii,0.437,0.512,-1,Echolocation,/mnt/ubna_data_01/recover-20220822/UBNA_001/20220819_100000.WAV,recover-20220822,UBNA_001,Telephone Field
1396.9835,1396.9907,40078.0,49926.0,Pipistrellus nathusii,0.502,0.538,-1,Echolocation,/mnt/ubna_data_01/recover-20220822/UBNA_001/20220819_100000.WAV,recover-20220822,UBNA_001,Telephone Field
1397.0835,1397.0909,39218.0,54209.0,Pipistrellus nathusii,0.47,0.572,-1,Echolocation,/mnt/ubna_data_01/recover-20220822/UBNA_001/20220819_100000.WAV,recover-20220822,UBNA_001,Telephone Field
1397.2825,1397.2901,39218.0,45997.0,Pipistrellus nathusii,0.51,0.546,-1,Echolocation,/mnt/ubna_data_01/recover-20220822/UBNA_001/20220819_100000.WAV,recover-20220822,UBNA_001,Telephone Field
1397.3835,1397.3907,40078.0,54434.0,Pipistrellus nathusii,0.583,0.635,-1,Echolocation,/mnt/ubna_data_01/recover-20220822/UBNA_001/20220819_100000.WAV,recover-20220822,UBNA_001,Telephone Field
1397.5745,1397.5816,38359.0,55632.0,Pipistrellus nathusii,0.559,0.642,-1,Echolocation,/mnt/ubna_data_01/recover-20220822/UBNA_001/20220819_100000.WAV,recover-20220822,UBNA_001,Telephone Field
1397.6785,1397.6861,39218.0,54026.0,Pipistrellus nathusii,0.401,0.538,-1,Echolocation,/mnt/ubna_data_01/recover-20220822/UBNA_001/20220819_100000.WAV,recover-20220822,UBNA_001,Telephone Field
1397.8745,1397.8833,39218.0,57811.0,Pipistrellus nathusii,0.577,0.634,-1,Echolocation,/mnt/ubna_data_01/recover-20220822/UBNA_001/20220819_100000.WAV,recover-20220822,UBNA_001,Telephone Field
1397.9735,1397.9806,38359.0,61784.0,Pipistrellus nathusii,0.507,0.583,-1,Echolocation,/mnt/ubna_data_01/recover-20220822/UBNA_001/20220819_100000.WAV,recover-20220822,UBNA_001,Telephone Field
1398.0695,1398.0781,37500.0,58339.0,Pipistrellus nathusii,0.402,0.528,-1,Echolocation,/mnt/ubna_data_01/recover-20220822/UBNA_001/20220819_100000.WAV,recover-20220822,UBNA_001,Telephone Field
1398.2355,1398.2417,37500.0,62559.0,Pipistrellus nathusii,0.295,0.573,-1,Echolocation,/mnt/ubna_data_01/recover-20220822/UBNA_001/20220819_100000.WAV,recover-20220822,UBNA_001,Telephone Field
1398.3145,1398.3205,37500.0,64847.0,Pipistrellus nathusii,0.251,0.538,-1,Echolocation,/mnt/ubna_data_01/recover-20220822/UBNA_001/20220819_100000.WAV,recover-20220822,UBNA_001,Telephone Field
1399.0055,1399.012,40078.0,54267.0,Pipistrellus nathusii,0.421,0.526,-1,Echolocation,/mnt/ubna_data_01/recover-20220822/UBNA_001/20220819_100000.WAV,recover-20220822,UBNA_001,Telephone Field
1399.0965,1399.1034,38359.0,53814.0,Pipistrellus nathusii,0.303,0.57,-1,Echolocation,/mnt/ubna_data_01/recover-20220822/UBNA_001/20220819_100000.WAV,recover-20220822,UBNA_001,Telephone Field
1399.1885,1399.1958,38359.0,50764.0,Pipistrellus nathusii,0.451,0.577,-1,Echolocation,/mnt/ubna_data_01/recover-20220822/UBNA_001/20220819_100000.WAV,recover-20220822,UBNA_001,Telephone Field
1399.2855,1399.2921,39218.0,49487.0,Pipistrellus nathusii,0.551,0.604,-1,Echolocation,/mnt/ubna_data_01/recover-20220822/UBNA_001/20220819_100000.WAV,recover-20220822,UBNA_001,Telephone Field
1399.5745,1399.5799,36640.0,51919.0,Pipistrellus nathusii,0.296,0.52,-1,Echolocation,/mnt/ubna_data_01/recover-20220822/UBNA_001/20220819_100000.WAV,recover-20220822,UBNA_001,Telephone Field
1399.6675,1399.6736,35781.0,59001.0,Pipistrellus nathusii,0.365,0.573,-1,Echolocation,/mnt/ubna_data_01/recover-20220822/UBNA_001/20220819_100000.WAV,recover-20220822,UBNA_001,Telephone Field
1399.7485,1399.7537,36640.0,57953.0,Pipistrellus nathusii,0.196,0.541,-1,Echolocation,/mnt/ubna_data_01/recover-20220822/UBNA_001/20220819_100000.WAV,recover-20220822,UBNA_001,Telephone Field
1399.8235,1399.8294,36640.0,61157.0,Myotis brandtii,0.266,0.522,-1,Echolocation,/mnt/ubna_data_01/recover-20220822/UBNA_001/20220819_100000.WAV,recover-20220822,UBNA_001,Telephone Field
1400.0325,1400.0382,35781.0,65930.0,Myotis daubentonii,0.37,0.504,-1,Echolocation,/mnt/ubna_data_01/recover-20220822/UBNA_001/20220819_100000.WAV,recover-20220822,UBNA_001,Telephone Field
1400.0825,1400.0877,36640.0,66207.0,Myotis daubentonii,0.378,0.52,-1,Echolocation,/mnt/ubna_data_01/recover-20220822/UBNA_001/20220819_100000.WAV,recover-20220822,UBNA_001,Telephone Field
1400.9665,1400.973,35781.0,74616.0,Myotis daubentonii,0.351,0.511,-1,Echolocation,/mnt/ubna_data_01/recover-20220822/UBNA_001/20220819_100000.WAV,recover-20220822,UBNA_001,Telephone Field
1401.0625,1401.0689,39218.0,69637.0,Myotis daubentonii,0.258,0.527,-1,Echolocation,/mnt/ubna_data_01/recover-20220822/UBNA_001/20220819_100000.WAV,recover-20220822,UBNA_001,Telephone Field
1403.2085,1403.2166,34062.0,88627.0,Myotis daubentonii,0.428,0.537,-1,Echolocation,/mnt/ubna_data_01/recover-20220822/UBNA_001/20220819_100000.WAV,recover-20220822,UBNA_001,Telephone Field
1404.1115,1404.1189,37500.0,70601.0,Pipistrellus nathusii,0.291,0.506,-1,Echolocation,/mnt/ubna_data_01/recover-20220822/UBNA_001/20220819_100000.WAV,recover-20220822,UBNA_001,Telephone Field
1404.2055,1404.2122,37500.0,65817.0,Pipistrellus nathusii,0.428,0.515,-1,Echolocation,/mnt/ubna_data_01/recover-20220822/UBNA_001/20220819_100000.WAV,recover-20220822,UBNA_001,Telephone Field
1404.6905,1404.6981,38359.0,58129.0,Pipistrellus nathusii,0.413,0.53,-1,Echolocation,/mnt/ubna_data_01/recover-20220822/UBNA_001/20220819_100000.WAV,recover-20220822,UBNA_001,Telephone Field
1405.0885,1405.0964,38359.0,57680.0,Pipistrellus nathusii,0.39,0.532,-1,Echolocation,/mnt/ubna_data_01/recover-20220822/UBNA_001/20220819_100000.WAV,recover-20220822,UBNA_001,Telephone Field
1405.3775,1405.3858,37500.0,57051.0,Pipistrellus nathusii,0.427,0.533,-1,Echolocation,/mnt/ubna_data_01/recover-20220822/UBNA_001/20220819_100000.WAV,recover-20220822,UBNA_001,Telephone Field
1405.4625,1405.4694,40937.0,53669.0,Pipistrellus nathusii,0.526,0.576,-1,Echolocation,/mnt/ubna_data_01/recover-20220822/UBNA_001/20220819_100000.WAV,recover-20220822,UBNA_001,Telephone Field
1405.5585,1405.5651,41796.0,53554.0,Pipistrellus nathusii,0.455,0.53,-1,Echolocation,/mnt/ubna_data_01/recover-20220822/UBNA_001/20220819_100000.WAV,recover-20220822,UBNA_001,Telephone Field
1405.6475,1405.6553,43515.0,57861.0,Pipistrellus nathusii,0.434,0.552,-1,Echolocation,/mnt/ubna_data_01/recover-20220822/UBNA_001/20220819_100000.WAV,recover-20220822,UBNA_001,Telephone Field
1405.6735,1405.6822,39218.0,50243.0,Pipistrellus nathusii,0.569,0.63,-1,Echolocation,/mnt/ubna_data_01/recover-20220822/UBNA_001/20220819_100000.WAV,recover-20220822,UBNA_001,Telephone Field
1405.7795,1405.7886,38359.0,56984.0,Pipistrellus nathusii,0.469,0.57,-1,Echolocation,/mnt/ubna_data_01/recover-20220822/UBNA_001/20220819_100000.WAV,recover-20220822,UBNA_001,Telephone Field
1405.8825,1405.891,38359.0,54889.0,Pipistrellus nathusii,0.429,0.569,-1,Echolocation,/mnt/ubna_data_01/recover-20220822/UBNA_001/20220819_100000.WAV,recover-20220822,UBNA_001,Telephone Field
1406.0745,1406.0815,40078.0,52454.0,Pipistrellus nathusii,0.413,0.552,-1,Echolocation,/mnt/ubna_data_01/recover-20220822/UBNA_001/20220819_100000.WAV,recover-20220822,UBNA_001,Telephone Field
1406.2675,1406.2748,38359.0,55147.0,Pipistrellus nathusii,0.474,0.569,-1,Echolocation,/mnt/ubna_data_01/recover-20220822/UBNA_001/20220819_100000.WAV,recover-20220822,UBNA_001,Telephone Field
1406.3725,1406.3806,40078.0,55158.0,Pipistrellus nathusii,0.44,0.543,-1,Echolocation,/mnt/ubna_data_01/recover-20220822/UBNA_001/20220819_100000.WAV,recover-20220822,UBNA_001,Telephone Field
1406.4655,1406.4741,39218.0,62084.0,Pipistrellus nathusii,0.488,0.536,-1,Echolocation,/mnt/ubna_data_01/recover-20220822/UBNA_001/20220819_100000.WAV,recover-20220822,UBNA_001,Telephone Field
1406.5535,1406.5623,39218.0,63325.0,Pipistrellus nathusii,0.438,0.549,-1,Echolocation,/mnt/ubna_data_01/recover-20220822/UBNA_001/20220819_100000.WAV,recover-20220822,UBNA_001,Telephone Field
1407.3745,1407.3821,39218.0,68504.0,Pipistrellus nathusii,0.399,0.526,-1,Echolocation,/mnt/ubna_data_01/recover-20220822/UBNA_001/20220819_100000.WAV,recover-20220822,UBNA_001,Telephone Field
1407.4655,1407.4745,40937.0,66238.0,Pipistrellus nathusii,0.444,0.569,-1,Echolocation,/mnt/ubna_data_01/recover-20220822/UBNA_001/20220819_100000.WAV,recover-20220822,UBNA_001,Telephone Field
1407.5555,1407.5654,39218.0,65410.0,Pipistrellus nathusii,0.454,0.522,-1,Echolocation,/mnt/ubna_data_01/recover-20220822/UBNA_001/20220819_100000.WAV,recover-20220822,UBNA_001,Telephone Field
1407.8595,1407.8691,39218.0,61566.0,Pipistrellus nathusii,0.537,0.649,-1,Echolocation,/mnt/ubna_data_01/recover-20220822/UBNA_001/20220819_100000.WAV,recover-20220822,UBNA_001,Telephone Field
1407.9535,1407.9622,39218.0,62653.0,Pipistrellus nathusii,0.364,0.509,-1,Echolocation,/mnt/ubna_data_01/recover-20220822/UBNA_001/20220819_100000.WAV,recover-20220822,UBNA_001,Telephone Field
1408.1265,1408.1344,39218.0,72382.0,Pipistrellus nathusii,0.372,0.534,-1,Echolocation,/mnt/ubna_data_01/recover-20220822/UBNA_001/20220819_100000.WAV,recover-20220822,UBNA_001,Telephone Field
1408.2275,1408.2353,38359.0,72164.0,Pipistrellus nathusii,0.494,0.573,-1,Echolocation,/mnt/ubna_data_01/recover-20220822/UBNA_001/20220819_100000.WAV,recover-20220822,UBNA_001,Telephone Field
1408.4145,1408.4221,39218.0,72550.0,Pipistrellus nathusii,0.477,0.58,-1,Echolocation,/mnt/ubna_data_01/recover-20220822/UBNA_001/20220819_100000.WAV,recover-20220822,UBNA_001,Telephone Field
1408.5155,1408.525,38359.0,67583.0,Pipistrellus nathusii,0.538,0.628,-1,Echolocation,/mnt/ubna_data_01/recover-20220822/UBNA_001/20220819_100000.WAV,recover-20220822,UBNA_001,Telephone Field
1408.6145,1408.6222,38359.0,74995.0,Pipistrellus nathusii,0.556,0.609,-1,Echolocation,/mnt/ubna_data_01/recover-20220822/UBNA_001/20220819_100000.WAV,recover-20220822,UBNA_001,Telephone Field
1408.7175,1408.7267,40078.0,72439.0,Pipistrellus nathusii,0.442,0.56,-1,Echolocation,/mnt/ubna_data_01/recover-20220822/UBNA_001/20220819_100000.WAV,recover-20220822,UBNA_001,Telephone Field
1408.9055,1408.9133,38359.0,74139.0,Pipistrellus nathusii,0.422,0.548,-1,Echolocation,/mnt/ubna_data_01/recover-20220822/UBNA_001/20220819_100000.WAV,recover-20220822,UBNA_001,Telephone Field
1409.1085,1409.1163,38359.0,71190.0,Pipistrellus nathusii,0.499,0.554,-1,Echolocation,/mnt/ubna_data_01/recover-20220822/UBNA_001/20220819_100000.WAV,recover-20220822,UBNA_001,Telephone Field
1409.2075,1409.2153,39218.0,77887.0,Pipistrellus nathusii,0.499,0.592,-1,Echolocation,/mnt/ubna_data_01/recover-20220822/UBNA_001/20220819_100000.WAV,recover-20220822,UBNA_001,Telephone Field
1409.3045,1409.311,40078.0,71514.0,Pipistrellus nathusii,0.543,0.583,-1,Echolocation,/mnt/ubna_data_01/recover-20220822/UBNA_001/20220819_100000.WAV,recover-20220822,UBNA_001,Telephone Field
1409.4015,1409.4096,40078.0,69886.0,Pipistrellus nathusii,0.425,0.542,-1,Echolocation,/mnt/ubna_data_01/recover-20220822/UBNA_001/20220819_100000.WAV,recover-20220822,UBNA_001,Telephone Field
1409.4915,1409.4993,38359.0,72382.0,Pipistrellus nathusii,0.452,0.542,-1,Echolocation,/mnt/ubna_data_01/recover-20220822/UBNA_001/20220819_100000.WAV,recover-20220822,UBNA_001,Telephone Field
1409.6705,1409.678,40937.0,60311.0,Pipistrellus nathusii,0.475,0.535,-1,Echolocation,/mnt/ubna_data_01/recover-20220822/UBNA_001/20220819_100000.WAV,recover-20220822,UBNA_001,Telephone Field
1409.8445,1409.851,39218.0,63715.0,Pipistrellus nathusii,0.365,0.513,-1,Echolocation,/mnt/ubna_data_01/recover-20220822/UBNA_001/20220819_100000.WAV,recover-20220822,UBNA_001,Telephone Field
1409.9265,1409.9337,39218.0,68955.0,Pipistrellus nathusii,0.368,0.505,-1,Echolocation,/mnt/ubna_data_01/recover-20220822/UBNA_001/20220819_100000.WAV,recover-20220822,UBNA_001,Telephone Field
1411.0055,1411.0134,42656.0,60397.0,Pipistrellus nathusii,0.276,0.503,-1,Echolocation,/mnt/ubna_data_01/recover-20220822/UBNA_001/20220819_100000.WAV,recover-20220822,UBNA_001,Telephone Field
1411.3145,1411.321,38359.0,58585.0,Pipistrellus nathusii,0.224,0.544,-1,Echolocation,/mnt/ubna_data_01/recover-20220822/UBNA_001/20220819_100000.WAV,recover-20220822,UBNA_001,Telephone Field
1411.4225,1411.429,42656.0,55083.0,Pipistrellus nathusii,0.471,0.539,-1,Echolocation,/mnt/ubna_data_01/recover-20220822/UBNA_001/20220819_100000.WAV,recover-20220822,UBNA_001,Telephone Field
1411.5275,1411.5342,38359.0,55605.0,Pipistrellus nathusii,0.23,0.517,-1,Echolocation,/mnt/ubna_data_01/recover-20220822/UBNA_001/20220819_100000.WAV,recover-20220822,UBNA_001,Telephone Field
1416.0785,1416.0859,37500.0,64016.0,Pipistrellus nathusii,0.417,0.59,-1,Echolocation,/mnt/ubna_data_01/recover-20220822/UBNA_001/20220819_100000.WAV,recover-20220822,UBNA_001,Telephone Field
1416.2755,1416.2833,38359.0,65668.0,Pipistrellus nathusii,0.501,0.557,-1,Echolocation,/mnt/ubna_data_01/recover-20220822/UBNA_001/20220819_100000.WAV,recover-20220822,UBNA_001,Telephone Field
1416.3835,1416.3903,36640.0,60774.0,Pipistrellus nathusii,0.333,0.566,-1,Echolocation,/mnt/ubna_data_01/recover-20220822/UBNA_001/20220819_100000.WAV,recover-20220822,UBNA_001,Telephone Field
1416.4765,1416.4845,37500.0,62289.0,Pipistrellus nathusii,0.412,0.571,-1,Echolocation,/mnt/ubna_data_01/recover-20220822/UBNA_001/20220819_100000.WAV,recover-20220822,UBNA_001,Telephone Field
1416.5775,1416.584,36640.0,63232.0,Pipistrellus nathusii,0.318,0.537,-1,Echolocation,/mnt/ubna_data_01/recover-20220822/UBNA_001/20220819_100000.WAV,recover-20220822,UBNA_001,Telephone Field
1416.7795,1416.7865,37500.0,66772.0,Pipistrellus nathusii,0.45,0.606,-1,Echolocation,/mnt/ubna_data_01/recover-20220822/UBNA_001/20220819_100000.WAV,recover-20220822,UBNA_001,Telephone Field
1416.8915,1416.8992,37500.0,59250.0,Pipistrellus nathusii,0.421,0.605,-1,Echolocation,/mnt/ubna_data_01/recover-20220822/UBNA_001/20220819_100000.WAV,recover-20220822,UBNA_001,Telephone Field
1417.0935,1417.1019,37500.0,63840.0,Pipistrellus nathusii,0.403,0.562,-1,Echolocation,/mnt/ubna_data_01/recover-20220822/UBNA_001/20220819_100000.WAV,recover-20220822,UBNA_001,Telephone Field
1417.1975,1417.2056,37500.0,64638.0,Pipistrellus nathusii,0.385,0.568,-1,Echolocation,/mnt/ubna_data_01/recover-20220822/UBNA_001/20220819_100000.WAV,recover-20220822,UBNA_001,Telephone Field
1417.2935,1417.3005,38359.0,59454.0,Pipistrellus nathusii,0.318,0.556,-1,Echolocation,/mnt/ubna_data_01/recover-20220822/UBNA_001/20220819_100000.WAV,recover-20220822,UBNA_001,Telephone Field
1417.3625,1417.3687,38359.0,55233.0,Pipistrellus nathusii,0.24,0.539,-1,Echolocation,/mnt/ubna_data_01/recover-20220822/UBNA_001/20220819_100000.WAV,recover-20220822,UBNA_001,Telephone Field
1418.1275,1418.1337,36640.0,55414.0,Pipistrellus nathusii,0.45,0.595,-1,Echolocation,/mnt/ubna_data_01/recover-20220822/UBNA_001/20220819_100000.WAV,recover-20220822,UBNA_001,Telephone Field
1418.3455,1418.3543,38359.0,46508.0,Pipistrellus nathusii,0.487,0.563,-1,Echolocation,/mnt/ubna_data_01/recover-20220822/UBNA_001/20220819_100000.WAV,recover-20220822,UBNA_001,Telephone Field
1418.6515,1418.6605,38359.0,50593.0,Pipistrellus nathusii,0.599,0.631,-1,Echolocation,/mnt/ubna_data_01/recover-20220822/UBNA_001/20220819_100000.WAV,recover-20220822,UBNA_001,Telephone Field
1419.4195,1419.4261,39218.0,53913.0,Pipistrellus nathusii,0.512,0.568,-1,Echolocation,/mnt/ubna_data_01/recover-20220822/UBNA_001/20220819_100000.WAV,recover-20220822,UBNA_001,Telephone Field
1419.6865,1419.6918,36640.0,54181.0,Pipistrellus nathusii,0.324,0.551,-1,Echolocation,/mnt/ubna_data_01/recover-20220822/UBNA_001/20220819_100000.WAV,recover-20220822,UBNA_001,Telephone Field
1419.7865,1419.7928,39218.0,53561.0,Pipistrellus nathusii,0.436,0.551,-1,Echolocation,/mnt/ubna_data_01/recover-20220822/UBNA_001/20220819_100000.WAV,recover-20220822,UBNA_001,Telephone Field
1419.9815,1419.9894,38359.0,51368.0,Pipistrellus nathusii,0.455,0.575,-1,Echolocation,/mnt/ubna_data_01/recover-20220822/UBNA_001/20220819_100000.WAV,recover-20220822,UBNA_001,Telephone Field
1420.0825,1420.0922,39218.0,60733.0,Pipistrellus nathusii,0.522,0.605,-1,Echolocation,/mnt/ubna_data_01/recover-20220822/UBNA_001/20220819_100000.WAV,recover-20220822,UBNA_001,Telephone Field
1420.1865,1420.1972,38359.0,59820.0,Pipistrellus nathusii,0.541,0.639,-1,Echolocation,/mnt/ubna_data_01/recover-20220822/UBNA_001/20220819_100000.WAV,recover-20220822,UBNA_001,Telephone Field
1420.2835,1420.2934,39218.0,58267.0,Pipistrellus nathusii,0.579,0.637,-1,Echolocation,/mnt/ubna_data_01/recover-20220822/UBNA_001/20220819_100000.WAV,recover-20220822,UBNA_001,Telephone Field
1420.3905,1420.3996,40078.0,58792.0,Pipistrellus nathusii,0.582,0.667,-1,Echolocation,/mnt/ubna_data_01/recover-20220822/UBNA_001/20220819_100000.WAV,recover-20220822,UBNA_001,Telephone Field
1420.4825,1420.4918,40078.0,55083.0,Pipistrellus nathusii,0.489,0.566,-1,Echolocation,/mnt/ubna_data_01/recover-20220822/UBNA_001/20220819_100000.WAV,recover-20220822,UBNA_001,Telephone Field
1420.5665,1420.5744,40078.0,55193.0,Pipistrellus nathusii,0.519,0.571,-1,Echolocation,/mnt/ubna_data_01/recover-20220822/UBNA_001/20220819_100000.WAV,recover-20220822,UBNA_001,Telephone Field
1420.6735,1420.6816,40078.0,57153.0,Pipistrellus nathusii,0.602,0.672,-1,Echolocation,/mnt/ubna_data_01/recover-20220822/UBNA_001/20220819_100000.WAV,recover-20220822,UBNA_001,Telephone Field
1420.7815,1420.789,40078.0,59002.0,Pipistrellus nathusii,0.642,0.679,-1,Echolocation,/mnt/ubna_data_01/recover-20220822/UBNA_001/20220819_100000.WAV,recover-20220822,UBNA_001,Telephone Field
1420.9745,1420.9807,40078.0,63746.0,Pipistrellus nathusii,0.468,0.531,-1,Echolocation,/mnt/ubna_data_01/recover-20220822/UBNA_001/20220819_100000.WAV,recover-20220822,UBNA_001,Telephone Field
1421.0795,1421.0871,39218.0,62296.0,Pipistrellus nathusii,0.538,0.597,-1,Echolocation,/mnt/ubna_data_01/recover-20220822/UBNA_001/20220819_100000.WAV,recover-20220822,UBNA_001,Telephone Field
1421.1845,1421.1924,40078.0,61326.0,Pipistrellus nathusii,0.552,0.664,-1,Echolocation,/mnt/ubna_data_01/recover-20220822/UBNA_001/20220819_100000.WAV,recover-20220822,UBNA_001,Telephone Field
1421.2965,1421.3047,38359.0,63784.0,Pipistrellus nathusii,0.53,0.607,-1,Echolocation,/mnt/ubna_data_01/recover-20220822/UBNA_001/20220819_100000.WAV,recover-20220822,UBNA_001,Telephone Field
1421.4085,1421.4173,38359.0,63238.0,Pipistrellus nathusii,0.538,0.628,-1,Echolocation,/mnt/ubna_data_01/recover-20220822/UBNA_001/20220819_100000.WAV,recover-20220822,UBNA_001,Telephone Field
1421.5265,1421.5352,38359.0,60816.0,Pipistrellus nathusii,0.563,0.63,-1,Echolocation,/mnt/ubna_data_01/recover-20220822/UBNA_001/20220819_100000.WAV,recover-20220822,UBNA_001,Telephone Field
1421.6415,1421.6498,38359.0,65504.0,Pipistrellus nathusii,0.556,0.596,-1,Echolocation,/mnt/ubna_data_01/recover-20220822/UBNA_001/20220819_100000.WAV,recover-20220822,UBNA_001,Telephone Field
1421.7435,1421.7514,38359.0,66698.0,Pipistrellus nathusii,0.547,0.614,-1,Echolocation,/mnt/ubna_data_01/recover-20220822/UBNA_001/20220819_100000.WAV,recover-20220822,UBNA_001,Telephone Field
1421.9385,1421.9476,38359.0,65634.0,Pipistrellus nathusii,0.567,0.623,-1,Echolocation,/mnt/ubna_data_01/recover-20220822/UBNA_001/20220819_100000.WAV,recover-20220822,UBNA_001,Telephone Field
1422.0475,1422.0556,39218.0,61713.0,Pipistrellus nathusii,0.503,0.552,-1,Echolocation,/mnt/ubna_data_01/recover-20220822/UBNA_001/20220819_100000.WAV,recover-20220822,UBNA_001,Telephone Field
1422.2445,1422.2539,38359.0,62526.0,Pipistrellus nathusii,0.532,0.607,-1,Echolocation,/mnt/ubna_data_01/recover-20220822/UBNA_001/20220819_100000.WAV,recover-20220822,UBNA_001,Telephone Field
1422.3495,1422.358,39218.0,54309.0,Pipistrellus nathusii,0.5,0.596,-1,Echolocation,/mnt/ubna_data_01/recover-20220822/UBNA_001/20220819_100000.WAV,recover-20220822,UBNA_001,Telephone Field
1422.5485,1422.5569,38359.0,57877.0,Pipistrellus nathusii,0.561,0.66,-1,Echolocation,/mnt/ubna_data_01/recover-20220822/UBNA_001/20220819_100000.WAV,recover-20220822,UBNA_001,Telephone Field
1422.6555,1422.6622,37500.0,49734.0,Pipistrellus nathusii,0.456,0.545,-1,Echolocation,/mnt/ubna_data_01/recover-20220822/UBNA_001/20220819_100000.WAV,recover-20220822,UBNA_001,Telephone Field
1422.8455,1422.8541,38359.0,54760.0,Pipistrellus nathusii,0.591,0.642,-1,Echolocation,/mnt/ubna_data_01/recover-20220822/UBNA_001/20220819_100000.WAV,recover-20220822,UBNA_001,Telephone Field
1422.9455,1422.9532,37500.0,58454.0,Pipistrellus nathusii,0.349,0.525,-1,Echolocation,/mnt/ubna_data_01/recover-20220822/UBNA_001/20220819_100000.WAV,recover-20220822,UBNA_001,Telephone Field
1423.1385,1423.1444,37500.0,58357.0,Pipistrellus nathusii,0.463,0.563,-1,Echolocation,/mnt/ubna_data_01/recover-20220822/UBNA_001/20220819_100000.WAV,recover-20220822,UBNA_001,Telephone Field
1423.2365,1423.2427,38359.0,52064.0,Pipistrellus nathusii,0.376,0.526,-1,Echolocation,/mnt/ubna_data_01/recover-20220822/UBNA_001/20220819_100000.WAV,recover-20220822,UBNA_001,Telephone Field
1423.4095,1423.4163,37500.0,63633.0,Pipistrellus nathusii,0.301,0.571,-1,Echolocation,/mnt/ubna_data_01/recover-20220822/UBNA_001/20220819_100000.WAV,recover-20220822,UBNA_001,Telephone Field
1423.5005,1423.5068,38359.0,62922.0,Pipistrellus nathusii,0.408,0.589,-1,Echolocation,/mnt/ubna_data_01/recover-20220822/UBNA_001/20220819_100000.WAV,recover-20220822,UBNA_001,Telephone Field
1423.5935,1423.6003,38359.0,64077.0,Pipistrellus nathusii,0.33,0.552,-1,Echolocation,/mnt/ubna_data_01/recover-20220822/UBNA_001/20220819_100000.WAV,recover-20220822,UBNA_001,Telephone Field
1423.6895,1423.6969,39218.0,65535.0,Pipistrellus nathusii,0.462,0.556,-1,Echolocation,/mnt/ubna_data_01/recover-20220822/UBNA_001/20220819_100000.WAV,recover-20220822,UBNA_001,Telephone Field
1423.9675,1423.9747,39218.0,67214.0,Pipistrellus nathusii,0.357,0.514,-1,Echolocation,/mnt/ubna_data_01/recover-20220822/UBNA_001/20220819_100000.WAV,recover-20220822,UBNA_001,Telephone Field
1424.5505,1424.5583,40078.0,69533.0,Pipistrellus nathusii,0.375,0.526,-1,Echolocation,/mnt/ubna_data_01/recover-20220822/UBNA_001/20220819_100000.WAV,recover-20220822,UBNA_001,Telephone Field
1424.9475,1424.9553,40078.0,67338.0,Pipistrellus nathusii,0.472,0.527,-1,Echolocation,/mnt/ubna_data_01/recover-20220822/UBNA_001/20220819_100000.WAV,recover-20220822,UBNA_001,Telephone Field
1425.1305,1425.1382,39218.0,69899.0,Pipistrellus nathusii,0.538,0.607,-1,Echolocation,/mnt/ubna_data_01/recover-20220822/UBNA_001/20220819_100000.WAV,recover-20220822,UBNA_001,Telephone Field
1425.3195,1425.3275,39218.0,66202.0,Pipistrellus nathusii,0.336,0.521,-1,Echolocation,/mnt/ubna_data_01/recover-20220822/UBNA_001/20220819_100000.WAV,recover-20220822,UBNA_001,Telephone Field
1425.4235,1425.4309,40078.0,54557.0,Pipistrellus nathusii,0.479,0.515,-1,Echolocation,/mnt/ubna_data_01/recover-20220822/UBNA_001/20220819_100000.WAV,recover-20220822,UBNA_001,Telephone Field
1427.2075,1427.2131,37500.0,58586.0,Pipistrellus nathusii,0.363,0.516,-1,Echolocation,/mnt/ubna_data_01/recover-20220822/UBNA_001/20220819_100000.WAV,recover-20220822,UBNA_001,Telephone Field
1427.3955,1427.403,40937.0,63516.0,Pipistrellus nathusii,0.455,0.578,-1,Echolocation,/mnt/ubna_data_01/recover-20220822/UBNA_001/20220819_100000.WAV,recover-20220822,UBNA_001,Telephone Field
1427.4905,1427.4969,38359.0,63386.0,Pipistrellus nathusii,0.404,0.55,-1,Echolocation,/mnt/ubna_data_01/recover-20220822/UBNA_001/20220819_100000.WAV,recover-20220822,UBNA_001,Telephone Field
1428.1945,1428.2032,38359.0,58828.0,Pipistrellus nathusii,0.403,0.504,-1,Echolocation,/mnt/ubna_data_01/recover-20220822/UBNA_001/20220819_100000.WAV,recover-20220822,UBNA_001,Telephone Field
1428.2965,1428.3037,36640.0,52365.0,Pipistrellus nathusii,0.35,0.535,-1,Echolocation,/mnt/ubna_data_01/recover-20220822/UBNA_001/20220819_100000.WAV,recover-20220822,UBNA_001,Telephone Field
1428.4905,1428.4981,39218.0,52994.0,Pipistrellus nathusii,0.545,0.615,-1,Echolocation,/mnt/ubna_data_01/recover-20220822/UBNA_001/20220819_100000.WAV,recover-20220822,UBNA_001,Telephone Field
1428.5925,1428.6007,39218.0,51582.0,Pipistrellus nathusii,0.46,0.56,-1,Echolocation,/mnt/ubna_data_01/recover-20220822/UBNA_001/20220819_100000.WAV,recover-20220822,UBNA_001,Telephone Field
1429.0105,1429.0173,40937.0,47631.0,Pipistrellus nathusii,0.486,0.525,-1,Echolocation,/mnt/ubna_data_01/recover-20220822/UBNA_001/20220819_100000.WAV,recover-20220822,UBNA_001,Telephone Field
1429.1115,1429.1202,39218.0,56512.0,Pipistrellus nathusii,0.478,0.588,-1,Echolocation,/mnt/ubna_data_01/recover-20220822/UBNA_001/20220819_100000.WAV,recover-20220822,UBNA_001,Telephone Field
1429.2215,1429.2296,38359.0,49003.0,Pipistrellus nathusii,0.467,0.549,-1,Echolocation,/mnt/ubna_data_01/recover-20220822/UBNA_001/20220819_100000.WAV,recover-20220822,UBNA_001,Telephone Field
1429.4235,1429.4312,38359.0,54395.0,Pipistrellus nathusii,0.675,0.709,-1,Echolocation,/mnt/ubna_data_01/recover-20220822/UBNA_001/20220819_100000.WAV,recover-20220822,UBNA_001,Telephone Field
1429.5285,1429.5356,37500.0,55464.0,Pipistrellus nathusii,0.522,0.61,-1,Echolocation,/mnt/ubna_data_01/recover-20220822/UBNA_001/20220819_100000.WAV,recover-20220822,UBNA_001,Telephone Field
1429.7185,1429.7267,39218.0,54308.0,Pipistrellus nathusii,0.537,0.622,-1,Echolocation,/mnt/ubna_data_01/recover-20220822/UBNA_001/20220819_100000.WAV,recover-20220822,UBNA_001,Telephone Field
1429.8255,1429.8347,39218.0,55145.0,Pipistrellus nathusii,0.609,0.653,-1,Echolocation,/mnt/ubna_data_01/recover-20220822/UBNA_001/20220819_100000.WAV,recover-20220822,UBNA_001,Telephone Field
1430.5095,1430.5165,37500.0,66396.0,Myotis daubentonii,0.222,0.538,-1,Echolocation,/mnt/ubna_data_01/recover-20220822/UBNA_001/20220819_100000.WAV,recover-20220822,UBNA_001,Telephone Field
1430.5735,1430.5799,37500.0,68801.0,Myotis daubentonii,0.304,0.534,-1,Echolocation,/mnt/ubna_data_01/recover-20220822/UBNA_001/20220819_100000.WAV,recover-20220822,UBNA_001,Telephone Field
1431.2045,1431.2113,35781.0,64036.0,Pipistrellus nathusii,0.235,0.509,-1,Echolocation,/mnt/ubna_data_01/recover-20220822/UBNA_001/20220819_100000.WAV,recover-20220822,UBNA_001,Telephone Field
1431.2895,1431.2981,40078.0,69300.0,Pipistrellus nathusii,0.446,0.546,-1,Echolocation,/mnt/ubna_data_01/recover-20220822/UBNA_001/20220819_100000.WAV,recover-20220822,UBNA_001,Telephone Field
1431.3845,1431.3925,37500.0,68930.0,Pipistrellus nathusii,0.366,0.528,-1,Echolocation,/mnt/ubna_data_01/recover-20220822/UBNA_001/20220819_100000.WAV,recover-20220822,UBNA_001,Telephone Field
1432.1825,1432.1916,39218.0,57696.0,Pipistrellus nathusii,0.477,0.536,-1,Echolocation,/mnt/ubna_data_01/recover-20220822/UBNA_001/20220819_100000.WAV,recover-20220822,UBNA_001,Telephone Field
1432.4675,1432.4749,37500.0,66808.0,Pipistrellus nathusii,0.392,0.53,-1,Echolocation,/mnt/ubna_data_01/recover-20220822/UBNA_001/20220819_100000.WAV,recover-20220822,UBNA_001,Telephone Field
1432.5565,1432.5634,37500.0,70185.0,Pipistrellus nathusii,0.291,0.537,-1,Echolocation,/mnt/ubna_data_01/recover-20220822/UBNA_001/20220819_100000.WAV,recover-20220822,UBNA_001,Telephone Field
1433.4245,1433.4315,40078.0,64592.0,Pipistrellus nathusii,0.404,0.542,-1,Echolocation,/mnt/ubna_data_01/recover-20220822/UBNA_001/20220819_100000.WAV,recover-20220822,UBNA_001,Telephone Field
1434.1955,1434.2016,37500.0,65592.0,Pipistrellus nathusii,0.374,0.544,-1,Echolocation,/mnt/ubna_data_01/recover-20220822/UBNA_001/20220819_100000.WAV,recover-20220822,UBNA_001,Telephone Field
1435.5975,1435.602,48671.0,61017.0,Pipistrellus pipistrellus,0.446,0.526,-1,Echolocation,/mnt/ubna_data_01/recover-20220822/UBNA_001/20220819_100000.WAV,recover-20220822,UBNA_001,Telephone Field
1435.6945,1435.6988,48671.0,63023.0,Pipistrellus pipistrellus,0.467,0.556,-1,Echolocation,/mnt/ubna_data_01/recover-20220822/UBNA_001/20220819_100000.WAV,recover-20220822,UBNA_001,Telephone Field
1435.8575,1435.8629,36640.0,63015.0,Myotis daubentonii,0.294,0.517,-1,Echolocation,/mnt/ubna_data_01/recover-20220822/UBNA_001/20220819_100000.WAV,recover-20220822,UBNA_001,Telephone Field
1436.1875,1436.1938,46093.0,61962.0,Pipistrellus pipistrellus,0.469,0.675,-1,Echolocation,/mnt/ubna_data_01/recover-20220822/UBNA_001/20220819_100000.WAV,recover-20220822,UBNA_001,Telephone Field
1436.4015,1436.4102,40937.0,61119.0,Pipistrellus pipistrellus,0.275,0.573,-1,Echolocation,/mnt/ubna_data_01/recover-20220822/UBNA_001/20220819_100000.WAV,recover-20220822,UBNA_001,Telephone Field
1436.4705,1436.4797,46093.0,61406.0,Pipistrellus pipistrellus,0.321,0.539,-1,Echolocation,/mnt/ubna_data_01/recover-20220822/UBNA_001/20220819_100000.WAV,recover-20220822,UBNA_001,Telephone Field
1436.6175,1436.6238,36640.0,61547.0,Myotis daubentonii,0.239,0.503,-1,Echolocation,/mnt/ubna_data_01/recover-20220822/UBNA_001/20220819_100000.WAV,recover-20220822,UBNA_001,Telephone Field
1436.6655,1436.6721,46093.0,62761.0,Pipistrellus pipistrellus,0.434,0.586,-1,Echolocation,/mnt/ubna_data_01/recover-20220822/UBNA_001/20220819_100000.WAV,recover-20220822,UBNA_001,Telephone Field
1436.7535,1436.7595,46953.0,64871.0,Pipistrellus pipistrellus,0.478,0.59,-1,Echolocation,/mnt/ubna_data_01/recover-20220822/UBNA_001/20220819_100000.WAV,recover-20220822,UBNA_001,Telephone Field
1436.9495,1436.9581,46093.0,62176.0,Pipistrellus pipistrellus,0.48,0.699,-1,Echolocation,/mnt/ubna_data_01/recover-20220822/UBNA_001/20220819_100000.WAV,recover-20220822,UBNA_001,Telephone Field
1437.0215,1437.0289,41796.0,52397.0,Pipistrellus nathusii,0.407,0.513,-1,Echolocation,/mnt/ubna_data_01/recover-20220822/UBNA_001/20220819_100000.WAV,recover-20220822,UBNA_001,Telephone Field
1437.2175,1437.225,40078.0,54978.0,Pipistrellus nathusii,0.503,0.576,-1,Echolocation,/mnt/ubna_data_01/recover-20220822/UBNA_001/20220819_100000.WAV,recover-20220822,UBNA_001,Telephone Field
1437.2865,1437.2909,46093.0,60373.0,Pipistrellus pipistrellus,0.46,0.556,-1,Echolocation,/mnt/ubna_data_01/recover-20220822/UBNA_001/20220819_100000.WAV,recover-20220822,UBNA_001,Telephone Field
1437.3215,1437.329,40078.0,51510.0,Pipistrellus nathusii,0.457,0.53,-1,Echolocation,/mnt/ubna_data_01/recover-20220822/UBNA_001/20220819_100000.WAV,recover-20220822,UBNA_001,Telephone Field
1437.3895,1437.3937,46953.0,62724.0,Pipistrellus pipistrellus,0.364,0.5,-1,Echolocation,/mnt/ubna_data_01/recover-20220822/UBNA_001/20220819_100000.WAV,recover-20220822,UBNA_001,Telephone Field
1437.4185,1437.4248,40078.0,57174.0,Pipistrellus nathusii,0.446,0.522,-1,Echolocation,/mnt/ubna_data_01/recover-20220822/UBNA_001/20220819_100000.WAV,recover-20220822,UBNA_001,Telephone Field
1437.4595,1437.4633,47812.0,61254.0,Pipistrellus pipistrellus,0.463,0.537,-1,Echolocation,/mnt/ubna_data_01/recover-20220822/UBNA_001/20220819_100000.WAV,recover-20220822,UBNA_001,Telephone Field
1437.7095,1437.716,38359.0,53508.0,Pipistrellus nathusii,0.435,0.535,-1,Echolocation,/mnt/ubna_data_01/recover-20220822/UBNA_001/20220819_100000.WAV,recover-20220822,UBNA_001,Telephone Field
1438.1175,1438.1271,39218.0,53207.0,Pipistrellus nathusii,0.427,0.507,-1,Echolocation,/mnt/ubna_data_01/recover-20220822/UBNA_001/20220819_100000.WAV,recover-20220822,UBNA_001,Telephone Field
1438.2215,1438.2292,39218.0,49168.0,Pipistrellus nathusii,0.506,0.571,-1,Echolocation,/mnt/ubna_data_01/recover-20220822/UBNA_001/20220819_100000.WAV,recover-20220822,UBNA_001,Telephone Field
1438.4065,1438.4151,39218.0,58527.0,Pipistrellus nathusii,0.35,0.512,-1,Echolocation,/mnt/ubna_data_01/recover-20220822/UBNA_001/20220819_100000.WAV,recover-20220822,UBNA_001,Telephone Field
1438.6985,1438.706,39218.0,58074.0,Pipistrellus nathusii,0.514,0.57,-1,Echolocation,/mnt/ubna_data_01/recover-20220822/UBNA_001/20220819_100000.WAV,recover-20220822,UBNA_001,Telephone Field
1439.0785,1439.0859,40078.0,62152.0,Pipistrellus nathusii,0.414,0.505,-1,Echolocation,/mnt/ubna_data_01/recover-20220822/UBNA_001/20220819_100000.WAV,recover-20220822,UBNA_001,Telephone Field
1439.1775,1439.1857,39218.0,60222.0,Pipistrellus nathusii,0.377,0.516,-1,Echolocation,/mnt/ubna_data_01/recover-20220822/UBNA_001/20220819_100000.WAV,recover-20220822,UBNA_001,Telephone Field
1439.3605,1439.3689,40078.0,60290.0,Pipistrellus nathusii,0.361,0.507,-1,Echolocation,/mnt/ubna_data_01/recover-20220822/UBNA_001/20220819_100000.WAV,recover-20220822,UBNA_001,Telephone Field
1439.5585,1439.5671,40078.0,64268.0,Pipistrellus nathusii,0.394,0.516,-1,Echolocation,/mnt/ubna_data_01/recover-20220822/UBNA_001/20220819_100000.WAV,recover-20220822,UBNA_001,Telephone Field
1442.0255,1442.0321,39218.0,65607.0,Pipistrellus nathusii,0.415,0.571,-1,Echolocation,/mnt/ubna_data_01/recover-20220822/UBNA_001/20220819_100000.WAV,recover-20220822,UBNA_001,Telephone Field
1442.1225,1442.129,40937.0,70211.0,Pipistrellus nathusii,0.528,0.592,-1,Echolocation,/mnt/ubna_data_01/recover-20220822/UBNA_001/20220819_100000.WAV,recover-20220822,UBNA_001,Telephone Field
1442.2175,1442.2245,39218.0,63399.0,Pipistrellus nathusii,0.467,0.562,-1,Echolocation,/mnt/ubna_data_01/recover-20220822/UBNA_001/20220819_100000.WAV,recover-20220822,UBNA_001,Telephone Field
1442.3195,1442.3261,38359.0,60011.0,Pipistrellus nathusii,0.321,0.521,-1,Echolocation,/mnt/ubna_data_01/recover-20220822/UBNA_001/20220819_100000.WAV,recover-20220822,UBNA_001,Telephone Field
1442.4245,1442.4314,36640.0,66659.0,Pipistrellus nathusii,0.254,0.535,-1,Echolocation,/mnt/ubna_data_01/recover-20220822/UBNA_001/20220819_100000.WAV,recover-20220822,UBNA_001,Telephone Field
1442.5335,1442.5405,37500.0,64209.0,Pipistrellus nathusii,0.312,0.564,-1,Echolocation,/mnt/ubna_data_01/recover-20220822/UBNA_001/20220819_100000.WAV,recover-20220822,UBNA_001,Telephone Field
1442.6385,1442.6459,37500.0,64637.0,Pipistrellus nathusii,0.339,0.538,-1,Echolocation,/mnt/ubna_data_01/recover-20220822/UBNA_001/20220819_100000.WAV,recover-20220822,UBNA_001,Telephone Field
1442.7475,1442.7541,38359.0,65474.0,Pipistrellus nathusii,0.386,0.533,-1,Echolocation,/mnt/ubna_data_01/recover-20220822/UBNA_001/20220819_100000.WAV,recover-20220822,UBNA_001,Telephone Field
1442.9455,1442.9522,38359.0,59328.0,Pipistrellus nathusii,0.5,0.596,-1,Echolocation,/mnt/ubna_data_01/recover-20220822/UBNA_001/20220819_100000.WAV,recover-20220822,UBNA_001,Telephone Field
1443.0485,1443.0591,39218.0,57328.0,Pipistrellus nathusii,0.441,0.513,-1,Echolocation,/mnt/ubna_data_01/recover-20220822/UBNA_001/20220819_100000.WAV,recover-20220822,UBNA_001,Telephone Field
1443.1455,1443.1533,40078.0,59020.0,Pipistrellus nathusii,0.451,0.557,-1,Echolocation,/mnt/ubna_data_01/recover-20220822/UBNA_001/20220819_100000.WAV,recover-20220822,UBNA_001,Telephone Field
1443.3345,1443.3433,39218.0,61009.0,Pipistrellus nathusii,0.431,0.567,-1,Echolocation,/mnt/ubna_data_01/recover-20220822/UBNA_001/20220819_100000.WAV,recover-20220822,UBNA_001,Telephone Field
1443.4445,1443.4519,40078.0,53727.0,Pipistrellus nathusii,0.497,0.613,-1,Echolocation,/mnt/ubna_data_01/recover-20220822/UBNA_001/20220819_100000.WAV,recover-20220822,UBNA_001,Telephone Field
1443.8785,1443.8851,40078.0,56225.0,Pipistrellus nathusii,0.372,0.514,-1,Echolocation,/mnt/ubna_data_01/recover-20220822/UBNA_001/20220819_100000.WAV,recover-20220822,UBNA_001,Telephone Field
1445.4755,1445.4846,40937.0,63124.0,Pipistrellus nathusii,0.548,0.639,-1,Echolocation,/mnt/ubna_data_01/recover-20220822/UBNA_001/20220819_100000.WAV,recover-20220822,UBNA_001,Telephone Field
1445.5665,1445.5747,41796.0,63609.0,Pipistrellus nathusii,0.402,0.598,-1,Echolocation,/mnt/ubna_data_01/recover-20220822/UBNA_001/20220819_100000.WAV,recover-20220822,UBNA_001,Telephone Field
1445.6575,1445.6678,40078.0,62146.0,Pipistrellus nathusii,0.456,0.586,-1,Echolocation,/mnt/ubna_data_01/recover-20220822/UBNA_001/20220819_100000.WAV,recover-20220822,UBNA_001,Telephone Field
1445.7355,1445.742,41796.0,62097.0,Pipistrellus nathusii,0.608,0.676,-1,Echolocation,/mnt/ubna_data_01/recover-20220822/UBNA_001/20220819_100000.WAV,recover-20220822,UBNA_001,Telephone Field
1445.7915,1445.7983,41796.0,62085.0,Pipistrellus nathusii,0.262,0.548,-1,Echolocation,/mnt/ubna_data_01/recover-20220822/UBNA_001/20220819_100000.WAV,recover-20220822,UBNA_001,Telephone Field
1445.9055,1445.9112,41796.0,59558.0,Pipistrellus nathusii,0.236,0.515,-1,Echolocation,/mnt/ubna_data_01/recover-20220822/UBNA_001/20220819_100000.WAV,recover-20220822,UBNA_001,Telephone Field
1446.5535,1446.5613,40937.0,48907.0,Pipistrellus nathusii,0.503,0.568,-1,Echolocation,/mnt/ubna_data_01/recover-20220822/UBNA_001/20220819_100000.WAV,recover-20220822,UBNA_001,Telephone Field
1446.7895,1446.7963,42656.0,48263.0,Pipistrellus nathusii,0.468,0.513,-1,Echolocation,/mnt/ubna_data_01/recover-20220822/UBNA_001/20220819_100000.WAV,recover-20220822,UBNA_001,Telephone Field
1446.8865,1446.8921,43515.0,55325.0,Pipistrellus pipistrellus,0.395,0.677,-1,Echolocation,/mnt/ubna_data_01/recover-20220822/UBNA_001/20220819_100000.WAV,recover-20220822,UBNA_001,Telephone Field
1447.2885,1447.2941,41796.0,58833.0,Pipistrellus nathusii,0.327,0.546,-1,Echolocation,/mnt/ubna_data_01/recover-20220822/UBNA_001/20220819_100000.WAV,recover-20220822,UBNA_001,Telephone Field
1447.4465,1447.4539,39218.0,64082.0,Pipistrellus nathusii,0.457,0.56,-1,Echolocation,/mnt/ubna_data_01/recover-20220822/UBNA_001/20220819_100000.WAV,recover-20220822,UBNA_001,Telephone Field
1447.7305,1447.7374,37500.0,62044.0,Pipistrellus nathusii,0.466,0.516,-1,Echolocation,/mnt/ubna_data_01/recover-20220822/UBNA_001/20220819_100000.WAV,recover-20220822,UBNA_001,Telephone Field
1447.9345,1447.9432,38359.0,56163.0,Pipistrellus nathusii,0.486,0.55,-1,Echolocation,/mnt/ubna_data_01/recover-20220822/UBNA_001/20220819_100000.WAV,recover-20220822,UBNA_001,Telephone Field
1448.0355,1448.0448,36640.0,56555.0,Pipistrellus nathusii,0.476,0.534,-1,Echolocation,/mnt/ubna_data_01/recover-20220822/UBNA_001/20220819_100000.WAV,recover-20220822,UBNA_001,Telephone Field
1448.1465,1448.1537,38359.0,60469.0,Pipistrellus nathusii,0.576,0.661,-1,Echolocation,/mnt/ubna_data_01/recover-20220822/UBNA_001/20220819_100000.WAV,recover-20220822,UBNA_001,Telephone Field
1448.2545,1448.263,38359.0,64137.0,Pipistrellus nathusii,0.554,0.639,-1,Echolocation,/mnt/ubna_data_01/recover-20220822/UBNA_001/20220819_100000.WAV,recover-20220822,UBNA_001,Telephone Field
1448.3805,1448.3885,37500.0,59063.0,Pipistrellus nathusii,0.436,0.539,-1,Echolocation,/mnt/ubna_data_01/recover-20220822/UBNA_001/20220819_100000.WAV,recover-20220822,UBNA_001,Telephone Field
1448.5855,1448.594,37500.0,61886.0,Pipistrellus nathusii,0.461,0.559,-1,Echolocation,/mnt/ubna_data_01/recover-20220822/UBNA_001/20220819_100000.WAV,recover-20220822,UBNA_001,Telephone Field
1448.6945,1448.7046,38359.0,57320.0,Pipistrellus nathusii,0.468,0.572,-1,Echolocation,/mnt/ubna_data_01/recover-20220822/UBNA_001/20220819_100000.WAV,recover-20220822,UBNA_001,Telephone Field
1448.7955,1448.8042,37500.0,60188.0,Pipistrellus nathusii,0.573,0.628,-1,Echolocation,/mnt/ubna_data_01/recover-20220822/UBNA_001/20220819_100000.WAV,recover-20220822,UBNA_001,Telephone Field
1448.8915,1448.8997,38359.0,56614.0,Pipistrellus nathusii,0.49,0.519,-1,Echolocation,/mnt/ubna_data_01/recover-20220822/UBNA_001/20220819_100000.WAV,recover-20220822,UBNA_001,Telephone Field
1448.9885,1448.9968,37500.0,58232.0,Pipistrellus nathusii,0.532,0.611,-1,Echolocation,/mnt/ubna_data_01/recover-20220822/UBNA_001/20220819_100000.WAV,recover-20220822,UBNA_001,Telephone Field
1449.0905,1449.0985,36640.0,64148.0,Pipistrellus nathusii,0.526,0.6,-1,Echolocation,/mnt/ubna_data_01/recover-20220822/UBNA_001/20220819_100000.WAV,recover-20220822,UBNA_001,Telephone Field
1449.1895,1449.1972,37500.0,53641.0,Pipistrellus nathusii,0.542,0.597,-1,Echolocation,/mnt/ubna_data_01/recover-20220822/UBNA_001/20220819_100000.WAV,recover-20220822,UBNA_001,Telephone Field
1449.3875,1449.396,35781.0,60552.0,Pipistrellus nathusii,0.458,0.552,-1,Echolocation,/mnt/ubna_data_01/recover-20220822/UBNA_001/20220819_100000.WAV,recover-20220822,UBNA_001,Telephone Field
1449.4745,1449.4836,36640.0,62500.0,Pipistrellus nathusii,0.397,0.538,-1,Echolocation,/mnt/ubna_data_01/recover-20220822/UBNA_001/20220819_100000.WAV,recover-20220822,UBNA_001,Telephone Field
1449.6535,1449.6607,37500.0,67866.0,Pipistrellus nathusii,0.455,0.599,-1,Echolocation,/mnt/ubna_data_01/recover-20220822/UBNA_001/20220819_100000.WAV,recover-20220822,UBNA_001,Telephone Field
1449.7485,1449.7558,37500.0,69386.0,Pipistrellus nathusii,0.547,0.632,-1,Echolocation,/mnt/ubna_data_01/recover-20220822/UBNA_001/20220819_100000.WAV,recover-20220822,UBNA_001,Telephone Field
1450.0255,1450.0332,38359.0,71610.0,Pipistrellus nathusii,0.389,0.511,-1,Echolocation,/mnt/ubna_data_01/recover-20220822/UBNA_001/20220819_100000.WAV,recover-20220822,UBNA_001,Telephone Field
1450.3165,1450.3232,38359.0,69031.0,Pipistrellus nathusii,0.429,0.585,-1,Echolocation,/mnt/ubna_data_01/recover-20220822/UBNA_001/20220819_100000.WAV,recover-20220822,UBNA_001,Telephone Field
1450.4055,1450.4128,40937.0,70962.0,Pipistrellus nathusii,0.423,0.506,-1,Echolocation,/mnt/ubna_data_01/recover-20220822/UBNA_001/20220819_100000.WAV,recover-20220822,UBNA_001,Telephone Field
1450.5035,1450.5103,39218.0,67298.0,Pipistrellus nathusii,0.366,0.564,-1,Echolocation,/mnt/ubna_data_01/recover-20220822/UBNA_001/20220819_100000.WAV,recover-20220822,UBNA_001,Telephone Field
1450.8735,1450.8802,39218.0,66993.0,Pipistrellus nathusii,0.38,0.573,-1,Echolocation,/mnt/ubna_data_01/recover-20220822/UBNA_001/20220819_100000.WAV,recover-20220822,UBNA_001,Telephone Field
1451.0625,1451.0699,40078.0,58522.0,Pipistrellus nathusii,0.606,0.615,-1,Echolocation,/mnt/ubna_data_01/recover-20220822/UBNA_001/20220819_100000.WAV,recover-20220822,UBNA_001,Telephone Field
1451.2445,1451.2513,39218.0,75675.0,Pipistrellus nathusii,0.417,0.558,-1,Echolocation,/mnt/ubna_data_01/recover-20220822/UBNA_001/20220819_100000.WAV,recover-20220822,UBNA_001,Telephone Field
1451.4215,1451.4283,40078.0,71729.0,Pipistrellus nathusii,0.428,0.531,-1,Echolocation,/mnt/ubna_data_01/recover-20220822/UBNA_001/20220819_100000.WAV,recover-20220822,UBNA_001,Telephone Field
1451.5855,1451.5927,40078.0,74791.0,Pipistrellus nathusii,0.445,0.558,-1,Echolocation,/mnt/ubna_data_01/recover-20220822/UBNA_001/20220819_100000.WAV,recover-20220822,UBNA_001,Telephone Field
1451.7615,1451.7676,38359.0,72599.0,Pipistrellus nathusii,0.265,0.53,-1,Echolocation,/mnt/ubna_data_01/recover-20220822/UBNA_001/20220819_100000.WAV,recover-20220822,UBNA_001,Telephone Field
1452.1655,1452.1736,40937.0,66370.0,Pipistrellus nathusii,0.493,0.575,-1,Echolocation,/mnt/ubna_data_01/recover-20220822/UBNA_001/20220819_100000.WAV,recover-20220822,UBNA_001,Telephone Field
1452.2565,1452.2631,40078.0,69292.0,Pipistrellus nathusii,0.406,0.51,-1,Echolocation,/mnt/ubna_data_01/recover-20220822/UBNA_001/20220819_100000.WAV,recover-20220822,UBNA_001,Telephone Field
1452.3685,1452.3753,40937.0,69290.0,Pipistrellus nathusii,0.475,0.55,-1,Echolocation,/mnt/ubna_data_01/recover-20220822/UBNA_001/20220819_100000.WAV,recover-20220822,UBNA_001,Telephone Field
1452.5775,1452.586,39218.0,65409.0,Pipistrellus nathusii,0.569,0.619,-1,Echolocation,/mnt/ubna_data_01/recover-20220822/UBNA_001/20220819_100000.WAV,recover-20220822,UBNA_001,Telephone Field
1452.6825,1452.6918,40078.0,67336.0,Pipistrellus nathusii,0.588,0.677,-1,Echolocation,/mnt/ubna_data_01/recover-20220822/UBNA_001/20220819_100000.WAV,recover-20220822,UBNA_001,Telephone Field
1452.7885,1452.7985,40078.0,62818.0,Pipistrellus nathusii,0.499,0.577,-1,Echolocation,/mnt/ubna_data_01/recover-20220822/UBNA_001/20220819_100000.WAV,recover-20220822,UBNA_001,Telephone Field
1452.8895,1452.8985,37500.0,62838.0,Pipistrellus nathusii,0.5,0.581,-1,Echolocation,/mnt/ubna_data_01/recover-20220822/UBNA_001/20220819_100000.WAV,recover-20220822,UBNA_001,Telephone Field
1452.9995,1453.0091,39218.0,64686.0,Pipistrellus nathusii,0.519,0.576,-1,Echolocation,/mnt/ubna_data_01/recover-20220822/UBNA_001/20220819_100000.WAV,recover-20220822,UBNA_001,Telephone Field
1453.1095,1453.1175,39218.0,55083.0,Pipistrellus nathusii,0.596,0.661,-1,Echolocation,/mnt/ubna_data_01/recover-20220822/UBNA_001/20220819_100000.WAV,recover-20220822,UBNA_001,Telephone Field
1453.3145,1453.3232,36640.0,64698.0,Pipistrellus nathusii,0.553,0.603,-1,Echolocation,/mnt/ubna_data_01/recover-20220822/UBNA_001/20220819_100000.WAV,recover-20220822,UBNA_001,Telephone Field
1453.4205,1453.429,37500.0,68273.0,Pipistrellus nathusii,0.476,0.552,-1,Echolocation,/mnt/ubna_data_01/recover-20220822/UBNA_001/20220819_100000.WAV,recover-20220822,UBNA_001,Telephone Field
1453.5295,1453.5402,38359.0,57469.0,Pipistrellus nathusii,0.486,0.574,-1,Echolocation,/mnt/ubna_data_01/recover-20220822/UBNA_001/20220819_100000.WAV,recover-20220822,UBNA_001,Telephone Field
1453.6385,1453.6453,35781.0,58373.0,Pipistrellus nathusii,0.442,0.558,-1,Echolocation,/mnt/ubna_data_01/recover-20220822/UBNA_001/20220819_100000.WAV,recover-20220822,UBNA_001,Telephone Field
1453.7475,1453.7563,37500.0,55329.0,Pipistrellus nathusii,0.413,0.569,-1,Echolocation,/mnt/ubna_data_01/recover-20220822/UBNA_001/20220819_100000.WAV,recover-20220822,UBNA_001,Telephone Field
1453.9605,1453.9688,36640.0,59017.0,Pipistrellus nathusii,0.483,0.538,-1,Echolocation,/mnt/ubna_data_01/recover-20220822/UBNA_001/20220819_100000.WAV,recover-20220822,UBNA_001,Telephone Field
1454.0755,1454.0833,38359.0,48683.0,Pipistrellus nathusii,0.598,0.689,-1,Echolocation,/mnt/ubna_data_01/recover-20220822/UBNA_001/20220819_100000.WAV,recover-20220822,UBNA_001,Telephone Field
1454.7085,1454.7156,38359.0,47973.0,Pipistrellus nathusii,0.295,0.531,-1,Echolocation,/mnt/ubna_data_01/recover-20220822/UBNA_001/20220819_100000.WAV,recover-20220822,UBNA_001,Telephone Field
1454.8215,1454.8272,35781.0,53285.0,Pipistrellus nathusii,0.208,0.549,-1,Echolocation,/mnt/ubna_data_01/recover-20220822/UBNA_001/20220819_100000.WAV,recover-20220822,UBNA_001,Telephone Field
1455.0205,1455.028,36640.0,52060.0,Pipistrellus nathusii,0.451,0.578,-1,Echolocation,/mnt/ubna_data_01/recover-20220822/UBNA_001/20220819_100000.WAV,recover-20220822,UBNA_001,Telephone Field
1455.1245,1455.1318,37500.0,55185.0,Pipistrellus nathusii,0.439,0.569,-1,Echolocation,/mnt/ubna_data_01/recover-20220822/UBNA_001/20220819_100000.WAV,recover-20220822,UBNA_001,Telephone Field
1455.2315,1455.2393,38359.0,46452.0,Pipistrellus nathusii,0.426,0.527,-1,Echolocation,/mnt/ubna_data_01/recover-20220822/UBNA_001/20220819_100000.WAV,recover-20220822,UBNA_001,Telephone Field
1457.4135,1457.4196,38359.0,62298.0,Pipistrellus nathusii,0.363,0.56,-1,Echolocation,/mnt/ubna_data_01/recover-20220822/UBNA_001/20220819_100000.WAV,recover-20220822,UBNA_001,Telephone Field
1457.5045,1457.5111,38359.0,60623.0,Pipistrellus nathusii,0.474,0.563,-1,Echolocation,/mnt/ubna_data_01/recover-20220822/UBNA_001/20220819_100000.WAV,recover-20220822,UBNA_001,Telephone Field
1457.6045,1457.6118,38359.0,57304.0,Pipistrellus nathusii,0.407,0.544,-1,Echolocation,/mnt/ubna_data_01/recover-20220822/UBNA_001/20220819_100000.WAV,recover-20220822,UBNA_001,Telephone Field
1457.7055,1457.7116,37500.0,62017.0,Pipistrellus nathusii,0.42,0.526,-1,Echolocation,/mnt/ubna_data_01/recover-20220822/UBNA_001/20220819_100000.WAV,recover-20220822,UBNA_001,Telephone Field
1457.8085,1457.8156,38359.0,62016.0,Pipistrellus nathusii,0.392,0.512,-1,Echolocation,/mnt/ubna_data_01/recover-20220822/UBNA_001/20220819_100000.WAV,recover-20220822,UBNA_001,Telephone Field
1457.9095,1457.9156,35781.0,62037.0,Pipistrellus nathusii,0.383,0.549,-1,Echolocation,/mnt/ubna_data_01/recover-20220822/UBNA_001/20220819_100000.WAV,recover-20220822,UBNA_001,Telephone Field
1458.0125,1458.0202,36640.0,64083.0,Pipistrellus nathusii,0.419,0.523,-1,Echolocation,/mnt/ubna_data_01/recover-20220822/UBNA_001/20220819_100000.WAV,recover-20220822,UBNA_001,Telephone Field
1458.5305,1458.538,37500.0,66789.0,Pipistrellus nathusii,0.404,0.512,-1,Echolocation,/mnt/ubna_data_01/recover-20220822/UBNA_001/20220819_100000.WAV,recover-20220822,UBNA_001,Telephone Field
1458.6295,1458.6368,35781.0,68323.0,Pipistrellus nathusii,0.404,0.537,-1,Echolocation,/mnt/ubna_data_01/recover-20220822/UBNA_001/20220819_100000.WAV,recover-20220822,UBNA_001,Telephone Field
1459.3465,1459.3531,36640.0,73315.0,Pipistrellus nathusii,0.35,0.5,-1,Echolocation,/mnt/ubna_data_01/recover-20220822/UBNA_001/20220819_100000.WAV,recover-20220822,UBNA_001,Telephone Field
1459.7455,1459.7528,37500.0,66351.0,Pipistrellus nathusii,0.445,0.508,-1,Echolocation,/mnt/ubna_data_01/recover-20220822/UBNA_001/20220819_100000.WAV,recover-20220822,UBNA_001,Telephone Field
1459.8465,1459.8546,39218.0,66985.0,Pipistrellus nathusii,0.441,0.558,-1,Echolocation,/mnt/ubna_data_01/recover-20220822/UBNA_001/20220819_100000.WAV,recover-20220822,UBNA_001,Telephone Field
1460.1325,1460.1401,38359.0,74591.0,Pipistrellus nathusii,0.458,0.53,-1,Echolocation,/mnt/ubna_data_01/recover-20220822/UBNA_001/20220819_100000.WAV,recover-20220822,UBNA_001,Telephone Field
1460.3345,1460.3421,37500.0,67909.0,Pipistrellus nathusii,0.462,0.556,-1,Echolocation,/mnt/ubna_data_01/recover-20220822/UBNA_001/20220819_100000.WAV,recover-20220822,UBNA_001,Telephone Field
1460.4315,1460.4389,38359.0,61732.0,Pipistrellus nathusii,0.468,0.564,-1,Echolocation,/mnt/ubna_data_01/recover-20220822/UBNA_001/20220819_100000.WAV,recover-20220822,UBNA_001,Telephone Field
1460.6145,1460.6226,38359.0,69146.0,Pipistrellus nathusii,0.564,0.609,-1,Echolocation,/mnt/ubna_data_01/recover-20220822/UBNA_001/20220819_100000.WAV,recover-20220822,UBNA_001,Telephone Field
1460.7155,1460.7246,39218.0,57828.0,Pipistrellus nathusii,0.501,0.553,-1,Echolocation,/mnt/ubna_data_01/recover-20220822/UBNA_001/20220819_100000.WAV,recover-20220822,UBNA_001,Telephone Field
1460.8965,1460.9045,39218.0,59693.0,Pipistrellus nathusii,0.531,0.598,-1,Echolocation,/mnt/ubna_data_01/recover-20220822/UBNA_001/20220819_100000.WAV,recover-20220822,UBNA_001,Telephone Field
1460.9985,1461.006,40937.0,59626.0,Pipistrellus nathusii,0.449,0.515,-1,Echolocation,/mnt/ubna_data_01/recover-20220822/UBNA_001/20220819_100000.WAV,recover-20220822,UBNA_001,Telephone Field
1461.1755,1461.1828,40078.0,63868.0,Pipistrellus nathusii,0.482,0.606,-1,Echolocation,/mnt/ubna_data_01/recover-20220822/UBNA_001/20220819_100000.WAV,recover-20220822,UBNA_001,Telephone Field
1461.2835,1461.2934,40078.0,46325.0,Pipistrellus nathusii,0.557,0.568,-1,Echolocation,/mnt/ubna_data_01/recover-20220822/UBNA_001/20220819_100000.WAV,recover-20220822,UBNA_001,Telephone Field
1461.3825,1461.3932,40937.0,56231.0,Pipistrellus nathusii,0.464,0.538,-1,Echolocation,/mnt/ubna_data_01/recover-20220822/UBNA_001/20220819_100000.WAV,recover-20220822,UBNA_001,Telephone Field
1461.5705,1461.5783,37500.0,62980.0,Pipistrellus nathusii,0.346,0.507,-1,Echolocation,/mnt/ubna_data_01/recover-20220822/UBNA_001/20220819_100000.WAV,recover-20220822,UBNA_001,Telephone Field
1461.7625,1461.7712,40078.0,51675.0,Pipistrellus nathusii,0.512,0.527,-1,Echolocation,/mnt/ubna_data_01/recover-20220822/UBNA_001/20220819_100000.WAV,recover-20220822,UBNA_001,Telephone Field
1464.4085,1464.4149,40078.0,64167.0,Pipistrellus nathusii,0.483,0.563,-1,Echolocation,/mnt/ubna_data_01/recover-20220822/UBNA_001/20220819_100000.WAV,recover-20220822,UBNA_001,Telephone Field
1464.5035,1464.5114,39218.0,56126.0,Pipistrellus nathusii,0.674,0.695,-1,Echolocation,/mnt/ubna_data_01/recover-20220822/UBNA_001/20220819_100000.WAV,recover-20220822,UBNA_001,Telephone Field
1464.6815,1464.6869,42656.0,61409.0,Pipistrellus nathusii,0.424,0.519,-1,Echolocation,/mnt/ubna_data_01/recover-20220822/UBNA_001/20220819_100000.WAV,recover-20220822,UBNA_001,Telephone Field
1466.0065,1466.013,40078.0,59019.0,Myotis daubentonii,0.204,0.508,-1,Echolocation,/mnt/ubna_data_01/recover-20220822/UBNA_001/20220819_100000.WAV,recover-20220822,UBNA_001,Telephone Field
1466.5905,1466.5974,41796.0,60455.0,Pipistrellus nathusii,0.465,0.541,-1,Echolocation,/mnt/ubna_data_01/recover-20220822/UBNA_001/20220819_100000.WAV,recover-20220822,UBNA_001,Telephone Field
1466.9955,1467.0045,39218.0,62029.0,Pipistrellus nathusii,0.456,0.517,-1,Echolocation,/mnt/ubna_data_01/recover-20220822/UBNA_001/20220819_100000.WAV,recover-20220822,UBNA_001,Telephone Field
1467.1145,1467.1196,46093.0,59797.0,Pipistrellus pipistrellus,0.479,0.609,-1,Echolocation,/mnt/ubna_data_01/recover-20220822/UBNA_001/20220819_100000.WAV,recover-20220822,UBNA_001,Telephone Field
1467.1495,1467.1563,40078.0,53722.0,Pipistrellus nathusii,0.335,0.527,-1,Echolocation,/mnt/ubna_data_01/recover-20220822/UBNA_001/20220819_100000.WAV,recover-20220822,UBNA_001,Telephone Field
1467.3895,1467.398,40937.0,60000.0,Pipistrellus nathusii,0.43,0.552,-1,Echolocation,/mnt/ubna_data_01/recover-20220822/UBNA_001/20220819_100000.WAV,recover-20220822,UBNA_001,Telephone Field
1467.5445,1467.5543,40078.0,58854.0,Pipistrellus nathusii,0.523,0.579,-1,Echolocation,/mnt/ubna_data_01/recover-20220822/UBNA_001/20220819_100000.WAV,recover-20220822,UBNA_001,Telephone Field
1467.6335,1467.6431,40078.0,56732.0,Pipistrellus nathusii,0.52,0.576,-1,Echolocation,/mnt/ubna_data_01/recover-20220822/UBNA_001/20220819_100000.WAV,recover-20220822,UBNA_001,Telephone Field
1467.8655,1467.873,40937.0,47117.0,Pipistrellus nathusii,0.481,0.51,-1,Echolocation,/mnt/ubna_data_01/recover-20220822/UBNA_001/20220819_100000.WAV,recover-20220822,UBNA_001,Telephone Field
1468.3635,1468.3697,40078.0,61535.0,Myotis daubentonii,0.196,0.509,-1,Echolocation,/mnt/ubna_data_01/recover-20220822/UBNA_001/20220819_100000.WAV,recover-20220822,UBNA_001,Telephone Field
1468.4535,1468.4593,40937.0,62098.0,Myotis daubentonii,0.225,0.526,-1,Echolocation,/mnt/ubna_data_01/recover-20220822/UBNA_001/20220819_100000.WAV,recover-20220822,UBNA_001,Telephone Field
1468.5345,1468.5406,40078.0,62218.0,Pipistrellus nathusii,0.238,0.535,-1,Echolocation,/mnt/ubna_data_01/recover-20220822/UBNA_001/20220819_100000.WAV,recover-20220822,UBNA_001,Telephone Field
1468.7025,1468.7084,41796.0,61687.0,Pipistrellus nathusii,0.275,0.569,-1,Echolocation,/mnt/ubna_data_01/recover-20220822/UBNA_001/20220819_100000.WAV,recover-20220822,UBNA_001,Telephone Field
1469.4225,1469.4294,39218.0,61679.0,Pipistrellus nathusii,0.42,0.59,-1,Echolocation,/mnt/ubna_data_01/recover-20220822/UBNA_001/20220819_100000.WAV,recover-20220822,UBNA_001,Telephone Field
1469.6255,1469.6324,38359.0,59175.0,Pipistrellus nathusii,0.399,0.546,-1,Echolocation,/mnt/ubna_data_01/recover-20220822/UBNA_001/20220819_100000.WAV,recover-20220822,UBNA_001,Telephone Field
1469.7295,1469.7368,37500.0,56954.0,Pipistrellus nathusii,0.419,0.581,-1,Echolocation,/mnt/ubna_data_01/recover-20220822/UBNA_001/20220819_100000.WAV,recover-20220822,UBNA_001,Telephone Field
1469.9305,1469.937,40078.0,49203.0,Pipistrellus nathusii,0.487,0.552,-1,Echolocation,/mnt/ubna_data_01/recover-20220822/UBNA_001/20220819_100000.WAV,recover-20220822,UBNA_001,Telephone Field
1470.0405,1470.0481,40937.0,56063.0,Pipistrellus nathusii,0.368,0.563,-1,Echolocation,/mnt/ubna_data_01/recover-20220822/UBNA_001/20220819_100000.WAV,recover-20220822,UBNA_001,Telephone Field
1470.1495,1470.1575,40937.0,47750.0,Pipistrellus nathusii,0.579,0.622,-1,Echolocation,/mnt/ubna_data_01/recover-20220822/UBNA_001/20220819_100000.WAV,recover-20220822,UBNA_001,Telephone Field
1470.3655,1470.3733,40937.0,48166.0,Pipistrellus nathusii,0.57,0.626,-1,Echolocation,/mnt/ubna_data_01/recover-20220822/UBNA_001/20220819_100000.WAV,recover-20220822,UBNA_001,Telephone Field
1471.3895,1471.3944,37500.0,46974.0,Pipistrellus nathusii,0.388,0.552,-1,Echolocation,/mnt/ubna_data_01/recover-20220822/UBNA_001/20220819_100000.WAV,recover-20220822,UBNA_001,Telephone Field
1471.5725,1471.5795,38359.0,48134.0,Pipistrellus nathusii,0.333,0.52,-1,Echolocation,/mnt/ubna_data_01/recover-20220822/UBNA_001/20220819_100000.WAV,recover-20220822,UBNA_001,Telephone Field
1471.9765,1471.9829,40937.0,58364.0,Pipistrellus nathusii,0.51,0.577,-1,Echolocation,/mnt/ubna_data_01/recover-20220822/UBNA_001/20220819_100000.WAV,recover-20220822,UBNA_001,Telephone Field
1472.0705,1472.0798,40078.0,58565.0,Pipistrellus nathusii,0.488,0.584,-1,Echolocation,/mnt/ubna_data_01/recover-20220822/UBNA_001/20220819_100000.WAV,recover-20220822,UBNA_001,Telephone Field
1472.1625,1472.1713,40078.0,59777.0,Pipistrellus nathusii,0.547,0.628,-1,Echolocation,/mnt/ubna_data_01/recover-20220822/UBNA_001/20220819_100000.WAV,recover-20220822,UBNA_001,Telephone Field
1472.3345,1472.3441,40078.0,65997.0,Pipistrellus nathusii,0.491,0.598,-1,Echolocation,/mnt/ubna_data_01/recover-20220822/UBNA_001/20220819_100000.WAV,recover-20220822,UBNA_001,Telephone Field
1472.4325,1472.4439,38359.0,61684.0,Pipistrellus nathusii,0.45,0.55,-1,Echolocation,/mnt/ubna_data_01/recover-20220822/UBNA_001/20220819_100000.WAV,recover-20220822,UBNA_001,Telephone Field
1472.5275,1472.5373,39218.0,66634.0,Pipistrellus nathusii,0.499,0.612,-1,Echolocation,/mnt/ubna_data_01/recover-20220822/UBNA_001/20220819_100000.WAV,recover-20220822,UBNA_001,Telephone Field
1472.7095,1472.7194,39218.0,65669.0,Pipistrellus nathusii,0.491,0.567,-1,Echolocation,/mnt/ubna_data_01/recover-20220822/UBNA_001/20220819_100000.WAV,recover-20220822,UBNA_001,Telephone Field
1472.8075,1472.8173,39218.0,64735.0,Pipistrellus nathusii,0.507,0.599,-1,Echolocation,/mnt/ubna_data_01/recover-20220822/UBNA_001/20220819_100000.WAV,recover-20220822,UBNA_001,Telephone Field
1472.9085,1472.9189,39218.0,64890.0,Pipistrellus nathusii,0.422,0.532,-1,Echolocation,/mnt/ubna_data_01/recover-20220822/UBNA_001/20220819_100000.WAV,recover-20220822,UBNA_001,Telephone Field
1473.1025,1473.1129,39218.0,66034.0,Pipistrellus nathusii,0.555,0.613,-1,Echolocation,/mnt/ubna_data_01/recover-20220822/UBNA_001/20220819_100000.WAV,recover-20220822,UBNA_001,Telephone Field
1473.2055,1473.2163,39218.0,65827.0,Pipistrellus nathusii,0.562,0.632,-1,Echolocation,/mnt/ubna_data_01/recover-20220822/UBNA_001/20220819_100000.WAV,recover-20220822,UBNA_001,Telephone Field
1473.3095,1473.3207,39218.0,66260.0,Pipistrellus nathusii,0.515,0.606,-1,Echolocation,/mnt/ubna_data_01/recover-20220822/UBNA_001/20220819_100000.WAV,recover-20220822,UBNA_001,Telephone Field
1473.4075,1473.4164,39218.0,67663.0,Pipistrellus nathusii,0.616,0.677,-1,Echolocation,/mnt/ubna_data_01/recover-20220822/UBNA_001/20220819_100000.WAV,recover-20220822,UBNA_001,Telephone Field
1473.5135,1473.5233,39218.0,64643.0,Pipistrellus nathusii,0.604,0.666,-1,Echolocation,/mnt/ubna_data_01/recover-20220822/UBNA_001/20220819_100000.WAV,recover-20220822,UBNA_001,Telephone Field
1473.7045,1473.7139,38359.0,67394.0,Pipistrellus nathusii,0.584,0.641,-1,Echolocation,/mnt/ubna_data_01/recover-20220822/UBNA_001/20220819_100000.WAV,recover-20220822,UBNA_001,Telephone Field
1473.8115,1473.8206,37500.0,62787.0,Pipistrellus nathusii,0.556,0.624,-1,Echolocation,/mnt/ubna_data_01/recover-20220822/UBNA_001/20220819_100000.WAV,recover-20220822,UBNA_001,Telephone Field
1473.9175,1473.9263,37500.0,57389.0,Pipistrellus nathusii,0.572,0.617,-1,Echolocation,/mnt/ubna_data_01/recover-20220822/UBNA_001/20220819_100000.WAV,recover-20220822,UBNA_001,Telephone Field
1474.1145,1474.1223,36640.0,69699.0,Pipistrellus nathusii,0.56,0.636,-1,Echolocation,/mnt/ubna_data_01/recover-20220822/UBNA_001/20220819_100000.WAV,recover-20220822,UBNA_001,Telephone Field
1474.2175,1474.2252,37500.0,64958.0,Pipistrellus nathusii,0.6,0.643,-1,Echolocation,/mnt/ubna_data_01/recover-20220822/UBNA_001/20220819_100000.WAV,recover-20220822,UBNA_001,Telephone Field
1474.3195,1474.3269,39218.0,56713.0,Pipistrellus nathusii,0.63,0.667,-1,Echolocation,/mnt/ubna_data_01/recover-20220822/UBNA_001/20220819_100000.WAV,recover-20220822,UBNA_001,Telephone Field
1474.4175,1474.4245,37500.0,66156.0,Pipistrellus nathusii,0.572,0.62,-1,Echolocation,/mnt/ubna_data_01/recover-20220822/UBNA_001/20220819_100000.WAV,recover-20220822,UBNA_001,Telephone Field
1474.5195,1474.527,39218.0,63140.0,Pipistrellus nathusii,0.641,0.689,-1,Echolocation,/mnt/ubna_data_01/recover-20220822/UBNA_001/20220819_100000.WAV,recover-20220822,UBNA_001,Telephone Field
1474.6215,1474.6294,38359.0,62449.0,Pipistrellus nathusii,0.698,0.725,-1,Echolocation,/mnt/ubna_data_01/recover-20220822/UBNA_001/20220819_100000.WAV,recover-20220822,UBNA_001,Telephone Field
1474.7275,1474.7358,37500.0,50773.0,Pipistrellus nathusii,0.578,0.611,-1,Echolocation,/mnt/ubna_data_01/recover-20220822/UBNA_001/20220819_100000.WAV,recover-20220822,UBNA_001,Telephone Field
1474.9215,1474.9304,37500.0,59204.0,Pipistrellus nathusii,0.543,0.627,-1,Echolocation,/mnt/ubna_data_01/recover-20220822/UBNA_001/20220819_100000.WAV,recover-20220822,UBNA_001,Telephone Field
1475.0265,1475.0377,37500.0,56309.0,Pipistrellus nathusii,0.5,0.59,-1,Echolocation,/mnt/ubna_data_01/recover-20220822/UBNA_001/20220819_100000.WAV,recover-20220822,UBNA_001,Telephone Field
1475.2235,1475.2331,35781.0,57636.0,Pipistrellus nathusii,0.494,0.579,-1,Echolocation,/mnt/ubna_data_01/recover-20220822/UBNA_001/20220819_100000.WAV,recover-20220822,UBNA_001,Telephone Field
1475.3325,1475.3419,35781.0,61838.0,Pipistrellus nathusii,0.52,0.587,-1,Echolocation,/mnt/ubna_data_01/recover-20220822/UBNA_001/20220819_100000.WAV,recover-20220822,UBNA_001,Telephone Field
1475.4425,1475.4522,37500.0,62672.0,Pipistrellus nathusii,0.572,0.664,-1,Echolocation,/mnt/ubna_data_01/recover-20220822/UBNA_001/20220819_100000.WAV,recover-20220822,UBNA_001,Telephone Field
1475.5645,1475.5749,36640.0,52365.0,Pipistrellus nathusii,0.544,0.591,-1,Echolocation,/mnt/ubna_data_01/recover-20220822/UBNA_001/20220819_100000.WAV,recover-20220822,UBNA_001,Telephone Field
1475.6695,1475.6786,37500.0,52163.0,Pipistrellus nathusii,0.507,0.592,-1,Echolocation,/mnt/ubna_data_01/recover-20220822/UBNA_001/20220819_100000.WAV,recover-20220822,UBNA_001,Telephone Field
1475.7855,1475.7953,38359.0,50660.0,Pipistrellus nathusii,0.578,0.647,-1,Echolocation,/mnt/ubna_data_01/recover-20220822/UBNA_001/20220819_100000.WAV,recover-20220822,UBNA_001,Telephone Field
1476.0955,1476.1024,39218.0,50427.0,Pipistrellus nathusii,0.652,0.672,-1,Echolocation,/mnt/ubna_data_01/recover-20220822/UBNA_001/20220819_100000.WAV,recover-20220822,UBNA_001,Telephone Field
1476.2915,1476.3008,40078.0,46067.0,Pipistrellus nathusii,0.5,0.513,-1,Echolocation,/mnt/ubna_data_01/recover-20220822/UBNA_001/20220819_100000.WAV,recover-20220822,UBNA_001,Telephone Field
1477.1895,1477.1951,41796.0,59602.0,Pipistrellus nathusii,0.544,0.575,-1,Echolocation,/mnt/ubna_data_01/recover-20220822/UBNA_001/20220819_100000.WAV,recover-20220822,UBNA_001,Telephone Field
1477.2815,1477.2883,40078.0,63304.0,Pipistrellus nathusii,0.454,0.554,-1,Echolocation,/mnt/ubna_data_01/recover-20220822/UBNA_001/20220819_100000.WAV,recover-20220822,UBNA_001,Telephone Field
1477.3765,1477.3836,40937.0,54957.0,Pipistrellus nathusii,0.642,0.655,-1,Echolocation,/mnt/ubna_data_01/recover-20220822/UBNA_001/20220819_100000.WAV,recover-20220822,UBNA_001,Telephone Field
1477.4605,1477.4665,40078.0,60132.0,Pipistrellus nathusii,0.501,0.569,-1,Echolocation,/mnt/ubna_data_01/recover-20220822/UBNA_001/20220819_100000.WAV,recover-20220822,UBNA_001,Telephone Field
1477.5465,1477.5536,38359.0,66861.0,Pipistrellus nathusii,0.355,0.546,-1,Echolocation,/mnt/ubna_data_01/recover-20220822/UBNA_001/20220819_100000.WAV,recover-20220822,UBNA_001,Telephone Field
1477.6385,1477.6445,40078.0,65041.0,Pipistrellus nathusii,0.516,0.596,-1,Echolocation,/mnt/ubna_data_01/recover-20220822/UBNA_001/20220819_100000.WAV,recover-20220822,UBNA_001,Telephone Field
1477.7345,1477.7409,37500.0,67601.0,Pipistrellus nathusii,0.296,0.562,-1,Echolocation,/mnt/ubna_data_01/recover-20220822/UBNA_001/20220819_100000.WAV,recover-20220822,UBNA_001,Telephone Field
1477.8315,1477.8383,38359.0,70462.0,Pipistrellus nathusii,0.325,0.523,-1,Echolocation,/mnt/ubna_data_01/recover-20220822/UBNA_001/20220819_100000.WAV,recover-20220822,UBNA_001,Telephone Field
1477.9265,1477.9338,40078.0,70389.0,Pipistrellus nathusii,0.454,0.569,-1,Echolocation,/mnt/ubna_data_01/recover-20220822/UBNA_001/20220819_100000.WAV,recover-20220822,UBNA_001,Telephone Field
1478.0165,1478.0237,39218.0,70691.0,Pipistrellus nathusii,0.491,0.557,-1,Echolocation,/mnt/ubna_data_01/recover-20220822/UBNA_001/20220819_100000.WAV,recover-20220822,UBNA_001,Telephone Field
1478.1065,1478.1142,40078.0,72972.0,Pipistrellus nathusii,0.522,0.588,-1,Echolocation,/mnt/ubna_data_01/recover-20220822/UBNA_001/20220819_100000.WAV,recover-20220822,UBNA_001,Telephone Field
1478.1845,1478.1914,40937.0,72661.0,Pipistrellus nathusii,0.304,0.509,-1,Echolocation,/mnt/ubna_data_01/recover-20220822/UBNA_001/20220819_100000.WAV,recover-20220822,UBNA_001,Telephone Field
1478.9055,1478.9122,39218.0,63005.0,Pipistrellus nathusii,0.499,0.6,-1,Echolocation,/mnt/ubna_data_01/recover-20220822/UBNA_001/20220819_100000.WAV,recover-20220822,UBNA_001,Telephone Field
1478.9945,1479.0015,37500.0,59279.0,Pipistrellus nathusii,0.487,0.586,-1,Echolocation,/mnt/ubna_data_01/recover-20220822/UBNA_001/20220819_100000.WAV,recover-20220822,UBNA_001,Telephone Field
1479.0905,1479.098,37500.0,59078.0,Pipistrellus nathusii,0.523,0.611,-1,Echolocation,/mnt/ubna_data_01/recover-20220822/UBNA_001/20220819_100000.WAV,recover-20220822,UBNA_001,Telephone Field
1479.1885,1479.197,36640.0,61405.0,Pipistrellus nathusii,0.462,0.558,-1,Echolocation,/mnt/ubna_data_01/recover-20220822/UBNA_001/20220819_100000.WAV,recover-20220822,UBNA_001,Telephone Field
1479.3005,1479.3081,36640.0,51093.0,Pipistrellus nathusii,0.469,0.57,-1,Echolocation,/mnt/ubna_data_01/recover-20220822/UBNA_001/20220819_100000.WAV,recover-20220822,UBNA_001,Telephone Field
1479.9335,1479.9394,37500.0,47561.0,Pipistrellus nathusii,0.412,0.502,-1,Echolocation,/mnt/ubna_data_01/recover-20220822/UBNA_001/20220819_100000.WAV,recover-20220822,UBNA_001,Telephone Field
1480.0455,1480.0552,37500.0,59886.0,Pipistrellus nathusii,0.379,0.508,-1,Echolocation,/mnt/ubna_data_01/recover-20220822/UBNA_001/20220819_100000.WAV,recover-20220822,UBNA_001,Telephone Field
1480.1605,1480.1687,38359.0,50928.0,Pipistrellus nathusii,0.352,0.542,-1,Echolocation,/mnt/ubna_data_01/recover-20220822/UBNA_001/20220819_100000.WAV,recover-20220822,UBNA_001,Telephone Field
1480.3665,1480.3766,38359.0,58658.0,Pipistrellus nathusii,0.37,0.521,-1,Echolocation,/mnt/ubna_data_01/recover-20220822/UBNA_001/20220819_100000.WAV,recover-20220822,UBNA_001,Telephone Field
1480.5825,1480.5908,38359.0,45851.0,Pipistrellus nathusii,0.568,0.643,-1,Echolocation,/mnt/ubna_data_01/recover-20220822/UBNA_001/20220819_100000.WAV,recover-20220822,UBNA_001,Telephone Field
1480.7485,1480.7586,39218.0,55410.0,Pipistrellus nathusii,0.412,0.523,-1,Echolocation,/mnt/ubna_data_01/recover-20220822/UBNA_001/20220819_100000.WAV,recover-20220822,UBNA_001,Telephone Field
1480.8945,1480.9002,36640.0,45939.0,Pipistrellus nathusii,0.276,0.505,-1,Echolocation,/mnt/ubna_data_01/recover-20220822/UBNA_001/20220819_100000.WAV,recover-20220822,UBNA_001,Telephone Field
1481.0295,1481.0367,36640.0,48357.0,Pipistrellus nathusii,0.336,0.531,-1,Echolocation,/mnt/ubna_data_01/recover-20220822/UBNA_001/20220819_100000.WAV,recover-20220822,UBNA_001,Telephone Field
1481.1305,1481.1393,39218.0,52082.0,Pipistrellus nathusii,0.401,0.526,-1,Echolocation,/mnt/ubna_data_01/recover-20220822/UBNA_001/20220819_100000.WAV,recover-20220822,UBNA_001,Telephone Field
1481.3215,1481.3277,36640.0,54164.0,Pipistrellus nathusii,0.249,0.511,-1,Echolocation,/mnt/ubna_data_01/recover-20220822/UBNA_001/20220819_100000.WAV,recover-20220822,UBNA_001,Telephone Field
1481.6985,1481.7051,38359.0,56857.0,Pipistrellus nathusii,0.291,0.53,-1,Echolocation,/mnt/ubna_data_01/recover-20220822/UBNA_001/20220819_100000.WAV,recover-20220822,UBNA_001,Telephone Field
1481.7985,1481.8047,37500.0,61311.0,Myotis daubentonii,0.23,0.559,-1,Echolocation,/mnt/ubna_data_01/recover-20220822/UBNA_001/20220819_100000.WAV,recover-20220822,UBNA_001,Telephone Field
1482.4705,1482.4774,40078.0,55756.0,Pipistrellus nathusii,0.258,0.509,-1,Echolocation,/mnt/ubna_data_01/recover-20220822/UBNA_001/20220819_100000.WAV,recover-20220822,UBNA_001,Telephone Field
1482.8395,1482.8453,39218.0,58728.0,Myotis daubentonii,0.209,0.506,-1,Echolocation,/mnt/ubna_data_01/recover-20220822/UBNA_001/20220819_100000.WAV,recover-20220822,UBNA_001,Telephone Field
1483.5315,1483.539,39218.0,65012.0,Pipistrellus nathusii,0.308,0.536,-1,Echolocation,/mnt/ubna_data_01/recover-20220822/UBNA_001/20220819_100000.WAV,recover-20220822,UBNA_001,Telephone Field
1483.6175,1483.6241,38359.0,65768.0,Myotis daubentonii,0.232,0.543,-1,Echolocation,/mnt/ubna_data_01/recover-20220822/UBNA_001/20220819_100000.WAV,recover-20220822,UBNA_001,Telephone Field
1484.2905,1484.2996,40937.0,68702.0,Pipistrellus nathusii,0.478,0.543,-1,Echolocation,/mnt/ubna_data_01/recover-20220822/UBNA_001/20220819_100000.WAV,recover-20220822,UBNA_001,Telephone Field
1484.4665,1484.4746,40937.0,66200.0,Pipistrellus nathusii,0.417,0.545,-1,Echolocation,/mnt/ubna_data_01/recover-20220822/UBNA_001/20220819_100000.WAV,recover-20220822,UBNA_001,Telephone Field
1484.9575,1484.9636,39218.0,63291.0,Myotis daubentonii,0.197,0.501,-1,Echolocation,/mnt/ubna_data_01/recover-20220822/UBNA_001/20220819_100000.WAV,recover-20220822,UBNA_001,Telephone Field
1488.1865,1488.196,36640.0,64033.0,Pipistrellus nathusii,0.377,0.524,-1,Echolocation,/mnt/ubna_data_01/recover-20220822/UBNA_001/20220819_100000.WAV,recover-20220822,UBNA_001,Telephone Field
1488.2945,1488.3036,35781.0,62795.0,Pipistrellus nathusii,0.351,0.524,-1,Echolocation,/mnt/ubna_data_01/recover-20220822/UBNA_001/20220819_100000.WAV,recover-20220822,UBNA_001,Telephone Field
1488.4045,1488.4136,37500.0,61114.0,Pipistrellus nathusii,0.471,0.559,-1,Echolocation,/mnt/ubna_data_01/recover-20220822/UBNA_001/20220819_100000.WAV,recover-20220822,UBNA_001,Telephone Field
1488.9795,1488.9878,39218.0,63089.0,Pipistrellus nathusii,0.431,0.565,-1,Echolocation,/mnt/ubna_data_01/recover-20220822/UBNA_001/20220819_100000.WAV,recover-20220822,UBNA_001,Telephone Field
1489.0745,1489.0828,37500.0,60264.0,Pipistrellus nathusii,0.407,0.552,-1,Echolocation,/mnt/ubna_data_01/recover-20220822/UBNA_001/20220819_100000.WAV,recover-20220822,UBNA_001,Telephone Field
1489.1735,1489.1791,35781.0,55535.0,Myotis daubentonii,0.256,0.511,-1,Echolocation,/mnt/ubna_data_01/recover-20220822/UBNA_001/20220819_100000.WAV,recover-20220822,UBNA_001,Telephone Field
1489.3125,1489.3194,36640.0,59713.0,Pipistrellus nathusii,0.361,0.5,-1,Echolocation,/mnt/ubna_data_01/recover-20220822/UBNA_001/20220819_100000.WAV,recover-20220822,UBNA_001,Telephone Field
1489.4175,1489.4247,37500.0,52129.0,Pipistrellus nathusii,0.388,0.553,-1,Echolocation,/mnt/ubna_data_01/recover-20220822/UBNA_001/20220819_100000.WAV,recover-20220822,UBNA_001,Telephone Field
1489.5175,1489.5252,36640.0,61881.0,Pipistrellus nathusii,0.372,0.572,-1,Echolocation,/mnt/ubna_data_01/recover-20220822/UBNA_001/20220819_100000.WAV,recover-20220822,UBNA_001,Telephone Field
1489.7205,1489.7275,36640.0,50282.0,Pipistrellus nathusii,0.554,0.643,-1,Echolocation,/mnt/ubna_data_01/recover-20220822/UBNA_001/20220819_100000.WAV,recover-20220822,UBNA_001,Telephone Field
1489.8315,1489.8392,37500.0,50251.0,Pipistrellus nathusii,0.571,0.605,-1,Echolocation,/mnt/ubna_data_01/recover-20220822/UBNA_001/20220819_100000.WAV,recover-20220822,UBNA_001,Telephone Field
1490.0215,1490.0294,37500.0,55127.0,Pipistrellus nathusii,0.479,0.592,-1,Echolocation,/mnt/ubna_data_01/recover-20220822/UBNA_001/20220819_100000.WAV,recover-20220822,UBNA_001,Telephone Field
1490.1285,1490.1374,38359.0,47116.0,Pipistrellus nathusii,0.501,0.595,-1,Echolocation,/mnt/ubna_data_01/recover-20220822/UBNA_001/20220819_100000.WAV,recover-20220822,UBNA_001,Telephone Field
1491.3985,1491.405,37500.0,56623.0,Pipistrellus nathusii,0.571,0.66,-1,Echolocation,/mnt/ubna_data_01/recover-20220822/UBNA_001/20220819_100000.WAV,recover-20220822,UBNA_001,Telephone Field
1491.5005,1491.5074,36640.0,48034.0,Pipistrellus nathusii,0.373,0.507,-1,Echolocation,/mnt/ubna_data_01/recover-20220822/UBNA_001/20220819_100000.WAV,recover-20220822,UBNA_001,Telephone Field
1491.9275,1491.9331,36640.0,52651.0,Pipistrellus nathusii,0.291,0.548,-1,Echolocation,/mnt/ubna_data_01/recover-20220822/UBNA_001/20220819_100000.WAV,recover-20220822,UBNA_001,Telephone Field
1492.0355,1492.0423,38359.0,49229.0,Pipistrellus nathusii,0.503,0.546,-1,Echolocation,/mnt/ubna_data_01/recover-20220822/UBNA_001/20220819_100000.WAV,recover-20220822,UBNA_001,Telephone Field
1492.2465,1492.2545,39218.0,50332.0,Pipistrellus nathusii,0.469,0.52,-1,Echolocation,/mnt/ubna_data_01/recover-20220822/UBNA_001/20220819_100000.WAV,recover-20220822,UBNA_001,Telephone Field
1492.4485,1492.4565,40078.0,49693.0,Pipistrellus nathusii,0.715,0.737,-1,Echolocation,/mnt/ubna_data_01/recover-20220822/UBNA_001/20220819_100000.WAV,recover-20220822,UBNA_001,Telephone Field
1492.5515,1492.5596,39218.0,58093.0,Pipistrellus nathusii,0.679,0.713,-1,Echolocation,/mnt/ubna_data_01/recover-20220822/UBNA_001/20220819_100000.WAV,recover-20220822,UBNA_001,Telephone Field
1492.6565,1492.6646,39218.0,59766.0,Pipistrellus nathusii,0.584,0.634,-1,Echolocation,/mnt/ubna_data_01/recover-20220822/UBNA_001/20220819_100000.WAV,recover-20220822,UBNA_001,Telephone Field
1492.8645,1492.8724,38359.0,54365.0,Pipistrellus nathusii,0.528,0.599,-1,Echolocation,/mnt/ubna_data_01/recover-20220822/UBNA_001/20220819_100000.WAV,recover-20220822,UBNA_001,Telephone Field
1492.9705,1492.9771,38359.0,59665.0,Pipistrellus nathusii,0.626,0.688,-1,Echolocation,/mnt/ubna_data_01/recover-20220822/UBNA_001/20220819_100000.WAV,recover-20220822,UBNA_001,Telephone Field
1493.0745,1493.0818,39218.0,57212.0,Pipistrellus nathusii,0.583,0.647,-1,Echolocation,/mnt/ubna_data_01/recover-20220822/UBNA_001/20220819_100000.WAV,recover-20220822,UBNA_001,Telephone Field
1493.2685,1493.2767,38359.0,60218.0,Pipistrellus nathusii,0.502,0.593,-1,Echolocation,/mnt/ubna_data_01/recover-20220822/UBNA_001/20220819_100000.WAV,recover-20220822,UBNA_001,Telephone Field
1493.3735,1493.3817,39218.0,57689.0,Pipistrellus nathusii,0.53,0.599,-1,Echolocation,/mnt/ubna_data_01/recover-20220822/UBNA_001/20220819_100000.WAV,recover-20220822,UBNA_001,Telephone Field
1493.4605,1493.4677,37500.0,60852.0,Pipistrellus nathusii,0.507,0.577,-1,Echolocation,/mnt/ubna_data_01/recover-20220822/UBNA_001/20220819_100000.WAV,recover-20220822,UBNA_001,Telephone Field
1493.5545,1493.563,40078.0,65468.0,Pipistrellus nathusii,0.587,0.633,-1,Echolocation,/mnt/ubna_data_01/recover-20220822/UBNA_001/20220819_100000.WAV,recover-20220822,UBNA_001,Telephone Field
1493.7515,1493.7598,39218.0,63114.0,Pipistrellus nathusii,0.609,0.655,-1,Echolocation,/mnt/ubna_data_01/recover-20220822/UBNA_001/20220819_100000.WAV,recover-20220822,UBNA_001,Telephone Field
1493.8585,1493.8671,39218.0,61769.0,Pipistrellus nathusii,0.59,0.652,-1,Echolocation,/mnt/ubna_data_01/recover-20220822/UBNA_001/20220819_100000.WAV,recover-20220822,UBNA_001,Telephone Field
1494.0525,1494.0618,38359.0,63020.0,Pipistrellus nathusii,0.518,0.599,-1,Echolocation,/mnt/ubna_data_01/recover-20220822/UBNA_001/20220819_100000.WAV,recover-20220822,UBNA_001,Telephone Field
1494.1585,1494.1664,38359.0,60348.0,Pipistrellus nathusii,0.444,0.562,-1,Echolocation,/mnt/ubna_data_01/recover-20220822/UBNA_001/20220819_100000.WAV,recover-20220822,UBNA_001,Telephone Field
1494.2595,1494.2669,37500.0,51791.0,Pipistrellus nathusii,0.436,0.525,-1,Echolocation,/mnt/ubna_data_01/recover-20220822/UBNA_001/20220819_100000.WAV,recover-20220822,UBNA_001,Telephone Field
1494.4425,1494.4519,37500.0,63092.0,Pipistrellus nathusii,0.472,0.541,-1,Echolocation,/mnt/ubna_data_01/recover-20220822/UBNA_001/20220819_100000.WAV,recover-20220822,UBNA_001,Telephone Field
1494.5455,1494.554,37500.0,57321.0,Pipistrellus nathusii,0.512,0.569,-1,Echolocation,/mnt/ubna_data_01/recover-20220822/UBNA_001/20220819_100000.WAV,recover-20220822,UBNA_001,Telephone Field
1494.6355,1494.6415,35781.0,54309.0,Pipistrellus nathusii,0.39,0.579,-1,Echolocation,/mnt/ubna_data_01/recover-20220822/UBNA_001/20220819_100000.WAV,recover-20220822,UBNA_001,Telephone Field
1497.1545,1497.1613,41796.0,67171.0,Pipistrellus nathusii,0.257,0.543,-1,Echolocation,/mnt/ubna_data_01/recover-20220822/UBNA_001/20220819_100000.WAV,recover-20220822,UBNA_001,Telephone Field
1497.6305,1497.6381,39218.0,67653.0,Myotis daubentonii,0.2,0.505,-1,Echolocation,/mnt/ubna_data_01/recover-20220822/UBNA_001/20220819_100000.WAV,recover-20220822,UBNA_001,Telephone Field
1498.0305,1498.0378,39218.0,73244.0,Pipistrellus nathusii,0.617,0.676,-1,Echolocation,/mnt/ubna_data_01/recover-20220822/UBNA_001/20220819_100000.WAV,recover-20220822,UBNA_001,Telephone Field
1498.1335,1498.1413,39218.0,74802.0,Pipistrellus nathusii,0.63,0.657,-1,Echolocation,/mnt/ubna_data_01/recover-20220822/UBNA_001/20220819_100000.WAV,recover-20220822,UBNA_001,Telephone Field
1498.2395,1498.2464,39218.0,75536.0,Pipistrellus nathusii,0.502,0.549,-1,Echolocation,/mnt/ubna_data_01/recover-20220822/UBNA_001/20220819_100000.WAV,recover-20220822,UBNA_001,Telephone Field
1498.3475,1498.3556,37500.0,67777.0,Pipistrellus nathusii,0.536,0.594,-1,Echolocation,/mnt/ubna_data_01/recover-20220822/UBNA_001/20220819_100000.WAV,recover-20220822,UBNA_001,Telephone Field
1498.4535,1498.4614,38359.0,71836.0,Pipistrellus nathusii,0.592,0.655,-1,Echolocation,/mnt/ubna_data_01/recover-20220822/UBNA_001/20220819_100000.WAV,recover-20220822,UBNA_001,Telephone Field
1498.5515,1498.5602,38359.0,67135.0,Pipistrellus nathusii,0.41,0.539,-1,Echolocation,/mnt/ubna_data_01/recover-20220822/UBNA_001/20220819_100000.WAV,recover-20220822,UBNA_001,Telephone Field
1498.7445,1498.7525,37500.0,75930.0,Pipistrellus nathusii,0.517,0.577,-1,Echolocation,/mnt/ubna_data_01/recover-20220822/UBNA_001/20220819_100000.WAV,recover-20220822,UBNA_001,Telephone Field
1498.8515,1498.8602,37500.0,63854.0,Pipistrellus nathusii,0.549,0.602,-1,Echolocation,/mnt/ubna_data_01/recover-20220822/UBNA_001/20220819_100000.WAV,recover-20220822,UBNA_001,Telephone Field
1499.0525,1499.0617,37500.0,69148.0,Pipistrellus nathusii,0.458,0.52,-1,Echolocation,/mnt/ubna_data_01/recover-20220822/UBNA_001/20220819_100000.WAV,recover-20220822,UBNA_001,Telephone Field
1499.3325,1499.3421,39218.0,61345.0,Pipistrellus nathusii,0.573,0.644,-1,Echolocation,/mnt/ubna_data_01/recover-20220822/UBNA_001/20220819_100000.WAV,recover-20220822,UBNA_001,Telephone Field
1499.4415,1499.4501,37500.0,67406.0,Pipistrellus nathusii,0.534,0.599,-1,Echolocation,/mnt/ubna_data_01/recover-20220822/UBNA_001/20220819_100000.WAV,recover-20220822,UBNA_001,Telephone Field
1499.5575,1499.5662,37500.0,50933.0,Pipistrellus nathusii,0.484,0.546,-1,Echolocation,/mnt/ubna_data_01/recover-20220822/UBNA_001/20220819_100000.WAV,recover-20220822,UBNA_001,Telephone Field
1499.7645,1499.7722,35781.0,62138.0,Pipistrellus nathusii,0.432,0.537,-1,Echolocation,/mnt/ubna_data_01/recover-20220822/UBNA_001/20220819_100000.WAV,recover-20220822,UBNA_001,Telephone Field
1499.8735,1499.8817,36640.0,63193.0,Pipistrellus nathusii,0.377,0.511,-1,Echolocation,/mnt/ubna_data_01/recover-20220822/UBNA_001/20220819_100000.WAV,recover-20220822,UBNA_001,Telephone Field
1500.0725,1500.0802,36640.0,60372.0,Pipistrellus nathusii,0.58,0.632,-1,Echolocation,/mnt/ubna_data_01/recover-20220822/UBNA_001/20220819_100000.WAV,recover-20220822,UBNA_001,Telephone Field
1500.1785,1500.1879,37500.0,62536.0,Pipistrellus nathusii,0.451,0.581,-1,Echolocation,/mnt/ubna_data_01/recover-20220822/UBNA_001/20220819_100000.WAV,recover-20220822,UBNA_001,Telephone Field
1500.2705,1500.2771,37500.0,60416.0,Pipistrellus nathusii,0.373,0.539,-1,Echolocation,/mnt/ubna_data_01/recover-20220822/UBNA_001/20220819_100000.WAV,recover-20220822,UBNA_001,Telephone Field
1500.5055,1500.5147,37500.0,56443.0,Pipistrellus nathusii,0.465,0.579,-1,Echolocation,/mnt/ubna_data_01/recover-20220822/UBNA_001/20220819_100000.WAV,recover-20220822,UBNA_001,Telephone Field
1500.6135,1500.6215,39218.0,51709.0,Pipistrellus nathusii,0.464,0.568,-1,Echolocation,/mnt/ubna_data_01/recover-20220822/UBNA_001/20220819_100000.WAV,recover-20220822,UBNA_001,Telephone Field
1500.7645,1500.7727,41796.0,50770.0,Pipistrellus nathusii,0.581,0.622,-1,Echolocation,/mnt/ubna_data_01/recover-20220822/UBNA_001/20220819_100000.WAV,recover-20220822,UBNA_001,Telephone Field
1500.8175,1500.8263,35781.0,55821.0,Pipistrellus nathusii,0.487,0.567,-1,Echolocation,/mnt/ubna_data_01/recover-20220822/UBNA_001/20220819_100000.WAV,recover-20220822,UBNA_001,Telephone Field
1500.9205,1500.9318,35781.0,59891.0,Pipistrellus nathusii,0.312,0.544,-1,Echolocation,/mnt/ubna_data_01/recover-20220822/UBNA_001/20220819_100000.WAV,recover-20220822,UBNA_001,Telephone Field
1501.0375,1501.0487,37500.0,59285.0,Pipistrellus nathusii,0.399,0.515,-1,Echolocation,/mnt/ubna_data_01/recover-20220822/UBNA_001/20220819_100000.WAV,recover-20220822,UBNA_001,Telephone Field
1501.1145,1501.123,40937.0,50432.0,Pipistrellus nathusii,0.498,0.53,-1,Echolocation,/mnt/ubna_data_01/recover-20220822/UBNA_001/20220819_100000.WAV,recover-20220822,UBNA_001,Telephone Field
1501.1515,1501.1618,38359.0,51949.0,Pipistrellus nathusii,0.484,0.584,-1,Echolocation,/mnt/ubna_data_01/recover-20220822/UBNA_001/20220819_100000.WAV,recover-20220822,UBNA_001,Telephone Field
1501.2085,1501.2148,41796.0,50228.0,Pipistrellus nathusii,0.573,0.588,-1,Echolocation,/mnt/ubna_data_01/recover-20220822/UBNA_001/20220819_100000.WAV,recover-20220822,UBNA_001,Telephone Field
1501.2485,1501.2591,36640.0,53634.0,Pipistrellus nathusii,0.298,0.519,-1,Echolocation,/mnt/ubna_data_01/recover-20220822/UBNA_001/20220819_100000.WAV,recover-20220822,UBNA_001,Telephone Field
1501.3535,1501.3628,36640.0,49677.0,Pipistrellus nathusii,0.474,0.561,-1,Echolocation,/mnt/ubna_data_01/recover-20220822/UBNA_001/20220819_100000.WAV,recover-20220822,UBNA_001,Telephone Field
1501.4605,1501.4686,39218.0,51234.0,Pipistrellus nathusii,0.441,0.501,-1,Echolocation,/mnt/ubna_data_01/recover-20220822/UBNA_001/20220819_100000.WAV,recover-20220822,UBNA_001,Telephone Field
1501.5675,1501.5748,35781.0,50785.0,Pipistrellus nathusii,0.44,0.568,-1,Echolocation,/mnt/ubna_data_01/recover-20220822/UBNA_001/20220819_100000.WAV,recover-20220822,UBNA_001,Telephone Field
1501.9595,1501.9663,36640.0,49709.0,Pipistrellus nathusii,0.387,0.508,-1,Echolocation,/mnt/ubna_data_01/recover-20220822/UBNA_001/20220819_100000.WAV,recover-20220822,UBNA_001,Telephone Field
1504.5345,1504.5414,40078.0,51537.0,Pipistrellus nathusii,0.374,0.527,-1,Echolocation,/mnt/ubna_data_01/recover-20220822/UBNA_001/20220819_100000.WAV,recover-20220822,UBNA_001,Telephone Field
1504.9095,1504.9155,36640.0,53818.0,Pipistrellus nathusii,0.299,0.514,-1,Echolocation,/mnt/ubna_data_01/recover-20220822/UBNA_001/20220819_100000.WAV,recover-20220822,UBNA_001,Telephone Field
1505.2015,1505.2073,37500.0,55776.0,Pipistrellus nathusii,0.214,0.569,-1,Echolocation,/mnt/ubna_data_01/recover-20220822/UBNA_001/20220819_100000.WAV,recover-20220822,UBNA_001,Telephone Field
1505.3045,1505.3103,37500.0,56548.0,Pipistrellus nathusii,0.198,0.554,-1,Echolocation,/mnt/ubna_data_01/recover-20220822/UBNA_001/20220819_100000.WAV,recover-20220822,UBNA_001,Telephone Field
1505.4035,1505.4091,37500.0,57421.0,Pipistrellus nathusii,0.195,0.514,-1,Echolocation,/mnt/ubna_data_01/recover-20220822/UBNA_001/20220819_100000.WAV,recover-20220822,UBNA_001,Telephone Field
1506.4225,1506.4326,40937.0,61567.0,Pipistrellus nathusii,0.469,0.57,-1,Echolocation,/mnt/ubna_data_01/recover-20220822/UBNA_001/20220819_100000.WAV,recover-20220822,UBNA_001,Telephone Field
1506.5225,1506.5319,39218.0,65434.0,Pipistrellus nathusii,0.433,0.516,-1,Echolocation,/mnt/ubna_data_01/recover-20220822/UBNA_001/20220819_100000.WAV,recover-20220822,UBNA_001,Telephone Field
1506.6305,1506.6398,40078.0,64300.0,Pipistrellus nathusii,0.367,0.553,-1,Echolocation,/mnt/ubna_data_01/recover-20220822/UBNA_001/20220819_100000.WAV,recover-20220822,UBNA_001,Telephone Field
1506.7215,1506.73,39218.0,55921.0,Pipistrellus nathusii,0.47,0.545,-1,Echolocation,/mnt/ubna_data_01/recover-20220822/UBNA_001/20220819_100000.WAV,recover-20220822,UBNA_001,Telephone Field
1507.2095,1507.2189,37500.0,62927.0,Pipistrellus nathusii,0.396,0.508,-1,Echolocation,/mnt/ubna_data_01/recover-20220822/UBNA_001/20220819_100000.WAV,recover-20220822,UBNA_001,Telephone Field
1507.3055,1507.3123,38359.0,69050.0,Pipistrellus nathusii,0.358,0.517,-1,Echolocation,/mnt/ubna_data_01/recover-20220822/UBNA_001/20220819_100000.WAV,recover-20220822,UBNA_001,Telephone Field
1508.3785,1508.3864,41796.0,64484.0,Pipistrellus nathusii,0.28,0.535,-1,Echolocation,/mnt/ubna_data_01/recover-20220822/UBNA_001/20220819_100000.WAV,recover-20220822,UBNA_001,Telephone Field
1508.4635,1508.4712,40078.0,66566.0,Pipistrellus nathusii,0.181,0.508,-1,Echolocation,/mnt/ubna_data_01/recover-20220822/UBNA_001/20220819_100000.WAV,recover-20220822,UBNA_001,Telephone Field
1509.0285,1509.0353,38359.0,75132.0,Myotis daubentonii,0.344,0.503,-1,Echolocation,/mnt/ubna_data_01/recover-20220822/UBNA_001/20220819_100000.WAV,recover-20220822,UBNA_001,Telephone Field
1509.8115,1509.8185,40078.0,63354.0,Pipistrellus nathusii,0.208,0.506,-1,Echolocation,/mnt/ubna_data_01/recover-20220822/UBNA_001/20220819_100000.WAV,recover-20220822,UBNA_001,Telephone Field
1510.0105,1510.0178,37500.0,69307.0,Pipistrellus nathusii,0.316,0.574,-1,Echolocation,/mnt/ubna_data_01/recover-20220822/UBNA_001/20220819_100000.WAV,recover-20220822,UBNA_001,Telephone Field
1510.1135,1510.121,37500.0,64332.0,Pipistrellus nathusii,0.369,0.548,-1,Echolocation,/mnt/ubna_data_01/recover-20220822/UBNA_001/20220819_100000.WAV,recover-20220822,UBNA_001,Telephone Field
1510.2055,1510.2138,38359.0,64630.0,Pipistrellus nathusii,0.38,0.515,-1,Echolocation,/mnt/ubna_data_01/recover-20220822/UBNA_001/20220819_100000.WAV,recover-20220822,UBNA_001,Telephone Field
1510.2835,1510.2892,40078.0,59682.0,Pipistrellus nathusii,0.345,0.515,-1,Echolocation,/mnt/ubna_data_01/recover-20220822/UBNA_001/20220819_100000.WAV,recover-20220822,UBNA_001,Telephone Field
1510.3475,1510.3535,38359.0,59815.0,Myotis daubentonii,0.215,0.538,-1,Echolocation,/mnt/ubna_data_01/recover-20220822/UBNA_001/20220819_100000.WAV,recover-20220822,UBNA_001,Telephone Field
1510.4885,1510.4942,41796.0,57551.0,Myotis daubentonii,0.201,0.512,-1,Echolocation,/mnt/ubna_data_01/recover-20220822/UBNA_001/20220819_100000.WAV,recover-20220822,UBNA_001,Telephone Field
1510.9875,1510.995,40078.0,65559.0,Pipistrellus nathusii,0.55,0.674,-1,Echolocation,/mnt/ubna_data_01/recover-20220822/UBNA_001/20220819_100000.WAV,recover-20220822,UBNA_001,Telephone Field
1511.0785,1511.0863,38359.0,67561.0,Pipistrellus nathusii,0.526,0.582,-1,Echolocation,/mnt/ubna_data_01/recover-20220822/UBNA_001/20220819_100000.WAV,recover-20220822,UBNA_001,Telephone Field
1511.8105,1511.8178,35781.0,60801.0,Pipistrellus nathusii,0.364,0.579,-1,Echolocation,/mnt/ubna_data_01/recover-20220822/UBNA_001/20220819_100000.WAV,recover-20220822,UBNA_001,Telephone Field
1511.9105,1511.917,36640.0,53194.0,Pipistrellus nathusii,0.322,0.523,-1,Echolocation,/mnt/ubna_data_01/recover-20220822/UBNA_001/20220819_100000.WAV,recover-20220822,UBNA_001,Telephone Field
1512.0915,1512.1003,36640.0,53993.0,Pipistrellus nathusii,0.469,0.563,-1,Echolocation,/mnt/ubna_data_01/recover-20220822/UBNA_001/20220819_100000.WAV,recover-20220822,UBNA_001,Telephone Field
1512.1955,1512.2071,37500.0,58035.0,Pipistrellus nathusii,0.451,0.525,-1,Echolocation,/mnt/ubna_data_01/recover-20220822/UBNA_001/20220819_100000.WAV,recover-20220822,UBNA_001,Telephone Field
1512.3755,1512.3856,36640.0,55909.0,Pipistrellus nathusii,0.456,0.558,-1,Echolocation,/mnt/ubna_data_01/recover-20220822/UBNA_001/20220819_100000.WAV,recover-20220822,UBNA_001,Telephone Field
1512.6685,1512.6783,39218.0,55482.0,Pipistrellus nathusii,0.534,0.638,-1,Echolocation,/mnt/ubna_data_01/recover-20220822/UBNA_001/20220819_100000.WAV,recover-20220822,UBNA_001,Telephone Field
1512.7705,1512.7825,38359.0,53617.0,Pipistrellus nathusii,0.402,0.507,-1,Echolocation,/mnt/ubna_data_01/recover-20220822/UBNA_001/20220819_100000.WAV,recover-20220822,UBNA_001,Telephone Field
1512.8725,1512.8816,39218.0,50531.0,Pipistrellus nathusii,0.527,0.555,-1,Echolocation,/mnt/ubna_data_01/recover-20220822/UBNA_001/20220819_100000.WAV,recover-20220822,UBNA_001,Telephone Field
1513.0515,1513.0604,38359.0,56145.0,Pipistrellus nathusii,0.502,0.558,-1,Echolocation,/mnt/ubna_data_01/recover-20220822/UBNA_001/20220819_100000.WAV,recover-20220822,UBNA_001,Telephone Field
1513.1465,1513.1539,39218.0,53357.0,Pipistrellus nathusii,0.492,0.577,-1,Echolocation,/mnt/ubna_data_01/recover-20220822/UBNA_001/20220819_100000.WAV,recover-20220822,UBNA_001,Telephone Field
1513.2455,1513.2522,37500.0,55325.0,Pipistrellus nathusii,0.415,0.551,-1,Echolocation,/mnt/ubna_data_01/recover-20220822/UBNA_001/20220819_100000.WAV,recover-20220822,UBNA_001,Telephone Field
1513.3355,1513.3434,38359.0,48541.0,Pipistrellus nathusii,0.352,0.53,-1,Echolocation,/mnt/ubna_data_01/recover-20220822/UBNA_001/20220819_100000.WAV,recover-20220822,UBNA_001,Telephone Field
1513.5025,1513.5098,37500.0,61530.0,Pipistrellus nathusii,0.291,0.515,-1,Echolocation,/mnt/ubna_data_01/recover-20220822/UBNA_001/20220819_100000.WAV,recover-20220822,UBNA_001,Telephone Field
1513.5955,1513.6029,38359.0,63685.0,Pipistrellus nathusii,0.412,0.502,-1,Echolocation,/mnt/ubna_data_01/recover-20220822/UBNA_001/20220819_100000.WAV,recover-20220822,UBNA_001,Telephone Field
1513.6795,1513.6862,39218.0,68408.0,Pipistrellus nathusii,0.284,0.52,-1,Echolocation,/mnt/ubna_data_01/recover-20220822/UBNA_001/20220819_100000.WAV,recover-20220822,UBNA_001,Telephone Field
1513.7715,1513.7783,37500.0,66639.0,Pipistrellus nathusii,0.262,0.526,-1,Echolocation,/mnt/ubna_data_01/recover-20220822/UBNA_001/20220819_100000.WAV,recover-20220822,UBNA_001,Telephone Field
1513.9465,1513.9546,39218.0,65934.0,Pipistrellus nathusii,0.332,0.502,-1,Echolocation,/mnt/ubna_data_01/recover-20220822/UBNA_001/20220819_100000.WAV,recover-20220822,UBNA_001,Telephone Field
1514.0295,1514.0353,38359.0,59388.0,Myotis daubentonii,0.197,0.53,-1,Echolocation,/mnt/ubna_data_01/recover-20220822/UBNA_001/20220819_100000.WAV,recover-20220822,UBNA_001,Telephone Field
1515.3655,1515.3713,38359.0,58628.0,Myotis daubentonii,0.195,0.503,-1,Echolocation,/mnt/ubna_data_01/recover-20220822/UBNA_001/20220819_100000.WAV,recover-20220822,UBNA_001,Telephone Field
1515.5335,1515.5405,37500.0,61073.0,Pipistrellus nathusii,0.21,0.532,-1,Echolocation,/mnt/ubna_data_01/recover-20220822/UBNA_001/20220819_100000.WAV,recover-20220822,UBNA_001,Telephone Field
1515.8335,1515.8409,37500.0,65777.0,Pipistrellus nathusii,0.267,0.553,-1,Echolocation,/mnt/ubna_data_01/recover-20220822/UBNA_001/20220819_100000.WAV,recover-20220822,UBNA_001,Telephone Field
1516.0355,1516.0424,38359.0,68171.0,Pipistrellus nathusii,0.388,0.516,-1,Echolocation,/mnt/ubna_data_01/recover-20220822/UBNA_001/20220819_100000.WAV,recover-20220822,UBNA_001,Telephone Field
1516.1405,1516.1477,38359.0,60191.0,Pipistrellus nathusii,0.529,0.618,-1,Echolocation,/mnt/ubna_data_01/recover-20220822/UBNA_001/20220819_100000.WAV,recover-20220822,UBNA_001,Telephone Field
1516.2415,1516.2509,39218.0,54799.0,Pipistrellus nathusii,0.407,0.547,-1,Echolocation,/mnt/ubna_data_01/recover-20220822/UBNA_001/20220819_100000.WAV,recover-20220822,UBNA_001,Telephone Field
1516.3385,1516.3475,39218.0,66549.0,Pipistrellus nathusii,0.407,0.532,-1,Echolocation,/mnt/ubna_data_01/recover-20220822/UBNA_001/20220819_100000.WAV,recover-20220822,UBNA_001,Telephone Field
1516.4405,1516.449,38359.0,61954.0,Pipistrellus nathusii,0.38,0.501,-1,Echolocation,/mnt/ubna_data_01/recover-20220822/UBNA_001/20220819_100000.WAV,recover-20220822,UBNA_001,Telephone Field
1516.5435,1516.5516,37500.0,69606.0,Pipistrellus nathusii,0.427,0.516,-1,Echolocation,/mnt/ubna_data_01/recover-20220822/UBNA_001/20220819_100000.WAV,recover-20220822,UBNA_001,Telephone Field
1516.6505,1516.6589,37500.0,66420.0,Pipistrellus nathusii,0.498,0.589,-1,Echolocation,/mnt/ubna_data_01/recover-20220822/UBNA_001/20220819_100000.WAV,recover-20220822,UBNA_001,Telephone Field
1516.8415,1516.8512,38359.0,66304.0,Pipistrellus nathusii,0.439,0.557,-1,Echolocation,/mnt/ubna_data_01/recover-20220822/UBNA_001/20220819_100000.WAV,recover-20220822,UBNA_001,Telephone Field
1516.9425,1516.9503,38359.0,63607.0,Pipistrellus nathusii,0.539,0.611,-1,Echolocation,/mnt/ubna_data_01/recover-20220822/UBNA_001/20220819_100000.WAV,recover-20220822,UBNA_001,Telephone Field
1517.1175,1517.1263,37500.0,62511.0,Pipistrellus nathusii,0.456,0.531,-1,Echolocation,/mnt/ubna_data_01/recover-20220822/UBNA_001/20220819_100000.WAV,recover-20220822,UBNA_001,Telephone Field
1517.2115,1517.2196,36640.0,65904.0,Pipistrellus nathusii,0.459,0.529,-1,Echolocation,/mnt/ubna_data_01/recover-20220822/UBNA_001/20220819_100000.WAV,recover-20220822,UBNA_001,Telephone Field
1518.0215,1518.0296,36640.0,72438.0,Pipistrellus nathusii,0.581,0.654,-1,Echolocation,/mnt/ubna_data_01/recover-20220822/UBNA_001/20220819_100000.WAV,recover-20220822,UBNA_001,Telephone Field
1518.1265,1518.1346,38359.0,68592.0,Pipistrellus nathusii,0.619,0.696,-1,Echolocation,/mnt/ubna_data_01/recover-20220822/UBNA_001/20220819_100000.WAV,recover-20220822,UBNA_001,Telephone Field
1518.2975,1518.305,37500.0,73507.0,Pipistrellus nathusii,0.575,0.624,-1,Echolocation,/mnt/ubna_data_01/recover-20220822/UBNA_001/20220819_100000.WAV,recover-20220822,UBNA_001,Telephone Field
1518.3945,1518.4015,36640.0,72880.0,Pipistrellus nathusii,0.489,0.612,-1,Echolocation,/mnt/ubna_data_01/recover-20220822/UBNA_001/20220819_100000.WAV,recover-20220822,UBNA_001,Telephone Field
1518.4865,1518.4937,38359.0,68220.0,Pipistrellus nathusii,0.502,0.602,-1,Echolocation,/mnt/ubna_data_01/recover-20220822/UBNA_001/20220819_100000.WAV,recover-20220822,UBNA_001,Telephone Field
1518.5745,1518.5816,38359.0,68450.0,Pipistrellus nathusii,0.482,0.556,-1,Echolocation,/mnt/ubna_data_01/recover-20220822/UBNA_001/20220819_100000.WAV,recover-20220822,UBNA_001,Telephone Field
1518.7505,1518.7581,38359.0,71262.0,Pipistrellus nathusii,0.582,0.635,-1,Echolocation,/mnt/ubna_data_01/recover-20220822/UBNA_001/20220819_100000.WAV,recover-20220822,UBNA_001,Telephone Field
1518.8535,1518.861,39218.0,52326.0,Pipistrellus nathusii,0.513,0.559,-1,Echolocation,/mnt/ubna_data_01/recover-20220822/UBNA_001/20220819_100000.WAV,recover-20220822,UBNA_001,Telephone Field
1518.9505,1518.9583,39218.0,67347.0,Pipistrellus nathusii,0.545,0.647,-1,Echolocation,/mnt/ubna_data_01/recover-20220822/UBNA_001/20220819_100000.WAV,recover-20220822,UBNA_001,Telephone Field
1519.0445,1519.0528,37500.0,70052.0,Pipistrellus nathusii,0.624,0.677,-1,Echolocation,/mnt/ubna_data_01/recover-20220822/UBNA_001/20220819_100000.WAV,recover-20220822,UBNA_001,Telephone Field
1519.1415,1519.1507,38359.0,59472.0,Pipistrellus nathusii,0.529,0.616,-1,Echolocation,/mnt/ubna_data_01/recover-20220822/UBNA_001/20220819_100000.WAV,recover-20220822,UBNA_001,Telephone Field
1519.3215,1519.3285,36640.0,65737.0,Pipistrellus nathusii,0.58,0.631,-1,Echolocation,/mnt/ubna_data_01/recover-20220822/UBNA_001/20220819_100000.WAV,recover-20220822,UBNA_001,Telephone Field
1519.4235,1519.4313,38359.0,59893.0,Pipistrellus nathusii,0.5,0.609,-1,Echolocation,/mnt/ubna_data_01/recover-20220822/UBNA_001/20220819_100000.WAV,recover-20220822,UBNA_001,Telephone Field
1519.6225,1519.6303,37500.0,64617.0,Pipistrellus nathusii,0.595,0.625,-1,Echolocation,/mnt/ubna_data_01/recover-20220822/UBNA_001/20220819_100000.WAV,recover-20220822,UBNA_001,Telephone Field
1519.7335,1519.7436,39218.0,56879.0,Pipistrellus nathusii,0.541,0.573,-1,Echolocation,/mnt/ubna_data_01/recover-20220822/UBNA_001/20220819_100000.WAV,recover-20220822,UBNA_001,Telephone Field
1519.8255,1519.8335,39218.0,54989.0,Pipistrellus nathusii,0.518,0.535,-1,Echolocation,/mnt/ubna_data_01/recover-20220822/UBNA_001/20220819_100000.WAV,recover-20220822,UBNA_001,Telephone Field
1519.9315,1519.9396,38359.0,61334.0,Pipistrellus nathusii,0.604,0.658,-1,Echolocation,/mnt/ubna_data_01/recover-20220822/UBNA_001/20220819_100000.WAV,recover-20220822,UBNA_001,Telephone Field
1520.1315,1520.1393,39218.0,54208.0,Pipistrellus nathusii,0.602,0.646,-1,Echolocation,/mnt/ubna_data_01/recover-20220822/UBNA_001/20220819_100000.WAV,recover-20220822,UBNA_001,Telephone Field
1520.2365,1520.2427,37500.0,56712.0,Pipistrellus nathusii,0.39,0.567,-1,Echolocation,/mnt/ubna_data_01/recover-20220822/UBNA_001/20220819_100000.WAV,recover-20220822,UBNA_001,Telephone Field
1520.5375,1520.5445,37500.0,45537.0,Pipistrellus nathusii,0.39,0.535,-1,Echolocation,/mnt/ubna_data_01/recover-20220822/UBNA_001/20220819_100000.WAV,recover-20220822,UBNA_001,Telephone Field
1523.5545,1523.56,39218.0,59603.0,Myotis daubentonii,0.301,0.503,-1,Echolocation,/mnt/ubna_data_01/recover-20220822/UBNA_001/20220819_100000.WAV,recover-20220822,UBNA_001,Telephone Field
1523.6545,1523.6603,40078.0,57000.0,Myotis daubentonii,0.248,0.505,-1,Echolocation,/mnt/ubna_data_01/recover-20220822/UBNA_001/20220819_100000.WAV,recover-20220822,UBNA_001,Telephone Field
1524.4595,1524.4659,38359.0,54816.0,Pipistrellus nathusii,0.417,0.566,-1,Echolocation,/mnt/ubna_data_01/recover-20220822/UBNA_001/20220819_100000.WAV,recover-20220822,UBNA_001,Telephone Field
1524.5555,1524.5628,38359.0,48389.0,Pipistrellus nathusii,0.478,0.564,-1,Echolocation,/mnt/ubna_data_01/recover-20220822/UBNA_001/20220819_100000.WAV,recover-20220822,UBNA_001,Telephone Field
1524.6535,1524.6606,39218.0,46536.0,Pipistrellus nathusii,0.545,0.592,-1,Echolocation,/mnt/ubna_data_01/recover-20220822/UBNA_001/20220819_100000.WAV,recover-20220822,UBNA_001,Telephone Field
1525.9745,1525.9814,40078.0,46029.0,Pipistrellus nathusii,0.493,0.514,-1,Echolocation,/mnt/ubna_data_01/recover-20220822/UBNA_001/20220819_100000.WAV,recover-20220822,UBNA_001,Telephone Field
1526.0675,1526.0753,40078.0,54134.0,Pipistrellus nathusii,0.563,0.659,-1,Echolocation,/mnt/ubna_data_01/recover-20220822/UBNA_001/20220819_100000.WAV,recover-20220822,UBNA_001,Telephone Field
1526.2705,1526.2763,40937.0,54224.0,Pipistrellus nathusii,0.486,0.544,-1,Echolocation,/mnt/ubna_data_01/recover-20220822/UBNA_001/20220819_100000.WAV,recover-20220822,UBNA_001,Telephone Field
1526.4855,1526.4924,40937.0,51875.0,Pipistrellus nathusii,0.417,0.5,-1,Echolocation,/mnt/ubna_data_01/recover-20220822/UBNA_001/20220819_100000.WAV,recover-20220822,UBNA_001,Telephone Field
1526.8335,1526.8408,40078.0,61312.0,Pipistrellus nathusii,0.351,0.584,-1,Echolocation,/mnt/ubna_data_01/recover-20220822/UBNA_001/20220819_100000.WAV,recover-20220822,UBNA_001,Telephone Field
1527.1485,1527.1552,39218.0,59187.0,Pipistrellus nathusii,0.353,0.524,-1,Echolocation,/mnt/ubna_data_01/recover-20220822/UBNA_001/20220819_100000.WAV,recover-20220822,UBNA_001,Telephone Field
1527.2455,1527.2528,38359.0,58450.0,Pipistrellus nathusii,0.446,0.585,-1,Echolocation,/mnt/ubna_data_01/recover-20220822/UBNA_001/20220819_100000.WAV,recover-20220822,UBNA_001,Telephone Field
1527.3495,1527.3565,39218.0,62117.0,Pipistrellus nathusii,0.475,0.537,-1,Echolocation,/mnt/ubna_data_01/recover-20220822/UBNA_001/20220819_100000.WAV,recover-20220822,UBNA_001,Telephone Field
1527.5455,1527.5536,39218.0,61868.0,Pipistrellus nathusii,0.456,0.558,-1,Echolocation,/mnt/ubna_data_01/recover-20220822/UBNA_001/20220819_100000.WAV,recover-20220822,UBNA_001,Telephone Field
1527.6535,1527.6611,40078.0,61743.0,Pipistrellus nathusii,0.557,0.631,-1,Echolocation,/mnt/ubna_data_01/recover-20220822/UBNA_001/20220819_100000.WAV,recover-20220822,UBNA_001,Telephone Field
1527.7575,1527.7665,39218.0,62114.0,Pipistrellus nathusii,0.494,0.58,-1,Echolocation,/mnt/ubna_data_01/recover-20220822/UBNA_001/20220819_100000.WAV,recover-20220822,UBNA_001,Telephone Field
1527.8635,1527.8712,39218.0,59484.0,Pipistrellus nathusii,0.456,0.567,-1,Echolocation,/mnt/ubna_data_01/recover-20220822/UBNA_001/20220819_100000.WAV,recover-20220822,UBNA_001,Telephone Field
1528.0625,1528.0708,39218.0,64616.0,Pipistrellus nathusii,0.505,0.613,-1,Echolocation,/mnt/ubna_data_01/recover-20220822/UBNA_001/20220819_100000.WAV,recover-20220822,UBNA_001,Telephone Field
1528.6825,1528.6907,38359.0,67821.0,Pipistrellus nathusii,0.535,0.595,-1,Echolocation,/mnt/ubna_data_01/recover-20220822/UBNA_001/20220819_100000.WAV,recover-20220822,UBNA_001,Telephone Field
1528.7895,1528.7981,38359.0,66846.0,Pipistrellus nathusii,0.412,0.56,-1,Echolocation,/mnt/ubna_data_01/recover-20220822/UBNA_001/20220819_100000.WAV,recover-20220822,UBNA_001,Telephone Field
1528.9605,1528.9679,37500.0,68657.0,Pipistrellus nathusii,0.331,0.521,-1,Echolocation,/mnt/ubna_data_01/recover-20220822/UBNA_001/20220819_100000.WAV,recover-20220822,UBNA_001,Telephone Field
1529.0475,1529.0537,35781.0,71148.0,Myotis daubentonii,0.264,0.533,-1,Echolocation,/mnt/ubna_data_01/recover-20220822/UBNA_001/20220819_100000.WAV,recover-20220822,UBNA_001,Telephone Field
1529.2895,1529.2962,34921.0,74442.0,Myotis brandtii,0.267,0.513,-1,Echolocation,/mnt/ubna_data_01/recover-20220822/UBNA_001/20220819_100000.WAV,recover-20220822,UBNA_001,Telephone Field
1529.3335,1529.3401,38359.0,74076.0,Myotis daubentonii,0.229,0.504,-1,Echolocation,/mnt/ubna_data_01/recover-20220822/UBNA_001/20220819_100000.WAV,recover-20220822,UBNA_001,Telephone Field
1529.3805,1529.3871,37500.0,71187.0,Myotis daubentonii,0.243,0.514,-1,Echolocation,/mnt/ubna_data_01/recover-20220822/UBNA_001/20220819_100000.WAV,recover-20220822,UBNA_001,Telephone Field
1529.4395,1529.4455,39218.0,66710.0,Myotis daubentonii,0.244,0.525,-1,Echolocation,/mnt/ubna_data_01/recover-20220822/UBNA_001/20220819_100000.WAV,recover-20220822,UBNA_001,Telephone Field
1529.8785,1529.885,36640.0,76338.0,Myotis brandtii,0.23,0.503,-1,Echolocation,/mnt/ubna_data_01/recover-20220822/UBNA_001/20220819_100000.WAV,recover-20220822,UBNA_001,Telephone Field
1530.1605,1530.1668,40078.0,61569.0,Myotis daubentonii,0.254,0.545,-1,Echolocation,/mnt/ubna_data_01/recover-20220822/UBNA_001/20220819_100000.WAV,recover-20220822,UBNA_001,Telephone Field
1530.2375,1530.2439,37500.0,67945.0,Myotis daubentonii,0.333,0.532,-1,Echolocation,/mnt/ubna_data_01/recover-20220822/UBNA_001/20220819_100000.WAV,recover-20220822,UBNA_001,Telephone Field
1530.8335,1530.8392,35781.0,82006.0,Myotis daubentonii,0.279,0.518,-1,Echolocation,/mnt/ubna_data_01/recover-20220822/UBNA_001/20220819_100000.WAV,recover-20220822,UBNA_001,Telephone Field
1530.9255,1530.9321,36640.0,77067.0,Myotis daubentonii,0.312,0.531,-1,Echolocation,/mnt/ubna_data_01/recover-20220822/UBNA_001/20220819_100000.WAV,recover-20220822,UBNA_001,Telephone Field
1531.1055,1531.1126,37500.0,81856.0,Myotis daubentonii,0.302,0.504,-1,Echolocation,/mnt/ubna_data_01/recover-20220822/UBNA_001/20220819_100000.WAV,recover-20220822,UBNA_001,Telephone Field
1531.1925,1531.1995,36640.0,81638.0,Myotis daubentonii,0.409,0.58,-1,Echolocation,/mnt/ubna_data_01/recover-20220822/UBNA_001/20220819_100000.WAV,recover-20220822,UBNA_001,Telephone Field
1531.2845,1531.2913,37500.0,79533.0,Myotis daubentonii,0.353,0.544,-1,Echolocation,/mnt/ubna_data_01/recover-20220822/UBNA_001/20220819_100000.WAV,recover-20220822,UBNA_001,Telephone Field
1531.5455,1531.5529,37500.0,86695.0,Myotis daubentonii,0.368,0.52,-1,Echolocation,/mnt/ubna_data_01/recover-20220822/UBNA_001/20220819_100000.WAV,recover-20220822,UBNA_001,Telephone Field
1531.7185,1531.725,36640.0,79037.0,Myotis daubentonii,0.333,0.515,-1,Echolocation,/mnt/ubna_data_01/recover-20220822/UBNA_001/20220819_100000.WAV,recover-20220822,UBNA_001,Telephone Field
1532.0535,1532.0599,40078.0,61105.0,Myotis daubentonii,0.266,0.503,-1,Echolocation,/mnt/ubna_data_01/recover-20220822/UBNA_001/20220819_100000.WAV,recover-20220822,UBNA_001,Telephone Field
1532.1975,1532.2031,40078.0,61238.0,Myotis daubentonii,0.282,0.514,-1,Echolocation,/mnt/ubna_data_01/recover-20220822/UBNA_001/20220819_100000.WAV,recover-20220822,UBNA_001,Telephone Field
1533.2885,1533.2942,37500.0,60627.0,Myotis daubentonii,0.369,0.527,-1,Echolocation,/mnt/ubna_data_01/recover-20220822/UBNA_001/20220819_100000.WAV,recover-20220822,UBNA_001,Telephone Field
1533.4695,1533.4746,37500.0,56686.0,Myotis daubentonii,0.295,0.504,-1,Echolocation,/mnt/ubna_data_01/recover-20220822/UBNA_001/20220819_100000.WAV,recover-20220822,UBNA_001,Telephone Field
1534.2305,1534.2365,38359.0,52102.0,Pipistrellus nathusii,0.407,0.571,-1,Echolocation,/mnt/ubna_data_01/recover-20220822/UBNA_001/20220819_100000.WAV,recover-20220822,UBNA_001,Telephone Field
1534.4255,1534.4339,39218.0,53693.0,Pipistrellus nathusii,0.386,0.549,-1,Echolocation,/mnt/ubna_data_01/recover-20220822/UBNA_001/20220819_100000.WAV,recover-20220822,UBNA_001,Telephone Field
1534.5235,1534.5311,40078.0,51542.0,Pipistrellus nathusii,0.414,0.543,-1,Echolocation,/mnt/ubna_data_01/recover-20220822/UBNA_001/20220819_100000.WAV,recover-20220822,UBNA_001,Telephone Field
1534.6165,1534.6227,38359.0,56299.0,Pipistrellus nathusii,0.324,0.567,-1,Echolocation,/mnt/ubna_data_01/recover-20220822/UBNA_001/20220819_100000.WAV,recover-20220822,UBNA_001,Telephone Field
1534.7755,1534.7829,39218.0,57418.0,Pipistrellus nathusii,0.356,0.53,-1,Echolocation,/mnt/ubna_data_01/recover-20220822/UBNA_001/20220819_100000.WAV,recover-20220822,UBNA_001,Telephone Field
1534.8705,1534.8768,39218.0,62549.0,Pipistrellus nathusii,0.476,0.609,-1,Echolocation,/mnt/ubna_data_01/recover-20220822/UBNA_001/20220819_100000.WAV,recover-20220822,UBNA_001,Telephone Field
1534.9625,1534.9694,39218.0,67896.0,Pipistrellus nathusii,0.374,0.575,-1,Echolocation,/mnt/ubna_data_01/recover-20220822/UBNA_001/20220819_100000.WAV,recover-20220822,UBNA_001,Telephone Field
1535.0855,1535.0917,39218.0,66910.0,Pipistrellus nathusii,0.482,0.57,-1,Echolocation,/mnt/ubna_data_01/recover-20220822/UBNA_001/20220819_100000.WAV,recover-20220822,UBNA_001,Telephone Field
1535.2085,1535.2148,39218.0,69387.0,Pipistrellus nathusii,0.44,0.57,-1,Echolocation,/mnt/ubna_data_01/recover-20220822/UBNA_001/20220819_100000.WAV,recover-20220822,UBNA_001,Telephone Field
1535.2775,1535.2837,39218.0,68961.0,Pipistrellus nathusii,0.343,0.51,-1,Echolocation,/mnt/ubna_data_01/recover-20220822/UBNA_001/20220819_100000.WAV,recover-20220822,UBNA_001,Telephone Field
1535.8785,1535.8853,40937.0,72005.0,Pipistrellus nathusii,0.448,0.536,-1,Echolocation,/mnt/ubna_data_01/recover-20220822/UBNA_001/20220819_100000.WAV,recover-20220822,UBNA_001,Telephone Field
1535.9625,1535.9696,40937.0,70546.0,Pipistrellus nathusii,0.479,0.578,-1,Echolocation,/mnt/ubna_data_01/recover-20220822/UBNA_001/20220819_100000.WAV,recover-20220822,UBNA_001,Telephone Field
1536.7775,1536.7841,38359.0,68658.0,Myotis daubentonii,0.229,0.536,-1,Echolocation,/mnt/ubna_data_01/recover-20220822/UBNA_001/20220819_100000.WAV,recover-20220822,UBNA_001,Telephone Field
1536.9365,1536.9433,38359.0,71303.0,Myotis daubentonii,0.263,0.524,-1,Echolocation,/mnt/ubna_data_01/recover-20220822/UBNA_001/20220819_100000.WAV,recover-20220822,UBNA_001,Telephone Field
1538.2045,1538.2124,38359.0,68365.0,Pipistrellus nathusii,0.431,0.519,-1,Echolocation,/mnt/ubna_data_01/recover-20220822/UBNA_001/20220819_100000.WAV,recover-20220822,UBNA_001,Telephone Field
1538.6795,1538.6865,39218.0,70187.0,Pipistrellus nathusii,0.36,0.532,-1,Echolocation,/mnt/ubna_data_01/recover-20220822/UBNA_001/20220819_100000.WAV,recover-20220822,UBNA_001,Telephone Field
1538.7745,1538.7823,38359.0,67038.0,Pipistrellus nathusii,0.356,0.507,-1,Echolocation,/mnt/ubna_data_01/recover-20220822/UBNA_001/20220819_100000.WAV,recover-20220822,UBNA_001,Telephone Field
1539.9625,1539.9698,38359.0,64404.0,Pipistrellus nathusii,0.248,0.548,-1,Echolocation,/mnt/ubna_data_01/recover-20220822/UBNA_001/20220819_100000.WAV,recover-20220822,UBNA_001,Telephone Field
1540.0545,1540.06,40937.0,57737.0,Pipistrellus nathusii,0.435,0.52,-1,Echolocation,/mnt/ubna_data_01/recover-20220822/UBNA_001/20220819_100000.WAV,recover-20220822,UBNA_001,Telephone Field
1540.3145,1540.3236,40937.0,54152.0,Pipistrellus nathusii,0.506,0.535,-1,Echolocation,/mnt/ubna_data_01/recover-20220822/UBNA_001/20220819_100000.WAV,recover-20220822,UBNA_001,Telephone Field
1540.4905,1540.5004,40078.0,57873.0,Pipistrellus nathusii,0.439,0.533,-1,Echolocation,/mnt/ubna_data_01/recover-20220822/UBNA_001/20220819_100000.WAV,recover-20220822,UBNA_001,Telephone Field
1540.7785,1540.7871,37500.0,55460.0,Pipistrellus nathusii,0.411,0.509,-1,Echolocation,/mnt/ubna_data_01/recover-20220822/UBNA_001/20220819_100000.WAV,recover-20220822,UBNA_001,Telephone Field
1540.8735,1540.8826,37500.0,61552.0,Pipistrellus nathusii,0.43,0.543,-1,Echolocation,/mnt/ubna_data_01/recover-20220822/UBNA_001/20220819_100000.WAV,recover-20220822,UBNA_001,Telephone Field
1541.0145,1541.0208,37500.0,53101.0,Pipistrellus nathusii,0.372,0.555,-1,Echolocation,/mnt/ubna_data_01/recover-20220822/UBNA_001/20220819_100000.WAV,recover-20220822,UBNA_001,Telephone Field
1541.1125,1541.1192,37500.0,46948.0,Pipistrellus nathusii,0.496,0.562,-1,Echolocation,/mnt/ubna_data_01/recover-20220822/UBNA_001/20220819_100000.WAV,recover-20220822,UBNA_001,Telephone Field
1541.5795,1541.587,36640.0,45072.0,Pipistrellus nathusii,0.315,0.501,-1,Echolocation,/mnt/ubna_data_01/recover-20220822/UBNA_001/20220819_100000.WAV,recover-20220822,UBNA_001,Telephone Field
1541.7765,1541.784,38359.0,45862.0,Pipistrellus nathusii,0.375,0.525,-1,Echolocation,/mnt/ubna_data_01/recover-20220822/UBNA_001/20220819_100000.WAV,recover-20220822,UBNA_001,Telephone Field
1542.3925,1542.3998,39218.0,54085.0,Pipistrellus nathusii,0.477,0.547,-1,Echolocation,/mnt/ubna_data_01/recover-20220822/UBNA_001/20220819_100000.WAV,recover-20220822,UBNA_001,Telephone Field
1542.4915,1542.4983,40937.0,54841.0,Pipistrellus nathusii,0.628,0.646,-1,Echolocation,/mnt/ubna_data_01/recover-20220822/UBNA_001/20220819_100000.WAV,recover-20220822,UBNA_001,Telephone Field
1542.6755,1542.683,39218.0,56493.0,Pipistrellus nathusii,0.642,0.684,-1,Echolocation,/mnt/ubna_data_01/recover-20220822/UBNA_001/20220819_100000.WAV,recover-20220822,UBNA_001,Telephone Field
1542.7755,1542.7825,38359.0,51990.0,Pipistrellus nathusii,0.475,0.549,-1,Echolocation,/mnt/ubna_data_01/recover-20220822/UBNA_001/20220819_100000.WAV,recover-20220822,UBNA_001,Telephone Field
1542.8755,1542.884,40078.0,61789.0,Pipistrellus nathusii,0.652,0.696,-1,Echolocation,/mnt/ubna_data_01/recover-20220822/UBNA_001/20220819_100000.WAV,recover-20220822,UBNA_001,Telephone Field
1542.9545,1542.9626,39218.0,66913.0,Pipistrellus nathusii,0.605,0.685,-1,Echolocation,/mnt/ubna_data_01/recover-20220822/UBNA_001/20220819_100000.WAV,recover-20220822,UBNA_001,Telephone Field
1543.0305,1543.0371,38359.0,63540.0,Pipistrellus nathusii,0.453,0.628,-1,Echolocation,/mnt/ubna_data_01/recover-20220822/UBNA_001/20220819_100000.WAV,recover-20220822,UBNA_001,Telephone Field
1543.1095,1543.1168,40078.0,63594.0,Pipistrellus nathusii,0.475,0.618,-1,Echolocation,/mnt/ubna_data_01/recover-20220822/UBNA_001/20220819_100000.WAV,recover-20220822,UBNA_001,Telephone Field
1543.1775,1543.1835,40078.0,61917.0,Pipistrellus nathusii,0.44,0.581,-1,Echolocation,/mnt/ubna_data_01/recover-20220822/UBNA_001/20220819_100000.WAV,recover-20220822,UBNA_001,Telephone Field
1543.6745,1543.6819,40078.0,65063.0,Pipistrellus nathusii,0.486,0.583,-1,Echolocation,/mnt/ubna_data_01/recover-20220822/UBNA_001/20220819_100000.WAV,recover-20220822,UBNA_001,Telephone Field
1543.7515,1543.7588,39218.0,66073.0,Pipistrellus nathusii,0.578,0.632,-1,Echolocation,/mnt/ubna_data_01/recover-20220822/UBNA_001/20220819_100000.WAV,recover-20220822,UBNA_001,Telephone Field
1543.8425,1543.8505,38359.0,66760.0,Pipistrellus nathusii,0.508,0.615,-1,Echolocation,/mnt/ubna_data_01/recover-20220822/UBNA_001/20220819_100000.WAV,recover-20220822,UBNA_001,Telephone Field
1543.9355,1543.9432,37500.0,68318.0,Pipistrellus nathusii,0.414,0.534,-1,Echolocation,/mnt/ubna_data_01/recover-20220822/UBNA_001/20220819_100000.WAV,recover-20220822,UBNA_001,Telephone Field
1544.1145,1544.1237,38359.0,65601.0,Pipistrellus nathusii,0.536,0.617,-1,Echolocation,/mnt/ubna_data_01/recover-20220822/UBNA_001/20220819_100000.WAV,recover-20220822,UBNA_001,Telephone Field
1544.2165,1544.225,37500.0,63547.0,Pipistrellus nathusii,0.567,0.618,-1,Echolocation,/mnt/ubna_data_01/recover-20220822/UBNA_001/20220819_100000.WAV,recover-20220822,UBNA_001,Telephone Field
1544.4025,1544.4113,37500.0,67404.0,Pipistrellus nathusii,0.611,0.657,-1,Echolocation,/mnt/ubna_data_01/recover-20220822/UBNA_001/20220819_100000.WAV,recover-20220822,UBNA_001,Telephone Field
1544.5055,1544.5158,38359.0,60109.0,Pipistrellus nathusii,0.493,0.581,-1,Echolocation,/mnt/ubna_data_01/recover-20220822/UBNA_001/20220819_100000.WAV,recover-20220822,UBNA_001,Telephone Field
1544.6895,1544.699,38359.0,63202.0,Pipistrellus nathusii,0.564,0.644,-1,Echolocation,/mnt/ubna_data_01/recover-20220822/UBNA_001/20220819_100000.WAV,recover-20220822,UBNA_001,Telephone Field
1544.7935,1544.804,36640.0,60447.0,Pipistrellus nathusii,0.398,0.525,-1,Echolocation,/mnt/ubna_data_01/recover-20220822/UBNA_001/20220819_100000.WAV,recover-20220822,UBNA_001,Telephone Field
1544.9905,1545.0005,36640.0,61901.0,Pipistrellus nathusii,0.43,0.517,-1,Echolocation,/mnt/ubna_data_01/recover-20220822/UBNA_001/20220819_100000.WAV,recover-20220822,UBNA_001,Telephone Field
1545.0975,1545.1072,36640.0,63979.0,Pipistrellus nathusii,0.418,0.511,-1,Echolocation,/mnt/ubna_data_01/recover-20220822/UBNA_001/20220819_100000.WAV,recover-20220822,UBNA_001,Telephone Field
1545.2845,1545.2937,37500.0,67227.0,Pipistrellus nathusii,0.661,0.697,-1,Echolocation,/mnt/ubna_data_01/recover-20220822/UBNA_001/20220819_100000.WAV,recover-20220822,UBNA_001,Telephone Field
1545.3835,1545.393,38359.0,67704.0,Pipistrellus nathusii,0.523,0.585,-1,Echolocation,/mnt/ubna_data_01/recover-20220822/UBNA_001/20220819_100000.WAV,recover-20220822,UBNA_001,Telephone Field
1545.5815,1545.5902,37500.0,66329.0,Pipistrellus nathusii,0.603,0.653,-1,Echolocation,/mnt/ubna_data_01/recover-20220822/UBNA_001/20220819_100000.WAV,recover-20220822,UBNA_001,Telephone Field
1545.6875,1545.6957,38359.0,65342.0,Pipistrellus nathusii,0.606,0.661,-1,Echolocation,/mnt/ubna_data_01/recover-20220822/UBNA_001/20220819_100000.WAV,recover-20220822,UBNA_001,Telephone Field
1545.8785,1545.8873,37500.0,70921.0,Pipistrellus nathusii,0.62,0.673,-1,Echolocation,/mnt/ubna_data_01/recover-20220822/UBNA_001/20220819_100000.WAV,recover-20220822,UBNA_001,Telephone Field
1545.9765,1545.9839,38359.0,73848.0,Pipistrellus nathusii,0.643,0.677,-1,Echolocation,/mnt/ubna_data_01/recover-20220822/UBNA_001/20220819_100000.WAV,recover-20220822,UBNA_001,Telephone Field
1546.0705,1546.0778,38359.0,65534.0,Pipistrellus nathusii,0.549,0.656,-1,Echolocation,/mnt/ubna_data_01/recover-20220822/UBNA_001/20220819_100000.WAV,recover-20220822,UBNA_001,Telephone Field
1546.2525,1546.2591,35781.0,68392.0,Pipistrellus nathusii,0.55,0.608,-1,Echolocation,/mnt/ubna_data_01/recover-20220822/UBNA_001/20220819_100000.WAV,recover-20220822,UBNA_001,Telephone Field
1546.3505,1546.3573,40078.0,53564.0,Pipistrellus nathusii,0.617,0.629,-1,Echolocation,/mnt/ubna_data_01/recover-20220822/UBNA_001/20220819_100000.WAV,recover-20220822,UBNA_001,Telephone Field
1546.4335,1546.4414,38359.0,68369.0,Pipistrellus nathusii,0.528,0.647,-1,Echolocation,/mnt/ubna_data_01/recover-20220822/UBNA_001/20220819_100000.WAV,recover-20220822,UBNA_001,Telephone Field
1546.5235,1546.5351,40078.0,56395.0,Pipistrellus nathusii,0.475,0.506,-1,Echolocation,/mnt/ubna_data_01/recover-20220822/UBNA_001/20220819_100000.WAV,recover-20220822,UBNA_001,Telephone Field
1546.6045,1546.6126,39218.0,61241.0,Pipistrellus nathusii,0.451,0.523,-1,Echolocation,/mnt/ubna_data_01/recover-20220822/UBNA_001/20220819_100000.WAV,recover-20220822,UBNA_001,Telephone Field
1546.9385,1546.946,40078.0,54063.0,Pipistrellus nathusii,0.516,0.53,-1,Echolocation,/mnt/ubna_data_01/recover-20220822/UBNA_001/20220819_100000.WAV,recover-20220822,UBNA_001,Telephone Field
1547.0985,1547.1054,37500.0,61093.0,Pipistrellus nathusii,0.411,0.557,-1,Echolocation,/mnt/ubna_data_01/recover-20220822/UBNA_001/20220819_100000.WAV,recover-20220822,UBNA_001,Telephone Field
1547.1915,1547.1974,40937.0,52261.0,Pipistrellus nathusii,0.486,0.522,-1,Echolocation,/mnt/ubna_data_01/recover-20220822/UBNA_001/20220819_100000.WAV,recover-20220822,UBNA_001,Telephone Field
1547.9225,1547.9305,39218.0,60256.0,Pipistrellus nathusii,0.507,0.613,-1,Echolocation,/mnt/ubna_data_01/recover-20220822/UBNA_001/20220819_100000.WAV,recover-20220822,UBNA_001,Telephone Field
1548.0265,1548.036,40937.0,51919.0,Pipistrellus nathusii,0.489,0.552,-1,Echolocation,/mnt/ubna_data_01/recover-20220822/UBNA_001/20220819_100000.WAV,recover-20220822,UBNA_001,Telephone Field
1548.2175,1548.2269000000001,39218.0,47922.0,Pipistrellus nathusii,0.508,0.569,-1,Echolocation,/mnt/ubna_data_01/recover-20220822/UBNA_001/20220819_100000.WAV,recover-20220822,UBNA_001,Telephone Field
1548.3215,1548.33,38359.0,46310.0,Pipistrellus nathusii,0.494,0.59,-1,Echolocation,/mnt/ubna_data_01/recover-20220822/UBNA_001/20220819_100000.WAV,recover-20220822,UBNA_001,Telephone Field
1548.5965,1548.6041,40078.0,49199.0,Pipistrellus nathusii,0.531,0.598,-1,Echolocation,/mnt/ubna_data_01/recover-20220822/UBNA_001/20220819_100000.WAV,recover-20220822,UBNA_001,Telephone Field
1548.7305,1548.7384,40078.0,50417.0,Pipistrellus nathusii,0.516,0.573,-1,Echolocation,/mnt/ubna_data_01/recover-20220822/UBNA_001/20220819_100000.WAV,recover-20220822,UBNA_001,Telephone Field
1549.0325,1549.0403,40078.0,47486.0,Pipistrellus nathusii,0.595,0.622,-1,Echolocation,/mnt/ubna_data_01/recover-20220822/UBNA_001/20220819_100000.WAV,recover-20220822,UBNA_001,Telephone Field
1549.1935,1549.2014,39218.0,47551.0,Pipistrellus nathusii,0.601,0.617,-1,Echolocation,/mnt/ubna_data_01/recover-20220822/UBNA_001/20220819_100000.WAV,recover-20220822,UBNA_001,Telephone Field
1549.2835,1549.292,40078.0,49454.0,Pipistrellus nathusii,0.576,0.64,-1,Echolocation,/mnt/ubna_data_01/recover-20220822/UBNA_001/20220819_100000.WAV,recover-20220822,UBNA_001,Telephone Field
1549.4475,1549.4546,40078.0,50406.0,Pipistrellus nathusii,0.688,0.697,-1,Echolocation,/mnt/ubna_data_01/recover-20220822/UBNA_001/20220819_100000.WAV,recover-20220822,UBNA_001,Telephone Field
1549.5395,1549.5465,40078.0,51737.0,Pipistrellus nathusii,0.65,0.682,-1,Echolocation,/mnt/ubna_data_01/recover-20220822/UBNA_001/20220819_100000.WAV,recover-20220822,UBNA_001,Telephone Field
1549.6895,1549.6991,40078.0,55460.0,Pipistrellus nathusii,0.573,0.628,-1,Echolocation,/mnt/ubna_data_01/recover-20220822/UBNA_001/20220819_100000.WAV,recover-20220822,UBNA_001,Telephone Field
1549.7775,1549.7849,40078.0,56539.0,Pipistrellus nathusii,0.56,0.616,-1,Echolocation,/mnt/ubna_data_01/recover-20220822/UBNA_001/20220819_100000.WAV,recover-20220822,UBNA_001,Telephone Field
1549.9265,1549.9344,39218.0,61319.0,Pipistrellus nathusii,0.604,0.655,-1,Echolocation,/mnt/ubna_data_01/recover-20220822/UBNA_001/20220819_100000.WAV,recover-20220822,UBNA_001,Telephone Field
1550.0135,1550.0209,40078.0,56959.0,Pipistrellus nathusii,0.501,0.569,-1,Echolocation,/mnt/ubna_data_01/recover-20220822/UBNA_001/20220819_100000.WAV,recover-20220822,UBNA_001,Telephone Field
1550.1065,1550.1152,39218.0,65663.0,Pipistrellus nathusii,0.523,0.611,-1,Echolocation,/mnt/ubna_data_01/recover-20220822/UBNA_001/20220819_100000.WAV,recover-20220822,UBNA_001,Telephone Field
1550.2785,1550.2859,39218.0,65632.0,Pipistrellus nathusii,0.469,0.585,-1,Echolocation,/mnt/ubna_data_01/recover-20220822/UBNA_001/20220819_100000.WAV,recover-20220822,UBNA_001,Telephone Field
1550.3775,1550.385,38359.0,68129.0,Pipistrellus nathusii,0.511,0.613,-1,Echolocation,/mnt/ubna_data_01/recover-20220822/UBNA_001/20220819_100000.WAV,recover-20220822,UBNA_001,Telephone Field
1550.5575,1550.5656,39218.0,68739.0,Pipistrellus nathusii,0.549,0.608,-1,Echolocation,/mnt/ubna_data_01/recover-20220822/UBNA_001/20220819_100000.WAV,recover-20220822,UBNA_001,Telephone Field
1550.6555,1550.6635,39218.0,64735.0,Pipistrellus nathusii,0.629,0.675,-1,Echolocation,/mnt/ubna_data_01/recover-20220822/UBNA_001/20220819_100000.WAV,recover-20220822,UBNA_001,Telephone Field
1550.8375,1550.8449,38359.0,71164.0,Pipistrellus nathusii,0.643,0.682,-1,Echolocation,/mnt/ubna_data_01/recover-20220822/UBNA_001/20220819_100000.WAV,recover-20220822,UBNA_001,Telephone Field
1550.9345,1550.9416,39218.0,71471.0,Pipistrellus nathusii,0.602,0.666,-1,Echolocation,/mnt/ubna_data_01/recover-20220822/UBNA_001/20220819_100000.WAV,recover-20220822,UBNA_001,Telephone Field
1551.0345,1551.0413,37500.0,69156.0,Pipistrellus nathusii,0.617,0.658,-1,Echolocation,/mnt/ubna_data_01/recover-20220822/UBNA_001/20220819_100000.WAV,recover-20220822,UBNA_001,Telephone Field
1551.1365,1551.1446,37500.0,54310.0,Pipistrellus nathusii,0.495,0.549,-1,Echolocation,/mnt/ubna_data_01/recover-20220822/UBNA_001/20220819_100000.WAV,recover-20220822,UBNA_001,Telephone Field
1551.3265,1551.335,37500.0,67055.0,Pipistrellus nathusii,0.508,0.577,-1,Echolocation,/mnt/ubna_data_01/recover-20220822/UBNA_001/20220819_100000.WAV,recover-20220822,UBNA_001,Telephone Field
1551.4335,1551.442,38359.0,53305.0,Pipistrellus nathusii,0.54,0.591,-1,Echolocation,/mnt/ubna_data_01/recover-20220822/UBNA_001/20220819_100000.WAV,recover-20220822,UBNA_001,Telephone Field
1551.6915,1551.699,36640.0,68450.0,Pipistrellus nathusii,0.583,0.612,-1,Echolocation,/mnt/ubna_data_01/recover-20220822/UBNA_001/20220819_100000.WAV,recover-20220822,UBNA_001,Telephone Field
1551.7895,1551.8,36640.0,62814.0,Pipistrellus nathusii,0.366,0.511,-1,Echolocation,/mnt/ubna_data_01/recover-20220822/UBNA_001/20220819_100000.WAV,recover-20220822,UBNA_001,Telephone Field
1551.9945,1552.0027,42656.0,54147.0,Pipistrellus nathusii,0.435,0.517,-1,Echolocation,/mnt/ubna_data_01/recover-20220822/UBNA_001/20220819_100000.WAV,recover-20220822,UBNA_001,Telephone Field
1552.1815,1552.1913,37500.0,50584.0,Pipistrellus nathusii,0.504,0.614,-1,Echolocation,/mnt/ubna_data_01/recover-20220822/UBNA_001/20220819_100000.WAV,recover-20220822,UBNA_001,Telephone Field
1552.2715,1552.2814,37500.0,56044.0,Pipistrellus nathusii,0.449,0.56,-1,Echolocation,/mnt/ubna_data_01/recover-20220822/UBNA_001/20220819_100000.WAV,recover-20220822,UBNA_001,Telephone Field
1552.3685,1552.3769,38359.0,53736.0,Pipistrellus nathusii,0.454,0.605,-1,Echolocation,/mnt/ubna_data_01/recover-20220822/UBNA_001/20220819_100000.WAV,recover-20220822,UBNA_001,Telephone Field
1552.4705,1552.4786,39218.0,56448.0,Pipistrellus nathusii,0.566,0.648,-1,Echolocation,/mnt/ubna_data_01/recover-20220822/UBNA_001/20220819_100000.WAV,recover-20220822,UBNA_001,Telephone Field
1552.5685,1552.5777,38359.0,53936.0,Pipistrellus nathusii,0.583,0.645,-1,Echolocation,/mnt/ubna_data_01/recover-20220822/UBNA_001/20220819_100000.WAV,recover-20220822,UBNA_001,Telephone Field
1552.6765,1552.6878,38359.0,49766.0,Pipistrellus nathusii,0.464,0.515,-1,Echolocation,/mnt/ubna_data_01/recover-20220822/UBNA_001/20220819_100000.WAV,recover-20220822,UBNA_001,Telephone Field
1552.7815,1552.7913,39218.0,50307.0,Pipistrellus nathusii,0.505,0.569,-1,Echolocation,/mnt/ubna_data_01/recover-20220822/UBNA_001/20220819_100000.WAV,recover-20220822,UBNA_001,Telephone Field
1552.9765,1552.9826,35781.0,49800.0,Pipistrellus nathusii,0.358,0.589,-1,Echolocation,/mnt/ubna_data_01/recover-20220822/UBNA_001/20220819_100000.WAV,recover-20220822,UBNA_001,Telephone Field
1553.1775,1553.1834,37500.0,45369.0,Pipistrellus nathusii,0.372,0.507,-1,Echolocation,/mnt/ubna_data_01/recover-20220822/UBNA_001/20220819_100000.WAV,recover-20220822,UBNA_001,Telephone Field
1553.3805,1553.3874,37500.0,44621.0,Pipistrellus nathusii,0.44,0.528,-1,Echolocation,/mnt/ubna_data_01/recover-20220822/UBNA_001/20220819_100000.WAV,recover-20220822,UBNA_001,Telephone Field
1553.6615,1553.6692,37500.0,49063.0,Pipistrellus nathusii,0.536,0.603,-1,Echolocation,/mnt/ubna_data_01/recover-20220822/UBNA_001/20220819_100000.WAV,recover-20220822,UBNA_001,Telephone Field
1553.7645,1553.7713,38359.0,46089.0,Pipistrellus nathusii,0.452,0.525,-1,Echolocation,/mnt/ubna_data_01/recover-20220822/UBNA_001/20220819_100000.WAV,recover-20220822,UBNA_001,Telephone Field
1553.8655,1553.8742,37500.0,44954.0,Pipistrellus nathusii,0.547,0.588,-1,Echolocation,/mnt/ubna_data_01/recover-20220822/UBNA_001/20220819_100000.WAV,recover-20220822,UBNA_001,Telephone Field
1554.0645,1554.0732,39218.0,48099.0,Pipistrellus nathusii,0.496,0.619,-1,Echolocation,/mnt/ubna_data_01/recover-20220822/UBNA_001/20220819_100000.WAV,recover-20220822,UBNA_001,Telephone Field
1554.2505,1554.2585,38359.0,48081.0,Pipistrellus nathusii,0.598,0.668,-1,Echolocation,/mnt/ubna_data_01/recover-20220822/UBNA_001/20220819_100000.WAV,recover-20220822,UBNA_001,Telephone Field
1554.5545,1554.563,37500.0,46110.0,Pipistrellus nathusii,0.517,0.58,-1,Echolocation,/mnt/ubna_data_01/recover-20220822/UBNA_001/20220819_100000.WAV,recover-20220822,UBNA_001,Telephone Field
1554.6495,1554.6597,39218.0,55502.0,Pipistrellus nathusii,0.519,0.611,-1,Echolocation,/mnt/ubna_data_01/recover-20220822/UBNA_001/20220819_100000.WAV,recover-20220822,UBNA_001,Telephone Field
1554.8375,1554.8453,40078.0,51752.0,Pipistrellus nathusii,0.517,0.602,-1,Echolocation,/mnt/ubna_data_01/recover-20220822/UBNA_001/20220819_100000.WAV,recover-20220822,UBNA_001,Telephone Field
1554.9255,1554.932,40937.0,52201.0,Pipistrellus nathusii,0.435,0.513,-1,Echolocation,/mnt/ubna_data_01/recover-20220822/UBNA_001/20220819_100000.WAV,recover-20220822,UBNA_001,Telephone Field
1555.8265,1555.8365,40078.0,63115.0,Pipistrellus nathusii,0.474,0.597,-1,Echolocation,/mnt/ubna_data_01/recover-20220822/UBNA_001/20220819_100000.WAV,recover-20220822,UBNA_001,Telephone Field
1555.9185,1555.9278,40078.0,59059.0,Pipistrellus nathusii,0.561,0.61,-1,Echolocation,/mnt/ubna_data_01/recover-20220822/UBNA_001/20220819_100000.WAV,recover-20220822,UBNA_001,Telephone Field
1556.0855,1556.0951,39218.0,59540.0,Pipistrellus nathusii,0.475,0.529,-1,Echolocation,/mnt/ubna_data_01/recover-20220822/UBNA_001/20220819_100000.WAV,recover-20220822,UBNA_001,Telephone Field
1556.1785,1556.187,39218.0,56246.0,Pipistrellus nathusii,0.478,0.555,-1,Echolocation,/mnt/ubna_data_01/recover-20220822/UBNA_001/20220819_100000.WAV,recover-20220822,UBNA_001,Telephone Field
1556.3595,1556.3677,38359.0,56633.0,Pipistrellus nathusii,0.331,0.506,-1,Echolocation,/mnt/ubna_data_01/recover-20220822/UBNA_001/20220819_100000.WAV,recover-20220822,UBNA_001,Telephone Field
1556.4635,1556.4693,38359.0,51364.0,Pipistrellus nathusii,0.355,0.539,-1,Echolocation,/mnt/ubna_data_01/recover-20220822/UBNA_001/20220819_100000.WAV,recover-20220822,UBNA_001,Telephone Field
1556.6365,1556.6444,38359.0,47788.0,Pipistrellus nathusii,0.381,0.549,-1,Echolocation,/mnt/ubna_data_01/recover-20220822/UBNA_001/20220819_100000.WAV,recover-20220822,UBNA_001,Telephone Field
1556.8095,1556.8164,38359.0,49343.0,Pipistrellus nathusii,0.32,0.528,-1,Echolocation,/mnt/ubna_data_01/recover-20220822/UBNA_001/20220819_100000.WAV,recover-20220822,UBNA_001,Telephone Field
1559.6445,1559.6516,38359.0,46545.0,Pipistrellus nathusii,0.558,0.632,-1,Echolocation,/mnt/ubna_data_01/recover-20220822/UBNA_001/20220819_100000.WAV,recover-20220822,UBNA_001,Telephone Field
1559.7465,1559.7546,37500.0,45934.0,Pipistrellus nathusii,0.356,0.526,-1,Echolocation,/mnt/ubna_data_01/recover-20220822/UBNA_001/20220819_100000.WAV,recover-20220822,UBNA_001,Telephone Field
1559.8415,1559.8493,38359.0,49628.0,Pipistrellus nathusii,0.538,0.611,-1,Echolocation,/mnt/ubna_data_01/recover-20220822/UBNA_001/20220819_100000.WAV,recover-20220822,UBNA_001,Telephone Field
1560.2095,1560.2188,39218.0,45877.0,Pipistrellus nathusii,0.359,0.56,-1,Echolocation,/mnt/ubna_data_01/recover-20220822/UBNA_001/20220819_100000.WAV,recover-20220822,UBNA_001,Telephone Field
1652.8385,1652.843,47812.0,62259.0,Pipistrellus pipistrellus,0.464,0.567,-1,Echolocation,/mnt/ubna_data_01/recover-20220822/UBNA_001/20220819_100000.WAV,recover-20220822,UBNA_001,Telephone Field
1653.2425,1653.2468,47812.0,68051.0,Pipistrellus pipistrellus,0.55,0.644,-1,Echolocation,/mnt/ubna_data_01/recover-20220822/UBNA_001/20220819_100000.WAV,recover-20220822,UBNA_001,Telephone Field
1653.4325,1653.4373,47812.0,67801.0,Pipistrellus pipistrellus,0.552,0.654,-1,Echolocation,/mnt/ubna_data_01/recover-20220822/UBNA_001/20220819_100000.WAV,recover-20220822,UBNA_001,Telephone Field
1653.5765,1653.5809,46953.0,63398.0,Pipistrellus pipistrellus,0.528,0.598,-1,Echolocation,/mnt/ubna_data_01/recover-20220822/UBNA_001/20220819_100000.WAV,recover-20220822,UBNA_001,Telephone Field
1653.6375,1653.642,47812.0,66502.0,Pipistrellus pipistrellus,0.527,0.558,-1,Echolocation,/mnt/ubna_data_01/recover-20220822/UBNA_001/20220819_100000.WAV,recover-20220822,UBNA_001,Telephone Field
1653.7095,1653.714,47812.0,63155.0,Pipistrellus pipistrellus,0.564,0.634,-1,Echolocation,/mnt/ubna_data_01/recover-20220822/UBNA_001/20220819_100000.WAV,recover-20220822,UBNA_001,Telephone Field
1653.7715,1653.7763,47812.0,70594.0,Pipistrellus pipistrellus,0.43,0.577,-1,Echolocation,/mnt/ubna_data_01/recover-20220822/UBNA_001/20220819_100000.WAV,recover-20220822,UBNA_001,Telephone Field
1653.8385,1653.8425,46953.0,67335.0,Pipistrellus pipistrellus,0.494,0.589,-1,Echolocation,/mnt/ubna_data_01/recover-20220822/UBNA_001/20220819_100000.WAV,recover-20220822,UBNA_001,Telephone Field
1653.9025,1653.9073,47812.0,62533.0,Pipistrellus pipistrellus,0.537,0.641,-1,Echolocation,/mnt/ubna_data_01/recover-20220822/UBNA_001/20220819_100000.WAV,recover-20220822,UBNA_001,Telephone Field
1654.0445,1654.0479,47812.0,66865.0,Myotis alcathoe,0.264,0.599,-1,Echolocation,/mnt/ubna_data_01/recover-20220822/UBNA_001/20220819_100000.WAV,recover-20220822,UBNA_001,Telephone Field
1654.1085,1654.1126,48671.0,68930.0,Pipistrellus pipistrellus,0.338,0.565,-1,Echolocation,/mnt/ubna_data_01/recover-20220822/UBNA_001/20220819_100000.WAV,recover-20220822,UBNA_001,Telephone Field
1654.3955,1654.3993,47812.0,76290.0,Myotis alcathoe,0.343,0.504,-1,Echolocation,/mnt/ubna_data_01/recover-20220822/UBNA_001/20220819_100000.WAV,recover-20220822,UBNA_001,Telephone Field
1654.4965,1654.5004,48671.0,73271.0,Myotis alcathoe,0.293,0.523,-1,Echolocation,/mnt/ubna_data_01/recover-20220822/UBNA_001/20220819_100000.WAV,recover-20220822,UBNA_001,Telephone Field
1654.5625,1654.5662,47812.0,74562.0,Myotis alcathoe,0.341,0.521,-1,Echolocation,/mnt/ubna_data_01/recover-20220822/UBNA_001/20220819_100000.WAV,recover-20220822,UBNA_001,Telephone Field
1654.9585,1654.9634,41796.0,84986.0,Myotis alcathoe,0.431,0.574,-1,Echolocation,/mnt/ubna_data_01/recover-20220822/UBNA_001/20220819_100000.WAV,recover-20220822,UBNA_001,Telephone Field
1655.0265,1655.0296,41796.0,76962.0,Myotis alcathoe,0.395,0.513,-1,Echolocation,/mnt/ubna_data_01/recover-20220822/UBNA_001/20220819_100000.WAV,recover-20220822,UBNA_001,Telephone Field
1655.1145,1655.1189,42656.0,85724.0,Myotis alcathoe,0.45,0.637,-1,Echolocation,/mnt/ubna_data_01/recover-20220822/UBNA_001/20220819_100000.WAV,recover-20220822,UBNA_001,Telephone Field
1655.2185,1655.2228,40937.0,83738.0,Myotis alcathoe,0.294,0.535,-1,Echolocation,/mnt/ubna_data_01/recover-20220822/UBNA_001/20220819_100000.WAV,recover-20220822,UBNA_001,Telephone Field
1655.4685,1655.4725,47812.0,72714.0,Pipistrellus pipistrellus,0.396,0.51,-1,Echolocation,/mnt/ubna_data_01/recover-20220822/UBNA_001/20220819_100000.WAV,recover-20220822,UBNA_001,Telephone Field
1655.5375,1655.5411,42656.0,78328.0,Myotis alcathoe,0.335,0.577,-1,Echolocation,/mnt/ubna_data_01/recover-20220822/UBNA_001/20220819_100000.WAV,recover-20220822,UBNA_001,Telephone Field
1655.6055,1655.6101,40937.0,83568.0,Myotis alcathoe,0.429,0.565,-1,Echolocation,/mnt/ubna_data_01/recover-20220822/UBNA_001/20220819_100000.WAV,recover-20220822,UBNA_001,Telephone Field
1655.6875,1655.6918,41796.0,78988.0,Myotis alcathoe,0.325,0.704,-1,Echolocation,/mnt/ubna_data_01/recover-20220822/UBNA_001/20220819_100000.WAV,recover-20220822,UBNA_001,Telephone Field
1655.8185,1655.8224,45234.0,74073.0,Myotis alcathoe,0.299,0.52,-1,Echolocation,/mnt/ubna_data_01/recover-20220822/UBNA_001/20220819_100000.WAV,recover-20220822,UBNA_001,Telephone Field
1655.9085,1655.9123,48671.0,70586.0,Myotis alcathoe,0.287,0.548,-1,Echolocation,/mnt/ubna_data_01/recover-20220822/UBNA_001/20220819_100000.WAV,recover-20220822,UBNA_001,Telephone Field
1656.7445,1656.7472,52109.0,76644.0,Myotis alcathoe,0.24,0.545,-1,Echolocation,/mnt/ubna_data_01/recover-20220822/UBNA_001/20220819_100000.WAV,recover-20220822,UBNA_001,Telephone Field
1657.0355,1657.0377,52109.0,62717.0,Myotis alcathoe,0.241,0.561,-1,Echolocation,/mnt/ubna_data_01/recover-20220822/UBNA_001/20220819_100000.WAV,recover-20220822,UBNA_001,Telephone Field
1657.1975,1657.2018,44375.0,84786.0,Myotis brandtii,0.282,0.554,-1,Echolocation,/mnt/ubna_data_01/recover-20220822/UBNA_001/20220819_100000.WAV,recover-20220822,UBNA_001,Telephone Field
1657.2545,1657.2576,49531.0,77155.0,Myotis alcathoe,0.236,0.551,-1,Echolocation,/mnt/ubna_data_01/recover-20220822/UBNA_001/20220819_100000.WAV,recover-20220822,UBNA_001,Telephone Field
1657.3225,1657.3252,52109.0,80344.0,Myotis alcathoe,0.331,0.61,-1,Echolocation,/mnt/ubna_data_01/recover-20220822/UBNA_001/20220819_100000.WAV,recover-20220822,UBNA_001,Telephone Field
1657.3995,1657.4026,48671.0,73464.0,Myotis brandtii,0.194,0.57,-1,Echolocation,/mnt/ubna_data_01/recover-20220822/UBNA_001/20220819_100000.WAV,recover-20220822,UBNA_001,Telephone Field
1657.4825,1657.4871,41796.0,82322.0,Myotis brandtii,0.336,0.554,-1,Echolocation,/mnt/ubna_data_01/recover-20220822/UBNA_001/20220819_100000.WAV,recover-20220822,UBNA_001,Telephone Field
1657.5635,1657.5681,43515.0,84129.0,Myotis brandtii,0.312,0.545,-1,Echolocation,/mnt/ubna_data_01/recover-20220822/UBNA_001/20220819_100000.WAV,recover-20220822,UBNA_001,Telephone Field
1657.6425,1657.6464,40937.0,75370.0,Myotis brandtii,0.406,0.595,-1,Echolocation,/mnt/ubna_data_01/recover-20220822/UBNA_001/20220819_100000.WAV,recover-20220822,UBNA_001,Telephone Field
1657.7045,1657.7092,40937.0,81375.0,Myotis brandtii,0.375,0.575,-1,Echolocation,/mnt/ubna_data_01/recover-20220822/UBNA_001/20220819_100000.WAV,recover-20220822,UBNA_001,Telephone Field
1657.7785,1657.7825,43515.0,70994.0,Myotis brandtii,0.304,0.578,-1,Echolocation,/mnt/ubna_data_01/recover-20220822/UBNA_001/20220819_100000.WAV,recover-20220822,UBNA_001,Telephone Field
1659.3865,1659.3896,42656.0,64878.0,Myotis mystacinus,0.264,0.562,-1,Echolocation,/mnt/ubna_data_01/recover-20220822/UBNA_001/20220819_100000.WAV,recover-20220822,UBNA_001,Telephone Field
1659.4165,1659.4205,42656.0,72351.0,Myotis mystacinus,0.235,0.5,-1,Echolocation,/mnt/ubna_data_01/recover-20220822/UBNA_001/20220819_100000.WAV,recover-20220822,UBNA_001,Telephone Field
1659.5095,1659.5129,41796.0,74853.0,Myotis mystacinus,0.271,0.53,-1,Echolocation,/mnt/ubna_data_01/recover-20220822/UBNA_001/20220819_100000.WAV,recover-20220822,UBNA_001,Telephone Field
1659.5465,1659.5493,43515.0,71008.0,Myotis mystacinus,0.201,0.505,-1,Echolocation,/mnt/ubna_data_01/recover-20220822/UBNA_001/20220819_100000.WAV,recover-20220822,UBNA_001,Telephone Field
1659.5875,1659.5908,43515.0,70247.0,Myotis mystacinus,0.276,0.561,-1,Echolocation,/mnt/ubna_data_01/recover-20220822/UBNA_001/20220819_100000.WAV,recover-20220822,UBNA_001,Telephone Field
1659.6305,1659.6334,41796.0,73430.0,Myotis mystacinus,0.274,0.563,-1,Echolocation,/mnt/ubna_data_01/recover-20220822/UBNA_001/20220819_100000.WAV,recover-20220822,UBNA_001,Telephone Field
1659.7075,1659.7115,40078.0,78346.0,Myotis mystacinus,0.26,0.559,-1,Echolocation,/mnt/ubna_data_01/recover-20220822/UBNA_001/20220819_100000.WAV,recover-20220822,UBNA_001,Telephone Field
1659.8795,1659.8824,44375.0,76517.0,Myotis alcathoe,0.28,0.598,-1,Echolocation,/mnt/ubna_data_01/recover-20220822/UBNA_001/20220819_100000.WAV,recover-20220822,UBNA_001,Telephone Field
1659.9785,1659.9817,43515.0,79252.0,Myotis alcathoe,0.23,0.621,-1,Echolocation,/mnt/ubna_data_01/recover-20220822/UBNA_001/20220819_100000.WAV,recover-20220822,UBNA_001,Telephone Field
1660.0605,1660.064,48671.0,80443.0,Myotis alcathoe,0.39,0.629,-1,Echolocation,/mnt/ubna_data_01/recover-20220822/UBNA_001/20220819_100000.WAV,recover-20220822,UBNA_001,Telephone Field
1660.1165,1660.1201,46953.0,84479.0,Myotis alcathoe,0.448,0.676,-1,Echolocation,/mnt/ubna_data_01/recover-20220822/UBNA_001/20220819_100000.WAV,recover-20220822,UBNA_001,Telephone Field
1660.1725,1660.1758,46953.0,85656.0,Myotis alcathoe,0.375,0.605,-1,Echolocation,/mnt/ubna_data_01/recover-20220822/UBNA_001/20220819_100000.WAV,recover-20220822,UBNA_001,Telephone Field
1660.2515,1660.2551,45234.0,84855.0,Myotis alcathoe,0.269,0.514,-1,Echolocation,/mnt/ubna_data_01/recover-20220822/UBNA_001/20220819_100000.WAV,recover-20220822,UBNA_001,Telephone Field
1660.3075,1660.3118,44375.0,89918.0,Myotis alcathoe,0.472,0.661,-1,Echolocation,/mnt/ubna_data_01/recover-20220822/UBNA_001/20220819_100000.WAV,recover-20220822,UBNA_001,Telephone Field
1660.3655,1660.3692,44375.0,87353.0,Myotis alcathoe,0.358,0.583,-1,Echolocation,/mnt/ubna_data_01/recover-20220822/UBNA_001/20220819_100000.WAV,recover-20220822,UBNA_001,Telephone Field
1660.4215,1660.4251,40937.0,86580.0,Myotis mystacinus,0.207,0.548,-1,Echolocation,/mnt/ubna_data_01/recover-20220822/UBNA_001/20220819_100000.WAV,recover-20220822,UBNA_001,Telephone Field
1660.4755,1660.4786,44375.0,90224.0,Myotis alcathoe,0.405,0.674,-1,Echolocation,/mnt/ubna_data_01/recover-20220822/UBNA_001/20220819_100000.WAV,recover-20220822,UBNA_001,Telephone Field
1660.5455,1660.5488,45234.0,90136.0,Myotis alcathoe,0.432,0.623,-1,Echolocation,/mnt/ubna_data_01/recover-20220822/UBNA_001/20220819_100000.WAV,recover-20220822,UBNA_001,Telephone Field
1660.7185,1660.7221,42656.0,82907.0,Myotis alcathoe,0.427,0.647,-1,Echolocation,/mnt/ubna_data_01/recover-20220822/UBNA_001/20220819_100000.WAV,recover-20220822,UBNA_001,Telephone Field
1660.7775,1660.7803,44375.0,81118.0,Myotis alcathoe,0.349,0.627,-1,Echolocation,/mnt/ubna_data_01/recover-20220822/UBNA_001/20220819_100000.WAV,recover-20220822,UBNA_001,Telephone Field
1660.8335,1660.8361,42656.0,76239.0,Myotis alcathoe,0.198,0.588,-1,Echolocation,/mnt/ubna_data_01/recover-20220822/UBNA_001/20220819_100000.WAV,recover-20220822,UBNA_001,Telephone Field
1660.9205,1660.9237,46953.0,77797.0,Myotis alcathoe,0.445,0.612,-1,Echolocation,/mnt/ubna_data_01/recover-20220822/UBNA_001/20220819_100000.WAV,recover-20220822,UBNA_001,Telephone Field
1661.0115,1661.0147,45234.0,71200.0,Myotis alcathoe,0.253,0.607,-1,Echolocation,/mnt/ubna_data_01/recover-20220822/UBNA_001/20220819_100000.WAV,recover-20220822,UBNA_001,Telephone Field
1661.0645,1661.0683,49531.0,69112.0,Myotis mystacinus,0.364,0.549,-1,Echolocation,/mnt/ubna_data_01/recover-20220822/UBNA_001/20220819_100000.WAV,recover-20220822,UBNA_001,Telephone Field
1661.2035,1661.207,46093.0,70053.0,Myotis mystacinus,0.343,0.534,-1,Echolocation,/mnt/ubna_data_01/recover-20220822/UBNA_001/20220819_100000.WAV,recover-20220822,UBNA_001,Telephone Field
1661.2785,1661.282,45234.0,78376.0,Myotis alcathoe,0.385,0.574,-1,Echolocation,/mnt/ubna_data_01/recover-20220822/UBNA_001/20220819_100000.WAV,recover-20220822,UBNA_001,Telephone Field
1661.3335,1661.3365,44375.0,79236.0,Myotis alcathoe,0.378,0.719,-1,Echolocation,/mnt/ubna_data_01/recover-20220822/UBNA_001/20220819_100000.WAV,recover-20220822,UBNA_001,Telephone Field
1661.4705,1661.4733,43515.0,74181.0,Myotis alcathoe,0.325,0.606,-1,Echolocation,/mnt/ubna_data_01/recover-20220822/UBNA_001/20220819_100000.WAV,recover-20220822,UBNA_001,Telephone Field
1661.6125,1661.6149,49531.0,71088.0,Myotis alcathoe,0.435,0.57,-1,Echolocation,/mnt/ubna_data_01/recover-20220822/UBNA_001/20220819_100000.WAV,recover-20220822,UBNA_001,Telephone Field
1661.6745,1661.6772,50390.0,73210.0,Myotis alcathoe,0.422,0.591,-1,Echolocation,/mnt/ubna_data_01/recover-20220822/UBNA_001/20220819_100000.WAV,recover-20220822,UBNA_001,Telephone Field
1661.7515,1661.7544,49531.0,61987.0,Myotis alcathoe,0.281,0.527,-1,Echolocation,/mnt/ubna_data_01/recover-20220822/UBNA_001/20220819_100000.WAV,recover-20220822,UBNA_001,Telephone Field
1682.5515,1682.5572,37500.0,54436.0,Pipistrellus nathusii,0.211,0.501,-1,Echolocation,/mnt/ubna_data_01/recover-20220822/UBNA_001/20220819_100000.WAV,recover-20220822,UBNA_001,Telephone Field
1682.6605,1682.6674,38359.0,46581.0,Pipistrellus nathusii,0.375,0.517,-1,Echolocation,/mnt/ubna_data_01/recover-20220822/UBNA_001/20220819_100000.WAV,recover-20220822,UBNA_001,Telephone Field
1682.9545,1682.9612,39218.0,53742.0,Pipistrellus nathusii,0.457,0.581,-1,Echolocation,/mnt/ubna_data_01/recover-20220822/UBNA_001/20220819_100000.WAV,recover-20220822,UBNA_001,Telephone Field
1683.1775,1683.1847,37500.0,49949.0,Pipistrellus nathusii,0.334,0.529,-1,Echolocation,/mnt/ubna_data_01/recover-20220822/UBNA_001/20220819_100000.WAV,recover-20220822,UBNA_001,Telephone Field
1683.2845,1683.2953,38359.0,56900.0,Pipistrellus nathusii,0.444,0.518,-1,Echolocation,/mnt/ubna_data_01/recover-20220822/UBNA_001/20220819_100000.WAV,recover-20220822,UBNA_001,Telephone Field
1683.3885,1683.3958,37500.0,55158.0,Pipistrellus nathusii,0.444,0.563,-1,Echolocation,/mnt/ubna_data_01/recover-20220822/UBNA_001/20220819_100000.WAV,recover-20220822,UBNA_001,Telephone Field
1683.4765,1683.4825,38359.0,55281.0,Pipistrellus nathusii,0.392,0.555,-1,Echolocation,/mnt/ubna_data_01/recover-20220822/UBNA_001/20220819_100000.WAV,recover-20220822,UBNA_001,Telephone Field
1683.6345,1683.6414,39218.0,48150.0,Pipistrellus nathusii,0.319,0.505,-1,Echolocation,/mnt/ubna_data_01/recover-20220822/UBNA_001/20220819_100000.WAV,recover-20220822,UBNA_001,Telephone Field
1683.7305,1683.7374,37500.0,63642.0,Pipistrellus nathusii,0.308,0.524,-1,Echolocation,/mnt/ubna_data_01/recover-20220822/UBNA_001/20220819_100000.WAV,recover-20220822,UBNA_001,Telephone Field
1683.8445,1683.8514,37500.0,53776.0,Pipistrellus nathusii,0.273,0.562,-1,Echolocation,/mnt/ubna_data_01/recover-20220822/UBNA_001/20220819_100000.WAV,recover-20220822,UBNA_001,Telephone Field
1683.9535,1683.9599,38359.0,58077.0,Pipistrellus nathusii,0.296,0.549,-1,Echolocation,/mnt/ubna_data_01/recover-20220822/UBNA_001/20220819_100000.WAV,recover-20220822,UBNA_001,Telephone Field
1684.1685,1684.1759,40937.0,49470.0,Pipistrellus nathusii,0.384,0.52,-1,Echolocation,/mnt/ubna_data_01/recover-20220822/UBNA_001/20220819_100000.WAV,recover-20220822,UBNA_001,Telephone Field
1684.2285,1684.2347,45234.0,50522.0,Pipistrellus pipistrellus,0.498,0.571,-1,Echolocation,/mnt/ubna_data_01/recover-20220822/UBNA_001/20220819_100000.WAV,recover-20220822,UBNA_001,Telephone Field
1684.2765,1684.2828,37500.0,55727.0,Pipistrellus nathusii,0.357,0.503,-1,Echolocation,/mnt/ubna_data_01/recover-20220822/UBNA_001/20220819_100000.WAV,recover-20220822,UBNA_001,Telephone Field
1685.4305,1685.437,40937.0,57477.0,Pipistrellus nathusii,0.335,0.531,-1,Echolocation,/mnt/ubna_data_01/recover-20220822/UBNA_001/20220819_100000.WAV,recover-20220822,UBNA_001,Telephone Field
1685.5945,1685.6013,40078.0,57321.0,Pipistrellus nathusii,0.362,0.527,-1,Echolocation,/mnt/ubna_data_01/recover-20220822/UBNA_001/20220819_100000.WAV,recover-20220822,UBNA_001,Telephone Field
1686.2035,1686.2096,36640.0,54981.0,Pipistrellus nathusii,0.334,0.568,-1,Echolocation,/mnt/ubna_data_01/recover-20220822/UBNA_001/20220819_100000.WAV,recover-20220822,UBNA_001,Telephone Field
1686.2995,1686.3052,36640.0,54466.0,Pipistrellus nathusii,0.309,0.516,-1,Echolocation,/mnt/ubna_data_01/recover-20220822/UBNA_001/20220819_100000.WAV,recover-20220822,UBNA_001,Telephone Field
1686.9495,1686.9572,40078.0,51655.0,Pipistrellus nathusii,0.518,0.574,-1,Echolocation,/mnt/ubna_data_01/recover-20220822/UBNA_001/20220819_100000.WAV,recover-20220822,UBNA_001,Telephone Field
1687.1185,1687.1253,37500.0,57643.0,Pipistrellus nathusii,0.393,0.517,-1,Echolocation,/mnt/ubna_data_01/recover-20220822/UBNA_001/20220819_100000.WAV,recover-20220822,UBNA_001,Telephone Field
1687.2235,1687.2298,40078.0,51361.0,Pipistrellus nathusii,0.519,0.558,-1,Echolocation,/mnt/ubna_data_01/recover-20220822/UBNA_001/20220819_100000.WAV,recover-20220822,UBNA_001,Telephone Field
1687.3215,1687.3287,40078.0,47835.0,Pipistrellus nathusii,0.473,0.505,-1,Echolocation,/mnt/ubna_data_01/recover-20220822/UBNA_001/20220819_100000.WAV,recover-20220822,UBNA_001,Telephone Field
1687.5075,1687.5149,40078.0,48587.0,Pipistrellus nathusii,0.407,0.517,-1,Echolocation,/mnt/ubna_data_01/recover-20220822/UBNA_001/20220819_100000.WAV,recover-20220822,UBNA_001,Telephone Field
1687.6965,1687.7018,37500.0,53276.0,Pipistrellus nathusii,0.378,0.558,-1,Echolocation,/mnt/ubna_data_01/recover-20220822/UBNA_001/20220819_100000.WAV,recover-20220822,UBNA_001,Telephone Field
1687.7975,1687.8055,39218.0,47399.0,Pipistrellus nathusii,0.531,0.588,-1,Echolocation,/mnt/ubna_data_01/recover-20220822/UBNA_001/20220819_100000.WAV,recover-20220822,UBNA_001,Telephone Field
1688.3295,1688.3383,38359.0,52714.0,Pipistrellus nathusii,0.464,0.585,-1,Echolocation,/mnt/ubna_data_01/recover-20220822/UBNA_001/20220819_100000.WAV,recover-20220822,UBNA_001,Telephone Field
1689.0155,1689.0236,40078.0,46144.0,Pipistrellus nathusii,0.489,0.511,-1,Echolocation,/mnt/ubna_data_01/recover-20220822/UBNA_001/20220819_100000.WAV,recover-20220822,UBNA_001,Telephone Field
1690.1385,1690.1448,40937.0,51850.0,Pipistrellus nathusii,0.412,0.535,-1,Echolocation,/mnt/ubna_data_01/recover-20220822/UBNA_001/20220819_100000.WAV,recover-20220822,UBNA_001,Telephone Field
1690.2305,1690.2363,39218.0,53647.0,Pipistrellus nathusii,0.377,0.526,-1,Echolocation,/mnt/ubna_data_01/recover-20220822/UBNA_001/20220819_100000.WAV,recover-20220822,UBNA_001,Telephone Field
1690.8685,1690.8748,39218.0,59146.0,Pipistrellus nathusii,0.298,0.512,-1,Echolocation,/mnt/ubna_data_01/recover-20220822/UBNA_001/20220819_100000.WAV,recover-20220822,UBNA_001,Telephone Field
1691.8375,1691.8439,37500.0,53986.0,Pipistrellus nathusii,0.277,0.541,-1,Echolocation,/mnt/ubna_data_01/recover-20220822/UBNA_001/20220819_100000.WAV,recover-20220822,UBNA_001,Telephone Field
1691.9495,1691.957,38359.0,60866.0,Pipistrellus nathusii,0.291,0.514,-1,Echolocation,/mnt/ubna_data_01/recover-20220822/UBNA_001/20220819_100000.WAV,recover-20220822,UBNA_001,Telephone Field
1692.0555,1692.0632,39218.0,65425.0,Pipistrellus nathusii,0.474,0.598,-1,Echolocation,/mnt/ubna_data_01/recover-20220822/UBNA_001/20220819_100000.WAV,recover-20220822,UBNA_001,Telephone Field
1692.1645,1692.1706,40078.0,52258.0,Pipistrellus nathusii,0.475,0.514,-1,Echolocation,/mnt/ubna_data_01/recover-20220822/UBNA_001/20220819_100000.WAV,recover-20220822,UBNA_001,Telephone Field
1692.3345,1692.342,39218.0,56690.0,Pipistrellus nathusii,0.619,0.679,-1,Echolocation,/mnt/ubna_data_01/recover-20220822/UBNA_001/20220819_100000.WAV,recover-20220822,UBNA_001,Telephone Field
1692.4295,1692.4375,38359.0,60411.0,Pipistrellus nathusii,0.666,0.7,-1,Echolocation,/mnt/ubna_data_01/recover-20220822/UBNA_001/20220819_100000.WAV,recover-20220822,UBNA_001,Telephone Field
1692.5115,1692.5187,40937.0,50011.0,Pipistrellus nathusii,0.69,0.721,-1,Echolocation,/mnt/ubna_data_01/recover-20220822/UBNA_001/20220819_100000.WAV,recover-20220822,UBNA_001,Telephone Field
1692.6035,1692.6126,39218.0,61504.0,Pipistrellus nathusii,0.647,0.693,-1,Echolocation,/mnt/ubna_data_01/recover-20220822/UBNA_001/20220819_100000.WAV,recover-20220822,UBNA_001,Telephone Field
1692.9465,1692.9538,37500.0,56607.0,Pipistrellus nathusii,0.517,0.578,-1,Echolocation,/mnt/ubna_data_01/recover-20220822/UBNA_001/20220819_100000.WAV,recover-20220822,UBNA_001,Telephone Field
1693.1685,1693.1763,38359.0,47804.0,Pipistrellus nathusii,0.528,0.584,-1,Echolocation,/mnt/ubna_data_01/recover-20220822/UBNA_001/20220819_100000.WAV,recover-20220822,UBNA_001,Telephone Field
1693.2715,1693.2797,37500.0,53220.0,Pipistrellus nathusii,0.506,0.579,-1,Echolocation,/mnt/ubna_data_01/recover-20220822/UBNA_001/20220819_100000.WAV,recover-20220822,UBNA_001,Telephone Field
1693.3805,1693.3889,37500.0,45939.0,Pipistrellus nathusii,0.648,0.692,-1,Echolocation,/mnt/ubna_data_01/recover-20220822/UBNA_001/20220819_100000.WAV,recover-20220822,UBNA_001,Telephone Field
1693.4925,1693.5,39218.0,46543.0,Pipistrellus nathusii,0.433,0.559,-1,Echolocation,/mnt/ubna_data_01/recover-20220822/UBNA_001/20220819_100000.WAV,recover-20220822,UBNA_001,Telephone Field
1693.5995,1693.606,37500.0,53844.0,Pipistrellus nathusii,0.669,0.71,-1,Echolocation,/mnt/ubna_data_01/recover-20220822/UBNA_001/20220819_100000.WAV,recover-20220822,UBNA_001,Telephone Field
1693.7095,1693.7163,37500.0,50508.0,Pipistrellus nathusii,0.56,0.631,-1,Echolocation,/mnt/ubna_data_01/recover-20220822/UBNA_001/20220819_100000.WAV,recover-20220822,UBNA_001,Telephone Field
1693.8195,1693.8265,38359.0,46393.0,Pipistrellus nathusii,0.537,0.564,-1,Echolocation,/mnt/ubna_data_01/recover-20220822/UBNA_001/20220819_100000.WAV,recover-20220822,UBNA_001,Telephone Field
1693.9195,1693.9274,39218.0,53103.0,Pipistrellus nathusii,0.429,0.531,-1,Echolocation,/mnt/ubna_data_01/recover-20220822/UBNA_001/20220819_100000.WAV,recover-20220822,UBNA_001,Telephone Field
1699.6995,1699.7077,37500.0,48192.0,Pipistrellus nathusii,0.463,0.575,-1,Echolocation,/mnt/ubna_data_01/recover-20220822/UBNA_001/20220819_100000.WAV,recover-20220822,UBNA_001,Telephone Field
1699.9025,1699.9101,39218.0,47454.0,Pipistrellus nathusii,0.569,0.615,-1,Echolocation,/mnt/ubna_data_01/recover-20220822/UBNA_001/20220819_100000.WAV,recover-20220822,UBNA_001,Telephone Field
1768.7215,1768.7262,36640.0,51045.0,Myotis daubentonii,0.361,0.508,-1,Echolocation,/mnt/ubna_data_01/recover-20220822/UBNA_001/20220819_100000.WAV,recover-20220822,UBNA_001,Telephone Field
1770.2155,1770.2224,37500.0,63706.0,Pipistrellus nathusii,0.212,0.502,-1,Echolocation,/mnt/ubna_data_01/recover-20220822/UBNA_001/20220819_100000.WAV,recover-20220822,UBNA_001,Telephone Field
1770.4865,1770.4933,38359.0,61083.0,Pipistrellus nathusii,0.242,0.509,-1,Echolocation,/mnt/ubna_data_01/recover-20220822/UBNA_001/20220819_100000.WAV,recover-20220822,UBNA_001,Telephone Field
1773.1565,1773.1631,32343.0,60587.0,Pipistrellus nathusii,0.187,0.507,-1,Echolocation,/mnt/ubna_data_01/recover-20220822/UBNA_001/20220819_100000.WAV,recover-20220822,UBNA_001,Telephone Field
1773.5645,1773.5712,38359.0,64593.0,Pipistrellus nathusii,0.225,0.508,-1,Echolocation,/mnt/ubna_data_01/recover-20220822/UBNA_001/20220819_100000.WAV,recover-20220822,UBNA_001,Telephone Field
1773.6685,1773.6754,37500.0,66306.0,Pipistrellus nathusii,0.36,0.525,-1,Echolocation,/mnt/ubna_data_01/recover-20220822/UBNA_001/20220819_100000.WAV,recover-20220822,UBNA_001,Telephone Field
1774.0625,1774.0689,34921.0,69603.0,Myotis daubentonii,0.331,0.531,-1,Echolocation,/mnt/ubna_data_01/recover-20220822/UBNA_001/20220819_100000.WAV,recover-20220822,UBNA_001,Telephone Field
1774.1545,1774.1601,34062.0,76818.0,Myotis brandtii,0.343,0.529,-1,Echolocation,/mnt/ubna_data_01/recover-20220822/UBNA_001/20220819_100000.WAV,recover-20220822,UBNA_001,Telephone Field
1774.2545,1774.2599,40078.0,59302.0,Myotis daubentonii,0.281,0.544,-1,Echolocation,/mnt/ubna_data_01/recover-20220822/UBNA_001/20220819_100000.WAV,recover-20220822,UBNA_001,Telephone Field
1774.6815,1774.6862,41796.0,60154.0,Myotis daubentonii,0.321,0.523,-1,Echolocation,/mnt/ubna_data_01/recover-20220822/UBNA_001/20220819_100000.WAV,recover-20220822,UBNA_001,Telephone Field
1774.7605,1774.7661,36640.0,73284.0,Myotis daubentonii,0.26,0.521,-1,Echolocation,/mnt/ubna_data_01/recover-20220822/UBNA_001/20220819_100000.WAV,recover-20220822,UBNA_001,Telephone Field
1774.9475,1774.9539,34921.0,73281.0,Myotis daubentonii,0.289,0.53,-1,Echolocation,/mnt/ubna_data_01/recover-20220822/UBNA_001/20220819_100000.WAV,recover-20220822,UBNA_001,Telephone Field
1775.2225,1775.2268,40078.0,55946.0,Myotis daubentonii,0.279,0.54,-1,Echolocation,/mnt/ubna_data_01/recover-20220822/UBNA_001/20220819_100000.WAV,recover-20220822,UBNA_001,Telephone Field
1775.3195,1775.3236,40937.0,56591.0,Myotis daubentonii,0.286,0.512,-1,Echolocation,/mnt/ubna_data_01/recover-20220822/UBNA_001/20220819_100000.WAV,recover-20220822,UBNA_001,Telephone Field
1778.7275,1778.735,40078.0,48452.0,Pipistrellus nathusii,0.387,0.547,-1,Echolocation,/mnt/ubna_data_01/recover-20220822/UBNA_001/20220819_100000.WAV,recover-20220822,UBNA_001,Telephone Field
